52 1750
21 32 376694879
11 13 704115051
1 41 883739534
1 2 451686772
1 10 661218803
39 1 803489201
15 20 726911842
7 16 114208850
1 25 524193793
48 22 654426546
28 1 924479003
46 12 252820029
1 39 747203893
38 20 264585636
23 29 301414906
19 48 486718490
43 6 879203299
2 1 639897137
8 6 48535402
44 1 152037774
20 35 573646318
17 23 805222438
30 24 68882045
43 29 988998555
1 20 980219632
1 46 78034881
27 41 982411425
43 29 157947987
1 38 320233530
33 25 39970673
4 32 653057009
39 1 172729447
2 1 411379498
1 24 471841252
51 2 84930314
19 10 648204582
12 1 862511592
19 2 740943366
24 1 621342284
2 47 122590989
10 47 387373138
26 5 910247031
13 14 361825504
27 11 566775978
46 17 740236954
14 23 200638966
3 1 703117582
4 18 286230381
7 6 513467717
6 36 811739823
13 5 580789188
32 35 520798318
23 1 932993626
1 10 557691422
1 39 399033076
1 9 473738264
4 25 958447578
24 43 973091344
35 1 734011710
31 26 431288694
42 1 392469108
29 39 623548144
18 50 894099241
10 26 394865329
7 22 263006553
16 41 356004256
44 1 551938040
2 1 169310422
9 45 614067836
39 36 824241462
51 48 476342037
31 16 907322079
50 33 461297148
11 5 489639496
16 18 66678393
9 43 469159364
18 40 721414620
37 2 238981985
42 14 509334578
41 48 61919069
22 1 288288855
51 35 901407294
36 1 785707485
34 49 112209218
3 42 319022302
45 23 889584770
35 1 217591583
23 7 33406844
18 44 419129029
44 3 249618381
1 32 428024986
5 1 624380828
30 35 775181505
4 1 180537418
2 36 619077348
45 6 925737960
10 41 897236377
24 52 209820674
31 11 636285052
46 47 380294284
40 19 492472948
51 41 604054811
21 26 930852512
1 25 888995828
34 15 403496048
36 46 980364168
1 5 596453406
34 1 879956124
14 20 800220581
36 1 615248429
17 38 719359030
8 33 896500005
6 1 891317315
19 7 987862307
50 1 90242302
22 45 320246314
45 10 481801324
15 38 95576053
51 10 998797120
34 48 221404956
34 16 665824889
30 1 501132210
4 37 227538461
19 45 491820313
18 39 727124194
6 1 431900006
12 1 128124704
17 11 109421387
40 8 930551145
2 8 613237360
47 1 63621424
8 33 751795975
39 1 837530865
31 50 659539301
33 4 741301617
44 1 992139816
48 47 124570807
14 9 710629225
14 23 18552538
17 25 844738194
32 2 85223691
2 20 539596433
35 7 566848661
45 12 867160347
26 11 86301027
27 1 614968559
1 18 335460672
49 33 507240629
1 18 125592503
11 19 67009597
30 27 83643834
17 2 870697799
9 22 329641458
30 1 633928901
23 9 866567973
41 32 441611358
45 35 664636605
8 11 138491366
30 19 250362744
32 7 125167248
12 16 189955703
1 6 745559393
33 31 690926
5 52 73358651
1 36 492609911
31 43 161990641
12 1 248526552
28 26 217611151
52 16 836454281
2 52 420311226
45 33 899717448
21 48 796463279
1 35 741094056
1 19 315194165
48 46 787237342
49 42 951572054
19 41 612935737
23 38 251197596
40 43 802861619
1 41 71244975
13 48 244994478
44 19 997314485
28 17 786396016
20 1 697002165
28 1 442572876
7 38 753753354
29 43 386015496
1 50 657141539
46 39 403259742
34 1 397358051
1 3 322930016
8 1 643942771
25 22 286491501
39 38 671517715
1 37 847022344
4 21 530537600
20 41 192850791
26 52 831809698
1 45 23089878
9 30 190346193
1 18 590750170
7 12 148628159
1 22 982250331
1 43 562683368
29 19 857166385
7 27 898813396
1 26 929986588
46 1 625264206
1 40 184176729
6 29 993083899
43 32 418439233
8 39 793544021
17 24 288551685
1 13 129737489
23 2 1134596
48 7 286933534
12 50 590040022
19 17 937839619
32 20 187206105
13 7 441493945
32 23 646183767
13 19 167052771
20 41 164786256
1 16 273872737
18 1 665909828
37 50 907688754
50 4 362253090
47 1 745616390
44 47 721235764
31 13 206497231
33 15 42885832
14 10 412900078
26 4 766662379
26 45 144281427
2 44 65145284
21 29 890824067
1 16 141542675
16 9 559892606
37 1 52461221
34 44 649493934
35 5 889561392
31 20 107521909
47 1 699476870
1 31 265418064
1 14 598930908
12 50 188625644
29 19 878150404
26 1 26201745
22 28 294799960
1 25 589775032
2 36 27878113
11 37 704928977
45 36 350497540
29 1 24564304
1 11 737780820
26 11 890130940
46 1 20438148
16 52 448823603
32 42 633475461
32 12 578419919
44 30 301752020
28 5 874616139
1 2 279886838
29 41 648689002
1 11 376752845
44 1 477505848
43 31 515252165
44 1 559561870
34 15 994490158
15 7 159909760
31 5 275379612
22 13 29973710
37 1 583826756
36 1 451329269
24 13 155866900
1 21 586749842
17 5 750281134
1 43 891095001
38 52 589932964
38 1 462906535
26 1 726813135
14 7 68902521
4 51 484447732
8 1 209670409
15 10 434156033
3 29 62604799
9 12 101989961
12 1 413538623
1 27 601068579
50 36 472685469
16 41 768596912
22 12 236860867
37 13 296348787
22 41 235718856
51 5 11538259
46 31 717621183
1 12 286306941
17 41 765094789
8 37 268845209
43 1 57347478
31 48 154126390
33 7 708479861
15 41 238953827
29 40 622837349
47 1 177344558
19 52 853828140
18 20 825074668
1 45 321874938
1 14 839012130
25 2 846689376
14 1 87211924
32 39 54740414
9 1 797259292
24 43 683271463
22 41 656427622
3 19 740866826
40 41 555111181
25 26 155305664
8 1 401329379
39 16 787575066
38 29 609811448
18 25 301172840
33 47 144831027
1 44 669140827
7 23 871266864
1 29 495207896
1 13 743308752
44 45 946774719
1 19 663062505
20 4 761163338
4 48 87163400
20 1 179981860
1 16 174055775
41 48 900393654
22 40 33508619
38 49 27896597
1 28 860008078
10 1 677957880
40 13 412225360
1 50 177146543
1 15 239981415
18 51 513078549
1 4 731709425
45 46 219864646
22 8 104258395
1 26 515521330
25 28 896742314
44 18 661621078
33 46 416088358
7 26 822720715
36 1 591676240
40 1 489520685
1 20 540193312
17 12 355407138
32 38 601094375
33 7 481356227
42 48 957475684
14 1 34565884
6 1 274848765
17 1 671757626
4 44 340625334
1 31 709607913
1 51 793373085
1 48 329931570
10 39 22494178
4 41 957265681
17 12 926511695
1 52 955458761
44 40 488286020
45 41 437020320
44 8 540814585
5 1 101146651
50 26 849004764
36 34 993221535
23 31 467417903
2 1 420579379
39 1 106132342
17 1 923450708
42 5 562923128
45 41 533303513
24 45 893007549
1 34 221133797
8 29 542340799
26 19 63652490
11 26 91539359
1 30 666212895
33 12 478377115
9 29 26933438
7 18 319927925
1 6 724733838
1 40 599788683
22 3 367838574
3 2 47551365
11 19 519641834
34 46 886810314
31 1 806662477
43 31 387668627
35 30 790001993
29 12 481239444
48 1 633903042
1 49 667355274
24 44 513075360
10 1 369837129
18 1 251349027
1 36 297675479
1 26 901879508
1 11 841533423
2 36 207949453
33 1 311264270
14 5 230250911
21 23 722098290
33 15 507807109
47 10 637925829
19 39 707010711
29 31 446112964
1 46 753035864
1 21 159579657
36 1 420273357
4 5 652047948
23 48 205746647
19 50 973401408
48 50 146374290
38 15 139277399
1 24 412708468
11 7 945388440
1 39 547753241
1 45 664757171
1 11 166062739
13 16 735957629
35 4 838446579
18 12 870356311
27 13 89844090
1 25 549300224
1 23 566666584
25 1 611495560
1 50 736226156
40 49 493196775
24 39 137514468
51 42 989284431
33 9 548143506
44 9 314778211
9 14 905595189
18 40 776073415
45 39 537322084
9 24 675366718
42 48 746156616
1 33 461694274
8 38 432862094
1 34 953857135
1 42 681782964
47 1 655027615
31 1 634126180
1 5 720314040
25 13 128281598
12 5 64794568
1 13 601444302
48 18 116641600
19 49 172923946
13 25 976001452
17 50 89787382
51 33 595292695
18 10 184258087
21 8 965683757
1 23 591592755
25 1 83965785
43 1 868046585
1 52 298366202
4 20 689239862
2 1 735011326
40 44 329583839
43 39 334397901
5 1 827893561
46 1 705168228
13 24 60523491
38 2 602347046
16 43 429187265
13 1 911225218
27 47 839597991
16 26 499624583
16 22 114474132
3 24 187872525
17 16 799965958
1 33 938621089
38 50 236378341
35 30 86782156
32 25 210929798
18 47 430918327
29 28 857296111
20 24 828105803
20 1 502757273
1 40 485938894
18 42 679596200
1 32 666534761
46 44 947937337
26 52 748719493
5 4 160826865
34 11 255968773
1 15 343129816
27 1 875184718
24 22 88879155
9 1 154988861
1 10 344428813
23 14 871088379
2 30 939359626
52 22 58215602
13 30 155077448
22 40 666188443
37 52 640284524
45 35 747392623
38 36 924584236
39 22 904363398
1 36 98600223
9 5 720601559
20 21 801307420
6 14 767936340
1 42 976385087
1 22 998880791
1 10 257694113
42 1 266053972
34 30 10709638
52 1 714001357
22 39 180023621
31 1 557449274
33 1 211431763
3 1 886153251
1 47 809026034
37 38 240060470
15 1 739822731
27 10 945402620
26 44 287191155
47 8 315557494
1 6 253615856
8 27 233341423
17 1 548538612
13 18 369504284
27 44 226182527
9 19 523609968
18 11 842240300
11 42 348216668
40 7 154252381
9 26 282177198
1 31 624841418
26 1 480928703
2 17 633012691
4 42 740320351
2 37 823300235
52 13 355307747
16 3 893116559
17 1 283085469
32 15 524460892
45 29 399338647
1 46 33844328
5 42 792241942
6 41 382816348
29 25 780226000
36 1 962401923
18 1 173882870
1 47 703073537
13 1 694920789
44 50 177727205
1 24 10424517
22 1 234697043
6 9 835690630
16 34 333522434
18 1 43082921
2 24 812364971
44 9 446606718
10 35 680083914
26 20 539910528
10 44 364859782
34 11 853684068
7 1 303855230
5 47 502191504
34 1 709273880
42 1 200460419
39 27 493717439
28 22 858592570
1 9 988899805
38 1 856647805
37 47 370811707
21 8 207352515
52 42 551013685
1 29 757308682
25 51 317269399
27 1 579037443
16 9 938349943
20 25 62518146
24 20 393039063
2 49 834506904
2 1 705505743
8 1 270481391
25 51 446167150
28 1 352413317
1 21 695707980
24 34 930237073
38 2 312754678
1 24 874777395
1 14 187480942
1 42 10635177
35 13 875334255
15 47 297824041
27 1 696675952
3 33 53810198
40 24 886104550
11 18 430245941
27 43 781508647
38 13 545341681
1 22 612685786
32 39 979373859
1 13 976441075
44 4 180129539
40 19 531322678
28 10 648126327
14 10 917923355
1 36 376060137
29 24 363481705
39 35 69609192
6 24 42190797
38 40 396586971
28 50 762392437
42 41 371707232
23 44 899391809
1 41 449743375
31 40 207508296
7 46 201369506
1 24 831401155
14 23 786913592
10 43 620053456
15 43 603227448
1 26 485734854
12 1 518383773
33 1 364347409
50 7 284749524
23 34 91181254
40 25 623863019
28 45 328331840
18 41 464815116
1 44 115626951
37 8 223024291
2 1 727386251
2 4 909455105
25 23 195498680
52 27 283234178
22 30 69169293
1 35 68477703
1 38 402842082
31 41 266194587
1 33 39122554
39 52 451346223
21 41 51122355
3 1 811928189
11 18 120961321
27 43 591650279
15 11 881797947
12 47 503220073
31 25 533671795
18 35 608420874
10 1 597047375
28 1 50113766
9 1 202371695
48 49 238954715
34 48 706105576
47 48 776790057
41 7 38181255
1 41 253131632
29 9 970218928
17 40 681314883
33 40 9791746
1 14 977491325
29 1 313031452
35 28 437311716
1 13 387696257
24 1 137891747
51 37 529223730
47 38 901484643
1 45 298494107
21 1 654796165
3 1 335745270
24 50 538562151
9 32 23282468
12 20 380751851
10 1 664362457
50 13 98787929
6 1 649127786
30 38 843963873
1 21 151316574
36 11 135383967
44 46 503037812
52 40 87013016
37 48 349058336
1 43 219727220
33 44 348158231
49 31 268982270
4 1 970748757
1 23 629404951
35 1 149744115
20 40 228721781
48 10 814225984
50 49 506735689
16 47 181536422
43 12 916231751
27 33 779189220
1 20 679259441
14 27 904473745
29 34 213800658
1 41 159844487
11 38 171742220
42 40 171612709
34 4 696038639
44 35 798083439
42 1 328433290
22 36 390315822
32 41 245179490
1 18 171748077
21 1 128111503
21 16 268343917
29 10 632681542
44 4 381528121
1 5 114849230
19 25 386037974
51 27 723675834
33 5 624073752
1 46 828068238
13 1 390105633
39 27 839605105
35 14 9044192
3 25 895167532
29 40 686813384
15 1 259679996
40 9 916089717
1 41 875787881
47 14 38476002
10 28 816359571
16 18 72686082
28 11 606658099
40 4 455362613
1 47 915049481
52 48 496652511
24 5 395725991
33 48 86484165
4 17 17867141
1 13 847808968
17 1 971800847
3 1 737641631
1 42 49923
47 51 949563211
38 42 571791012
19 5 806620699
32 14 726771354
36 32 121654918
1 22 564619882
8 1 341598150
26 8 652756299
52 35 148368596
30 29 359899396
1 19 288472968
23 47 364093702
48 24 464421753
42 12 711644721
34 1 207194488
23 29 562808276
19 1 651267553
4 9 405294851
37 16 856759895
26 51 722610665
18 29 980786000
17 1 95343641
17 8 473616480
47 22 445035475
1 16 197098077
52 42 369669051
1 35 46742174
32 7 132899051
1 3 307511739
40 23 420022063
41 1 22615901
1 2 462812178
1 34 899146368
13 45 210120239
32 45 383109492
30 13 778494477
19 48 183789867
36 30 268955124
22 42 550297181
31 47 92243182
1 26 875473692
47 5 542555379
48 22 477859347
2 20 365433927
1 3 347104296
30 41 184813452
47 29 43303948
21 1 866721474
1 45 789778460
39 1 731258274
22 1 862393751
1 47 624998591
32 22 868743669
12 1 761166393
18 1 173039489
39 2 12318075
17 19 586715560
33 38 846693146
3 1 513490517
27 17 695021132
4 1 580942300
15 24 791458731
46 14 749059272
20 1 551398050
19 1 73043476
9 25 611307977
36 50 476572184
2 15 670112381
28 40 676170729
1 34 999974684
28 7 390904886
18 13 476011631
8 13 671041854
50 24 386348422
51 26 287085814
7 8 902467971
32 40 933029217
1 17 282002809
12 29 106078423
49 1 409917570
44 24 175153702
20 3 766829276
42 7 755514213
34 32 542910416
1 27 642194253
1 46 489698552
29 1 550870577
32 3 977537464
40 22 362512847
30 21 494401820
30 23 389735177
43 22 583214698
11 26 952352610
49 9 157086521
21 1 117682792
28 3 186306019
42 45 800563027
11 36 392367979
41 47 587116958
38 21 233937539
31 50 409833855
1 25 96735088
2 18 55607421
1 13 381783690
32 13 215893021
51 47 507127207
48 4 320554077
47 1 473256263
27 39 273066648
18 25 141724105
1 47 306557720
10 28 437609129
1 16 548195275
20 24 821999432
20 45 253569104
51 19 906691918
11 1 561289564
41 1 240211910
44 10 172144472
26 31 470806477
31 5 57187996
11 50 842147800
47 19 169784546
29 1 478163543
9 18 949065637
28 39 296727908
38 4 141733786
11 30 90617506
25 18 628343657
15 44 390198314
22 35 576879156
52 39 792559679
35 1 570592586
1 31 357153548
45 43 544495621
15 1 973528952
1 43 317312162
1 39 619828123
1 30 840987164
4 46 978525258
1 21 683882630
36 25 174164548
51 1 506734631
3 6 382950194
14 45 442803296
1 5 437992457
38 39 372726380
19 33 816716477
5 4 993732510
7 1 83617652
5 36 286729838
1 47 819766406
51 45 259044811
1 19 432391058
31 40 461928845
21 1 629547937
1 46 601176825
52 1 740477961
19 50 101663295
38 44 56411491
29 44 905381484
32 36 731057616
1 4 277838584
1 3 86102306
8 34 554732741
44 24 533709498
36 16 947137538
19 3 105533619
27 22 502859529
2 1 609823603
42 18 135412633
26 25 882271872
42 19 269388272
7 25 906036007
11 33 243819557
29 1 603945427
28 1 799898462
16 19 515629349
1 39 516597380
33 52 381037765
1 6 50687340
48 42 4698776
42 22 356041980
35 1 433970333
28 46 43686619
28 7 658793451
1 7 571194120
40 1 444104603
52 48 393456482
2 19 688948525
38 24 994049932
36 47 560974100
24 43 999348132
10 27 813228668
12 1 89069514
34 30 735737863
6 4 640363803
3 34 513311060
8 48 892080703
18 34 762473457
40 36 299957567
14 1 774318224
1 41 565518568
49 20 393813553
50 33 11056989
22 33 798831939
51 1 642901535
1 6 146614944
35 36 214774094
22 6 430215202
28 4 562683566
12 26 490830388
1 26 110890826
7 47 659614071
15 28 867633131
1 10 364310814
21 26 236979806
50 42 717258220
46 26 866705205
21 45 884525112
1 32 213666812
1 50 761381288
29 18 164912048
21 7 244378846
4 5 361659591
49 34 615115300
34 12 619308249
11 25 221740846
1 20 199121093
34 1 402140495
38 34 37653064
9 1 780681216
1 25 232637909
25 18 843732478
47 31 46031925
14 1 602521849
11 23 449594929
31 14 540879598
19 1 773221485
27 1 126792832
52 26 567499950
43 1 709481528
20 1 512510514
1 51 701746119
7 49 769696144
1 4 55154220
42 29 58198654
41 21 391690013
12 45 570850008
29 2 63399315
1 30 481195653
3 9 436161453
50 1 269013701
44 46 318023461
49 17 695961094
13 4 777083891
1 3 410891287
19 37 196955410
44 1 147077704
11 1 809486912
1 34 345904607
16 48 316394938
40 22 779783952
29 1 401976652
48 1 798519276
1 13 314413294
35 48 521024599
20 52 379386562
1 2 808913107
45 8 888214822
1 20 832116211
43 42 227324423
31 1 130020796
8 36 948830558
34 39 437426418
1 21 546442683
5 20 33616480
29 5 118002960
8 17 547262857
1 3 343427681
41 8 516953963
24 1 41304348
1 46 786366809
14 18 22441620
41 3 717989387
6 5 361145227
14 1 437385595
17 20 870561160
1 41 264738037
37 20 370662357
44 1 953907636
17 1 142922894
3 1 914388874
1 11 873989227
37 24 332814954
15 1 482011793
48 21 457570722
40 9 435955638
45 19 189119428
8 24 226546524
1 4 596914035
52 11 343310799
6 24 172236536
2 41 431731238
52 19 158451887
45 1 456034774
11 34 489899051
10 1 35390160
1 46 251441584
32 1 931316101
13 1 47277462
1 34 409980597
22 1 831644833
48 1 718758520
12 24 359867262
51 1 445175949
1 30 764309962
2 30 566024074
48 1 251339789
1 38 947351483
1 38 368440416
23 44 136817166
28 33 496268644
14 32 117129290
26 15 276338824
24 45 362012059
15 1 396449365
1 46 812472587
44 15 402333080
16 36 344197461
3 1 742322051
28 25 703862951
3 52 799257336
13 10 136920339
18 21 729762448
10 38 512414259
15 36 748767653
8 34 351070395
1 13 99431380
1 3 749285
23 6 464458846
52 38 882376030
5 23 273361834
17 9 72326087
37 3 375166301
17 1 353044042
32 19 804393861
1 34 49740469
16 45 595574841
1 13 413570357
21 23 224286298
50 5 694994208
17 39 130366789
20 1 493066681
37 51 714923551
4 2 558443630
49 50 638891678
1 27 308635914
1 38 412674171
5 33 199735607
41 9 271642168
22 49 898497252
50 1 766711252
21 2 183837848
20 16 365644491
20 16 890103375
1 41 630500947
46 24 643989258
1 37 183009710
39 8 198065887
1 43 401655139
23 1 473386389
16 42 286154637
52 21 762147615
34 14 816872131
21 1 630171942
2 52 347932143
21 32 844734445
43 4 80051211
52 36 884323930
29 50 906656476
1 28 441803070
1 8 908947327
15 35 303610753
47 1 507470591
27 46 749632181
12 51 358534077
32 1 641097383
49 5 704841474
29 35 478830575
14 1 117098713
27 10 170896093
45 24 283810410
20 29 891755583
4 1 1384957
1 51 400595178
28 44 623054603
41 13 315572717
50 25 349611571
3 30 314152009
1 50 289482884
26 50 596107250
1 6 68109760
21 38 575135573
1 44 830035364
42 36 765520873
40 1 512877135
16 1 498037602
36 1 398656958
45 1 123345729
25 52 342193295
35 42 260389378
13 3 328529023
16 39 759762909
1 26 931721631
49 37 827214636
44 45 987996950
15 34 250993889
1 32 184439041
41 39 83345663
14 1 540915261
15 33 512876531
14 45 157011212
24 3 674630710
38 1 253101482
27 32 355763733
28 4 315822988
1 23 536929306
7 1 265168823
46 27 86219867
1 32 831690226
36 42 854617454
3 1 708377620
45 51 352889547
46 11 987672899
5 25 730855654
50 19 937725174
7 44 347672861
41 13 266397726
30 19 573032340
22 40 797956966
32 1 457127857
1 37 49684176
25 8 570902586
27 5 221999507
1 26 230506502
5 28 860789307
1 5 46911974
44 45 553610676
17 40 941486270
1 48 116597790
33 28 553857457
50 43 421182009
19 13 17981861
12 51 726033077
38 1 744741196
13 1 599851614
41 49 12947396
1 2 217127557
1 31 693797184
34 25 158346358
1 35 845891813
28 3 783374883
37 12 3179223
25 23 686571923
1 14 534165617
26 45 574069326
7 44 252272349
8 43 560511708
38 48 159517594
6 22 534431564
39 15 909180056
50 32 982855244
41 1 815198583
24 1 906590751
9 31 472716303
47 17 195793926
38 13 178744313
1 4 604013998
20 2 314763020
18 1 305101048
35 1 688197183
32 38 997882812
52 21 311821803
51 7 965463814
26 16 234608570
37 20 590796267
22 1 886160168
1 23 190676910
5 42 140603080
20 50 150395888
1 8 977475976
35 20 925782753
25 1 588118079
33 1 587866368
1 36 342265428
35 30 406381693
1 16 886550449
8 1 565799307
1 38 625833634
21 9 262402687
11 23 631497602
13 1 574580997
9 25 204898168
49 32 607046159
11 8 489873928
1 22 711260918
2 29 182014888
31 30 583622368
11 52 611313296
46 43 160745361
20 1 127246016
51 1 143510439
47 42 58555754
40 33 960904707
1 43 751059605
44 30 157748224
43 1 374412864
20 27 562255188
9 28 582179792
32 1 258291258
47 12 365598543
9 17 828323317
39 45 810876885
29 49 744335670
1 4 979004128
36 43 635278858
6 26 22873775
18 36 31681050
46 27 531813400
1 31 786099218
16 7 743302723
1 42 290288754
16 1 360108207
1 34 873561648
31 7 390060893
11 48 480754401
1 43 590762389
40 13 343928215
44 3 666378788
14 31 781888498
23 11 77986790
15 1 695794707
1 30 281615859
1 9 68127250
46 1 836131474
32 1 319591016
5 52 7119697
30 1 655662302
1 40 65737792
3 4 769555293
39 36 551446658
39 12 220073165
18 43 388946482
1 19 584472617
20 49 250489890
1 29 368668311
29 7 777999261
31 51 200664268
37 50 910838699
14 41 664771318
1 11 449284566
24 47 914606524
8 18 94939217
32 34 1855625
47 1 801228463
46 6 562282580
1 42 99013521
24 35 490011096
37 6 413159321
1 9 647717119
25 1 453067297
4 20 341708158
16 40 928151203
29 36 544479399
47 33 180200765
4 1 256765666
1 7 147041184
17 41 728171092
26 37 969069741
28 47 330210704
26 37 921326457
35 34 281320401
30 23 258178361
1 49 326873749
45 1 737639937
42 1 128250325
44 1 773955033
2 26 968126002
43 34 950019536
29 16 650919628
4 52 986782743
48 7 707788344
8 2 59340939
31 44 800529832
28 32 427490327
41 47 465624243
30 32 65424745
40 33 98832294
11 25 433794854
27 45 796355100
38 17 161429473
1 29 517652244
1 6 904756623
4 25 654117564
34 4 120501566
1 30 109809761
8 41 384724949
3 42 685032619
51 1 128160943
43 13 7755883
48 41 869661655
9 1 681908411
20 1 740685463
3 1 74965135
8 47 245432917
1 14 8661218
25 24 876579518
2 36 292394020
1 40 132107735
31 42 400490563
1 52 961551994
9 27 103567496
28 40 121052186
1 43 659995990
17 40 226136372
11 41 576666463
1 45 794649091
32 1 626498673
1 19 879412851
48 15 275752896
5 1 137014890
1 50 670402322
27 15 632926045
43 33 854043929
26 1 455467383
25 51 727842713
12 6 970981204
27 7 782327698
38 1 854395301
15 5 897848092
50 1 745538550
46 14 378327363
1 18 969693339
47 3 796759334
51 38 98848220
26 28 433961880
19 48 75136875
1 9 373680396
31 41 490694693
30 1 67354361
18 27 199955984
45 52 370908811
46 51 513985633
19 1 801354567
33 1 139972384
44 1 269471800
27 12 882037206
29 1 668746807
52 3 729652282
15 17 305271419
43 19 422536193
1 36 515382064
33 21 414931521
13 16 639852311
25 52 544510025
1 21 769222501
12 11 870014143
42 25 743572744
50 41 61877457
2 47 583338364
13 1 789870309
44 12 587715894
1 28 219632887
10 1 513354590
12 11 358836442
12 17 847603945
11 52 887569943
39 32 874944162
35 41 311581839
23 47 339578689
46 29 906232572
49 35 757648092
1 20 30502524
52 22 423237252
30 1 696463055
1 28 817292809
34 8 937255446
1 16 235050999
32 1 611197629
28 1 979857101
9 24 769564494
16 51 145723026
1 28 274791621
14 22 960460943
39 1 582782213
40 2 328634072
27 19 335335711
16 27 128978313
48 29 892842598
23 15 990961413
24 6 706928834
20 10 385210922
10 19 128630509
39 12 437674918
27 1 686645492
34 1 718743987
10 1 460107449
25 1 397779965
1 16 410227064
8 15 822597518
47 5 993188667
41 1 58268562
12 4 681970034
30 6 859298210
8 1 128658417
29 1 4315712
43 17 277518123
8 24 914733566
45 15 195583027
1 45 98140957
11 1 418917874
36 5 450612026
35 15 849318617
34 1 993848265
1 46 896474007
44 34 271417861
1 19 997486843
44 24 440231513
22 7 519708410
2 48 623401876
43 29 577083467
47 1 416240266
9 2 971880634
1 24 813283084
8 22 665716128
1 3 238316601
18 1 750567698
1 43 328747682
1 15 257908291
16 1 695956082
1 35 836479701
39 1 230017289
20 16 93580001
21 25 880099722
4 44 702248649
2 40 442039171
1 2 213682352
2 26 38692960
1 37 476449396
42 52 759395082
26 29 525006958
20 1 903837311
52 23 548115287
10 42 195728437
37 36 322909765
51 1 884371601
1 44 967706533
33 51 952324444
2 26 137746534
30 15 816191102
1 31 387677637
6 45 248079182
11 14 791950699
44 1 814725166
51 1 954370649
19 48 739996804
34 47 459616489
22 46 707824316
45 16 509414447
43 1 963239180
22 46 628851171
40 1 174597203
1 23 721344040
46 21 892163112
1 23 617906812
5 8 901830357
26 1 135563726
22 1 739827383
49 40 739692074
11 1 471234253
38 42 956884704
18 20 268996390
6 28 365334481
1 47 77492773
9 35 211178186
9 37 617237828
40 6 413639276
29 40 971156447
31 24 743362493
5 41 263778332
33 1 199634066
36 50 121678614
18 1 959477063
20 1 290727331
1 9 607913845
1 46 978205896
12 5 762892103
1 2 884052051
2 26 933497449
14 16 328411919
19 43 684310286
17 1 187153047
6 22 369088384
21 13 47418751
14 36 305695275
28 23 387164612
13 52 647274472
29 34 387972783
27 19 90357841
42 44 901000784
27 1 330222973
41 52 996696331
50 1 691504006
47 1 367207800
8 11 337204135
28 43 947387911
14 43 480941423
1 10 825297157
22 16 63996742
32 18 406144348
1 5 561826010
2 11 600517635
24 42 83479810
10 27 862413990
7 1 94412408
37 42 556661946
11 24 700218486
50 1 70261435
41 12 284845352
14 10 254769581
50 45 257432152
11 1 297958880
23 1 739451358
1 46 489266019
50 31 805663902
13 14 677225139
27 46 383459244
42 38 702623657
34 4 83380367
38 2 199063284
10 37 164089105
1 13 523440311
20 6 37501178
20 38 267463778
52 1 241769679
1 22 711311859
32 7 140852409
23 16 954950275
35 1 230704963
26 7 379199186
16 32 989120121
40 25 731692097
15 3 2297063
3 29 547972971
30 12 148587424
24 5 325483885
44 29 508922995
26 1 21174767
6 44 174033714
24 11 137274505
28 1 30122155
23 4 605127002
18 21 273797046
1 48 521708616
9 31 287917797
31 12 912677252
34 49 719196782
1 43 300672430
12 46 858104074
21 1 851975110
50 1 627345193
18 17 843541070
9 42 68298973
25 14 681389716
13 9 117543692
21 42 925405089
50 1 581897519
6 22 877522656
1 42 829810252
45 1 239082406
23 1 758749705
27 1 811714313
5 47 181708350
23 22 902296607
26 1 930345366
47 26 40730615
41 47 750065472
11 42 396834474
9 1 151138310
50 7 237354776
52 37 237838576
44 5 541180784
49 21 954715038
1 31 219505363
5 1 824174132
21 5 128609228
51 11 119756590
18 42 677209759
4 27 389471090
1 44 900142808
1 52 840197782
15 29 312895022
47 44 199031949
29 1 202163924
16 46 147941394
1 6 177594437
28 30 866646255
49 1 88244821
9 36 138784257
18 48 928735313
34 44 287132235
26 52 487222170
17 16 309493565
12 37 92101562
19 24 887788784
42 28 171500135
44 31 246329826
1 7 388978626
44 43 236660236
36 11 931540074
37 23 504944166
26 22 82059870
13 39 368412269
51 1 747925130
1 39 626000835
22 44 101103127
49 1 987137023
1 50 400932884
32 1 916574429
21 16 975536632
2 34 238499900
40 36 276372593
44 8 217191947
36 51 973741443
40 39 558654393
30 9 916754562
20 1 795175945
3 28 819730882
11 42 815520539
31 2 678966678
36 13 220653056
46 39 78687841
4 5 756237424
22 16 887018399
24 33 662553977
2 31 506415217
13 1 165106894
1 35 154047168
13 1 859713093
47 29 882149632
3 16 125491759
36 25 748776647
17 5 35580031
49 19 317650539
47 1 541784198
43 52 970539032
37 5 494486483
41 17 472835727
30 7 362268750
31 32 987021923
50 51 751262051
1 35 709414710
33 1 144070352
13 1 957608866
20 1 73487843
32 39 762700124
42 32 460160739
2 50 210099668
1 10 208072763
1 46 707642720
25 2 94907540
50 1 896152180
14 37 895473153
41 24 392099305
8 44 915430359
1 23 873549923
45 13 410096555
49 9 414186494
23 7 729260408
16 32 709701084
32 15 537554942
1 13 668645853
9 1 394777442
52 9 159299576
46 35 699763227
22 1 556755392
42 1 10888144
42 52 193411255
16 48 949614362
7 1 713334177
1 34 304395096
1 25 228126611
4 1 401559623
2 1 548308321
31 49 11031929
1 38 517091051
7 40 61411388
47 42 444949417
26 25 40913415
34 44 959683868
21 1 181459551
46 14 651875664
46 39 17233953
44 16 582059180
541
39 40
37 3
51 3
28 51
29 18
16 51
28 25
37 23
20 15
30 3
6 22
15 24
6 16
42 52
10 38
32 11
6 12
25 28
26 36
4 49
13 36
16 44
27 35
41 52
47 16
52 20
23 17
52 37
39 23
45 12
5 19
27 1
29 14
19 8
22 25
29 47
51 19
25 52
2 14
36 33
43 39
40 37
15 32
45 46
8 29
29 11
1 32
23 24
5 12
39 49
46 11
27 25
1 12
11 52
42 43
7 33
9 44
15 47
44 32
5 26
5 29
24 26
37 27
5 19
42 14
40 1
22 20
13 14
8 22
29 36
5 35
6 31
33 42
23 47
50 23
41 31
43 45
50 43
14 13
18 8
51 40
13 15
29 12
18 49
25 30
46 31
44 37
26 34
36 21
8 25
3 5
40 34
44 52
16 6
45 30
4 28
21 36
28 32
44 45
39 19
16 25
13 33
45 35
45 7
14 20
25 30
18 37
40 1
35 11
1 42
37 12
50 20
50 32
20 15
39 42
10 37
41 32
50 41
4 10
21 28
25 2
9 3
10 31
13 1
25 33
5 6
7 44
33 25
30 12
52 19
24 16
20 15
39 41
42 34
16 39
29 31
43 36
10 20
10 51
28 48
38 49
27 41
48 43
12 3
18 7
24 38
10 46
3 23
15 16
37 11
8 21
28 1
4 37
50 37
46 13
12 4
9 30
2 27
50 28
21 23
2 23
45 48
4 33
50 38
16 30
44 12
1 28
2 22
15 48
49 42
14 9
27 4
45 15
7 33
15 27
52 46
8 6
45 18
39 36
32 17
44 39
3 6
14 23
34 52
26 20
7 2
38 48
9 12
52 8
28 5
18 23
1 45
40 49
27 20
38 27
36 22
8 44
1 5
24 3
17 3
13 10
49 2
46 10
34 32
27 37
4 30
51 11
10 27
46 15
8 17
33 45
26 4
36 5
10 49
21 29
12 5
51 42
10 7
35 52
34 8
31 13
20 48
15 6
17 33
21 45
15 14
26 41
23 51
52 13
44 18
2 25
31 18
8 35
37 27
50 44
48 29
23 16
31 27
36 9
12 40
1 32
41 1
52 8
35 31
19 11
27 6
25 52
42 32
33 32
11 3
16 20
44 14
37 26
42 44
51 28
5 8
11 36
52 23
8 13
45 31
34 39
41 44
40 21
12 20
25 27
50 4
49 19
13 25
15 5
29 37
19 27
44 37
40 44
2 24
49 44
37 27
14 16
38 44
42 17
5 40
4 16
18 22
51 20
39 47
40 34
2 4
38 39
28 11
29 32
39 38
50 26
25 52
37 40
2 1
25 19
3 4
34 13
46 12
41 48
34 19
31 29
33 46
34 8
21 44
10 29
15 12
38 42
9 26
37 3
39 22
30 15
39 18
35 48
48 46
9 40
8 39
48 13
3 47
7 14
18 8
36 16
36 19
40 5
22 5
39 8
39 42
36 32
15 30
2 20
42 21
22 8
24 1
2 32
36 20
21 1
30 7
9 35
2 43
2 34
35 2
19 37
7 19
45 52
26 4
52 12
15 41
51 35
21 50
46 27
4 27
22 36
43 30
24 10
32 51
28 50
51 37
2 11
27 10
11 4
17 28
20 46
4 30
45 42
1 25
48 30
44 38
41 38
43 4
40 50
29 35
24 23
37 7
50 39
12 17
44 14
8 28
41 20
42 49
48 50
6 40
12 30
24 30
45 50
34 8
1 42
49 46
18 47
36 2
49 11
46 20
40 2
17 38
42 17
13 7
15 43
51 40
48 15
9 28
28 29
2 5
42 14
44 13
40 5
10 40
2 11
4 36
35 23
22 28
13 34
2 45
51 26
3 32
22 31
48 19
38 41
20 13
51 49
35 11
19 12
48 19
32 20
43 52
1 33
1 48
22 28
8 12
38 3
6 13
43 12
3 44
3 23
29 47
31 2
21 29
45 42
47 35
39 43
50 22
37 42
25 30
25 37
21 10
18 15
41 43
22 40
26 14
51 34
27 8
7 45
22 13
49 25
16 7
31 2
41 27
36 47
51 3
48 49
49 32
5 24
11 36
14 23
16 6
44 39
42 27
29 26
2 45
45 24
27 45
39 5
51 49
42 47
49 26
17 27
49 2
19 15
43 29
28 46
48 37
20 39
49 7
44 26
47 16
5 39
10 26
31 12
22 36
25 8
16 49
10 3
50 35
21 8
12 41
5 42
47 20
39 19
36 5
46 52
31 6
20 27
26 32
48 27
32 50
27 22
48 38
5 26
8 37
2 40
16 40
28 51
49 44
43 39
22 2
47 51
20 42
29 11
21 44
34 29
43 45
9 47
39 21
14 34
7 40
20 39
12 44
18 38
35 41
32 43
41 48
10 14
38 28
42 23
22 13
46 26
44 45
7 25
7 12
14 16
44 42
28 39
12 17
2 51
