689 2289
148 433 151519799
9 664 605106954
66 62 276216967
554 407 848791277
1 112 179006439
326 274 861385200
1 361 928954820
1 307 68879965
621 614 388943480
397 89 706698067
475 1 145602976
670 92 204265693
647 102 885304024
1 591 779768561
1 113 447761543
1 520 991670734
1 380 541016789
248 674 420872052
283 467 239645947
361 203 806129051
679 468 310947465
590 1 630594130
427 1 409668743
105 1 19239673
679 109 210261325
363 396 249201867
248 376 490765547
651 678 908191316
587 1 372741071
508 1 575270420
299 297 536090437
186 509 686801064
468 44 951831662
201 238 15520719
32 472 815241822
436 1 28546526
645 1 214760005
216 1 479617136
262 624 152518301
468 1 809397506
37 550 411341178
360 27 344063110
371 684 525349115
501 484 645546633
204 126 167981499
675 1 576562591
152 1 605577931
636 109 890529034
546 528 592343302
170 477 670751888
517 661 880784593
485 387 78815217
73 332 706046499
396 1 361377105
1 176 637870653
48 42 562456459
381 326 21249529
474 513 514870020
10 467 43289057
679 178 513884739
373 553 791822467
481 47 376166530
452 1 257356721
653 664 299164904
379 205 463086198
320 615 886378056
381 513 377412212
175 407 842824802
556 1 462789951
1 345 668197193
469 1 793828617
613 417 552590976
301 646 633810378
3 308 58029531
111 221 10317310
1 254 189385803
430 1 990771553
689 460 231866153
103 151 638700266
558 582 586453150
142 651 935988468
348 1 113214462
333 212 979826757
92 330 631962171
182 350 176866838
1 112 857582443
38 515 949084944
1 681 335340266
398 103 605090144
441 135 57382130
1 86 656055519
143 25 48851422
143 255 41036447
1 505 870328057
398 112 763965201
234 646 312562222
1 460 999478031
219 1 268079714
1 394 577919698
676 12 907501040
556 178 964962433
200 93 571254268
1 436 574440958
9 34 526414086
1 566 124839044
32 371 736848231
135 62 361932129
560 159 766364641
1 91 199191324
341 442 437953948
560 370 702480282
448 89 729015412
585 390 406683422
1 469 551050109
568 150 399342205
287 94 90572332
243 106 674189735
490 276 893194711
1 273 449752580
442 522 473054360
1 512 620854083
1 298 181474744
319 287 985772501
240 663 7102523
175 340 941397641
146 439 836142022
1 646 967350972
1 679 49161325
140 200 514071631
236 1 923626093
689 1 472844714
1 491 72418792
354 271 762767323
239 85 269189568
346 469 532431367
508 1 591790935
42 428 363459506
14 683 135240782
390 311 958068355
635 119 373183287
1 65 29628989
566 471 874750985
564 105 35669438
669 416 402828395
226 635 119790810
616 1 47840854
528 256 130936923
50 5 811778234
522 347 590343242
555 569 723839620
1 105 903203628
234 101 142014539
1 111 90084289
374 232 796138852
435 614 892747227
331 583 620991823
1 598 503139805
320 1 225859383
1 478 934726876
650 678 792466209
235 253 130616413
477 223 382585840
645 1 49172775
363 1 232915879
56 64 804230905
620 612 711139698
664 147 142026228
449 12 204920671
268 62 633010538
531 668 421521371
1 229 200297763
223 615 253337033
1 236 147317114
1 386 521706753
1 419 687660108
362 1 783938459
57 98 478506869
1 337 539862279
1 230 312757799
75 117 279519382
533 641 350242051
83 500 776473489
401 251 479478032
643 1 44325636
460 409 605042091
8 592 973186743
387 1 568779624
306 136 177274798
1 636 81568362
164 176 49494802
320 461 694089305
339 159 341730104
1 543 104231435
336 627 22787305
426 94 547825714
259 236 876562082
572 407 80088625
574 579 552131546
490 119 856207737
1 682 206836206
187 481 411361537
428 262 360346309
459 343 302327005
551 525 693248686
356 407 207778150
611 173 165690670
562 368 4382862
366 529 296109553
194 428 490508060
355 460 875080216
609 147 954424058
141 226 338776431
352 1 114114144
1 568 211154962
426 174 673578427
516 47 737168855
443 218 683268758
363 1 39513608
348 505 570742920
1 169 736516807
65 640 711871250
647 406 416249693
237 584 25888349
105 506 331802372
1 588 152474838
383 672 102586291
1 335 180413082
624 32 933226713
254 112 123758872
537 255 751579870
329 1 911440939
135 1 808868839
1 545 163810503
1 98 761858578
57 463 509886393
51 452 310135111
177 585 783586467
233 1 600192097
1 522 660335130
683 665 929137366
249 685 89569517
79 1 231758089
231 681 472350989
448 308 693802286
1 367 46628208
651 673 968138586
1 137 732066173
588 332 319436142
375 105 14806172
467 556 750506426
259 1 136791349
689 436 201867120
579 13 840554475
627 48 3328598
1 219 626181834
413 72 557413924
1 273 183144225
639 628 677560477
217 50 64060461
287 110 990993816
174 1 879516754
564 605 120500375
1 496 238897818
269 1 629669601
638 364 589683628
360 1 436306455
684 91 911271653
483 349 741449223
1 393 808268571
1 514 615281063
163 1 68772689
410 1 70719478
124 243 105008756
148 81 364309544
299 244 316789851
486 59 592395667
1 113 758019950
105 256 653566955
29 24 112931221
19 240 721318800
438 1 753906705
644 44 669622325
377 297 475210172
46 2 159211960
241 293 591233473
550 159 825948216
667 150 151808728
409 562 592948070
416 265 263181724
474 534 19880196
231 655 17194341
1 470 919149056
41 1 145607295
628 469 902294285
448 99 77470510
113 654 856634906
1 242 928490337
225 50 818526006
1 121 948873338
87 518 285606225
405 443 105306969
93 549 973880765
268 1 367540054
108 1 410394080
32 1 225529943
78 1 375114543
686 341 477594496
519 474 691157958
410 144 346521630
683 579 522265057
136 439 129950582
11 448 400175584
391 559 804298530
644 302 252735589
614 602 605497098
600 610 20349900
84 535 942907795
1 525 900645007
205 117 882504961
613 110 217026132
394 294 345728899
91 493 179269445
64 1 665708662
529 657 938023494
477 206 362833236
337 168 201301876
406 26 924712294
278 1 152059311
472 305 838258637
426 126 323831584
524 488 709994427
258 67 315574363
1 198 661600183
551 502 191060000
173 312 567925350
1 462 970092191
96 1 86324449
634 322 587114954
1 413 761986085
139 614 314786260
379 57 841363219
71 546 712337781
1 141 599899185
1 502 28650078
40 19 736178017
38 19 438361430
9 123 98111424
15 169 496899361
328 70 257806234
466 149 959908746
124 682 156489164
254 418 340815864
633 166 818243003
675 660 571986605
15 34 53439660
653 216 753814660
1 508 249514560
439 470 700669956
36 533 377489355
457 277 460800931
531 1 80775140
374 144 137480250
331 222 272859617
125 560 354551490
650 22 484532451
419 59 813925518
320 1 616483258
1 597 796378263
405 1 905534628
1 663 633958101
465 1 733405175
52 115 567952780
26 146 146514825
1 210 49071062
464 1 777475530
352 567 166124931
306 204 23066589
404 30 736548598
480 675 135809948
184 438 615898264
387 374 549355730
522 622 603994930
445 528 960464503
243 46 832521289
66 633 101889698
122 25 478349647
1 595 84549980
493 420 881857517
516 253 637976836
77 375 845978700
67 198 141021465
512 504 517833265
297 127 802572170
634 414 47148006
436 191 751244520
408 498 487457071
102 1 730990612
254 1 661689766
540 459 579615334
648 103 780610977
1 4 431786545
607 526 146500169
29 444 724695873
352 88 802951170
664 230 196776904
110 380 178404874
290 1 976356697
394 686 643446425
1 389 467696251
537 242 196229774
238 1 913135374
317 97 534550457
452 1 348842408
197 1 458774007
261 11 48632577
384 149 601907017
287 524 746255823
28 1 406026120
336 41 537817993
631 1 439415383
439 176 340288988
177 1 455257253
1 662 428851775
499 1 534738618
1 357 443207653
109 248 699638770
404 104 128593648
1 477 599717119
404 55 724151672
367 1 3338656
154 1 549177051
177 1 437021976
547 376 139161002
1 677 635121769
193 490 241901329
276 22 81226006
278 126 492502441
76 422 10640336
459 1 581996937
11 1 16069381
660 1 815950306
558 173 335787945
21 560 337305961
265 1 228897876
1 506 429970908
497 586 760984772
571 335 211299279
1 519 83323353
525 458 527206701
133 515 553994705
544 10 872196587
48 1 91051292
430 1 252795483
231 1 278405444
667 1 617888488
153 492 270800809
596 1 583784380
23 1 971256376
406 469 433926350
1 126 965371229
678 358 134801381
108 231 845373784
584 495 452480941
144 533 290190392
1 176 220838122
47 537 457395225
162 1 142187308
652 1 635494234
411 192 570180011
504 251 821764529
35 641 268398620
568 574 872256508
107 393 983778656
144 74 501526438
513 218 47896135
79 338 415277682
18 111 714159812
219 1 388701858
65 572 785140175
167 45 959671612
483 137 912378461
296 216 258549551
1 379 427324057
1 516 949383884
554 1 919841524
30 439 734620595
310 264 896038526
43 250 686018819
539 525 741444831
144 287 528469116
479 504 811686603
276 1 486350585
391 451 974663142
181 66 524534797
662 616 756916844
355 86 810398122
1 226 882975564
563 1 547393144
621 523 169975014
144 407 8938362
617 1 826524584
281 210 638695561
209 92 71386127
465 441 309281849
245 495 687245944
130 476 873253036
1 289 343066265
53 1 359643009
243 651 413509020
347 556 25425935
1 162 860405389
281 221 345651180
488 670 936853686
268 677 264617279
163 123 656997020
1 342 60270975
66 335 489593340
332 440 56336591
1 54 886687725
1 638 325298111
230 1 795591667
79 566 134259918
39 632 935844834
434 622 645137232
337 35 342673970
1 431 19609693
353 227 357151283
529 581 124601742
105 321 435769380
320 650 645390991
482 220 762665616
651 153 718764257
383 8 710525163
232 671 694278449
350 195 572346788
398 549 365717999
218 41 880272834
316 122 609624758
495 1 67613625
543 673 387542108
486 1 242582275
258 551 714758945
376 590 632821998
407 240 990185591
571 623 938489668
500 405 161553476
232 1 421014772
220 656 949639303
1 457 374166727
565 1 247945717
197 1 111412768
90 624 993508078
664 648 470005486
226 267 13585375
218 335 98408726
376 415 484545021
1 632 11747499
557 513 218012733
363 1 473091217
255 151 678121901
255 351 800537939
323 10 516500046
1 185 365877479
1 587 568591397
161 28 406792628
450 1 168206906
668 451 947703519
587 88 894048929
5 374 172794188
83 259 182760365
413 1 378880967
348 304 193925505
512 444 741762407
579 488 237019356
430 525 910220417
591 316 477609138
1 268 223367247
596 25 643964973
1 307 764477240
159 1 96771431
230 474 87708675
168 1 333114866
124 483 139871743
462 465 804426806
1 431 529511637
60 196 691924263
1 346 716161530
457 636 229740178
468 248 895542223
190 1 498833298
504 566 54062388
501 223 548270647
244 108 195608536
232 615 290028787
22 180 80243203
1 324 734574150
110 186 603579946
231 380 353139476
173 356 375982373
61 573 675298127
362 583 830316165
1 456 546215502
384 145 258598155
600 345 604993353
575 1 217385355
264 89 502555246
240 313 42813552
1 373 653544297
436 1 316389237
322 574 304538471
412 1 912602412
1 122 80678790
55 1 438610650
167 187 952426022
249 132 109717709
278 660 687471680
210 230 991921941
1 654 972800719
410 1 304568159
496 528 294327081
432 437 4761785
125 1 330118233
596 383 396466476
268 109 954197774
43 102 69600870
645 12 408793244
641 426 73537171
151 220 790214680
507 355 254429622
84 1 797492621
1 459 309851112
518 1 242742899
51 334 232169177
241 599 573392187
149 1 778773956
526 1 582265740
1 59 533439598
145 562 626733975
535 437 535371826
1 527 985690513
404 236 333267132
258 430 814783194
373 376 445419019
1 116 96175284
1 392 975271858
543 1 736436663
613 8 158664312
107 440 66691025
120 684 77671835
298 128 166413351
206 51 191107543
586 490 116779805
139 466 190894963
1 326 15867191
677 206 175720715
318 538 597176846
1 216 143059601
513 18 789753006
506 1 648388165
1 270 238956408
22 249 617160595
1 519 342945628
16 458 338271540
379 338 386223762
1 301 45774216
1 32 155611369
98 428 658841496
484 313 333563360
14 109 863711615
139 266 458704211
161 468 104218601
390 486 501478789
1 420 294123664
112 480 211662257
126 1 822623456
405 373 216946202
1 644 214980031
1 555 619719795
332 94 712988504
175 1 967929002
504 625 837900889
359 1 249865676
261 27 336992165
72 1 214391018
367 659 46918694
457 538 840974009
45 244 13007841
575 1 409900459
1 492 932495007
396 1 485568263
62 1 917634750
417 1 530766998
449 360 302549428
651 1 536642066
191 329 256902687
370 340 981216005
1 665 870226687
236 413 790657475
447 1 752358235
179 129 209206090
419 11 987919697
557 103 193541013
365 255 539248124
597 1 956451654
676 113 203177759
164 583 373262275
166 672 427958130
1 113 850615700
356 557 808085780
137 171 533234045
33 377 18642395
285 156 119413799
23 605 926232562
564 92 502090993
594 186 846372796
437 320 273021076
252 310 172834939
642 16 233433044
486 77 131393540
1 441 687751515
173 1 238024275
562 271 363559592
681 125 456585291
626 9 788409881
534 544 895323226
1 655 694413688
405 274 407914980
626 664 204736648
138 632 632016994
360 629 553365267
1 643 293935506
650 358 891856169
88 475 11156206
562 119 692202273
1 647 905433081
30 14 508898164
34 1 103966850
388 8 230425149
507 354 387730385
478 460 486081070
1 150 330635773
181 1 385143294
86 253 48014938
658 646 279883786
3 383 260801165
1 132 552111359
493 89 658187854
1 444 572895999
501 577 328368232
418 228 559419162
634 315 926486271
146 1 315897816
456 1 363953608
521 497 529835372
608 1 875289395
225 358 266259066
550 621 970568913
671 382 21538986
460 466 213785383
597 3 103753272
183 673 923273255
1 27 895611264
395 582 857727713
8 574 442358769
16 1 635592268
163 523 120942519
197 142 422329227
336 345 443278003
1 611 829126125
415 672 881823973
560 347 125248031
1 209 901996123
108 536 513240914
502 424 382519884
1 485 893787434
131 1 297196807
1 14 815881809
149 258 293656220
138 683 730371133
1 97 470776765
1 91 596696272
481 452 335672963
1 310 984902867
608 1 228343068
561 552 525765119
232 108 8445372
1 448 961099307
445 44 962204062
190 109 145998326
52 344 70323261
479 449 143496721
665 20 511591207
437 325 56734317
482 575 499752690
344 1 365470241
242 275 839024126
184 566 149786024
179 1 10317106
1 628 449195837
420 222 390190132
489 297 513384625
173 294 968491848
432 1 840855641
517 105 935956407
76 649 473227299
426 497 884397430
496 1 92548539
1 382 311598132
303 230 745495359
446 437 910693142
429 167 900122105
288 557 918567878
1 78 394719001
1 620 505429080
1 288 98378068
1 410 841028422
457 1 783704331
312 607 679047268
1 452 427327740
357 641 2485086
1 29 965571086
1 532 188216093
67 634 383295556
463 598 211434960
683 524 585201957
7 663 86361419
658 378 906786424
338 1 955667583
500 58 960421258
609 411 741426398
93 230 793738169
1 265 729849329
159 1 887567345
395 121 214660523
1 366 56996602
110 1 134257161
206 369 253086362
83 219 646470987
681 1 121322911
604 1 423556556
460 1 762743724
569 1 268137908
443 647 114742464
265 163 529001391
1 634 802306495
323 343 835912217
108 614 742882349
223 1 437768713
237 1 792765364
1 83 915943664
532 92 925136776
376 1 970116971
9 500 926541129
284 140 871293777
1 515 927329413
204 59 10403490
463 1 821565976
315 1 522019480
62 194 162306558
515 157 765869950
1 637 574483772
1 271 300850211
65 668 318207932
1 532 197657119
1 156 768847396
253 198 624597886
554 398 271368222
479 464 742708972
296 506 704052029
262 36 444502803
60 102 770128826
517 1 145531836
149 215 785065535
645 278 394311371
72 78 964631454
1 312 425946507
111 607 763649797
175 427 207017840
1 403 878341626
170 1 103751959
151 451 425609862
152 216 422956221
264 1 828278515
1 570 609413976
332 545 437880561
418 639 888199725
199 1 887885584
67 1 539893493
510 1 490882261
625 369 742054768
521 497 358120714
175 578 226457540
188 1 273940767
417 1 581357872
489 630 945416093
262 399 55346519
1 164 637456838
483 563 786174021
497 67 893735052
298 508 32466989
41 1 740281598
1 607 987117741
390 1 596780797
1 68 396382363
1 281 340234525
1 321 499370358
233 94 612956258
553 639 957366455
657 377 449293537
387 287 710535334
116 1 478148811
516 1 216355708
688 577 507441685
678 106 659746559
3 424 718601574
1 572 1171200
361 1 42094235
617 216 18612106
389 287 291246923
602 144 321679120
1 476 542711622
1 288 75664336
1 366 715375060
1 377 485270409
109 593 260716930
482 644 201894548
498 58 98287821
74 410 325414395
1 144 880082440
450 276 599963264
566 1 61839088
592 99 279425056
366 393 789792803
126 666 456909877
384 1 296234807
1 592 154684394
1 423 841402589
381 511 711968015
151 124 421578032
45 682 901981313
404 1 596007295
653 1 984150091
496 423 599201946
393 108 235968298
1 19 866015174
245 76 65674412
72 659 867656002
1 244 862042865
227 19 551890856
660 1 608416387
581 525 74927280
1 439 2386231
252 1 401287560
547 214 405126705
395 1 401772263
158 476 434640936
467 24 269313528
633 490 740564776
1 281 65161219
7 1 58279999
221 571 846589525
2 681 470023871
76 200 349479433
1 255 905291672
579 334 11571234
1 376 987049379
152 419 120682345
1 419 4939250
144 262 354185148
351 328 575572023
650 330 900330006
47 594 284628309
360 206 497162277
118 326 113119241
639 364 56809586
666 81 852128006
607 498 701899870
1 364 272581717
127 511 335852948
1 546 824077428
316 299 712237618
1 470 483910046
48 589 313794303
7 276 479388832
689 408 342300499
407 145 792921714
547 500 424175018
481 56 526403489
22 7 143661750
126 1 130216666
35 1 947302438
651 652 623245436
379 235 41031000
391 25 162986276
1 483 262597020
55 502 173780718
290 1 426581395
438 520 310917874
1 263 625601598
428 1 923689576
1 632 185294401
1 467 163463478
552 33 237851671
17 424 120065742
261 448 152382367
235 277 732268955
422 1 676282496
1 446 421473701
303 605 450803447
166 320 459195040
1 155 269095431
594 418 388805631
1 532 684879665
1 615 578195223
470 394 516990097
402 326 591105586
1 177 582240994
261 495 990984815
388 619 862229597
595 237 969965247
266 328 14407168
482 1 305739741
1 264 795879235
143 110 238802524
560 151 749637085
449 651 443374253
1 672 718138861
125 1 499209818
683 620 26699824
183 558 195693235
1 620 540925287
582 483 142054945
488 688 683315620
232 42 121836733
1 61 533053814
454 670 77644765
261 317 909964236
244 341 278227229
194 242 128826673
1 18 634569039
463 512 550446737
289 437 90152591
212 344 516651850
554 1 743509059
1 226 512188222
1 234 286170395
467 341 603963480
573 511 655516849
198 122 223504962
240 32 587888732
437 324 185588498
645 153 689272751
222 389 100150951
83 1 218011075
387 215 463719911
474 1 535263156
225 649 300869053
444 597 735889308
22 1 57776225
1 187 66498312
673 532 936026235
621 433 329306486
689 202 37124882
498 1 757707776
13 578 740836592
182 197 401610336
685 1 811761295
364 607 818827349
469 438 654702907
1 645 933103435
1 232 119698981
266 1 235796314
83 98 279140025
1 193 790951520
253 89 721076771
11 20 477369673
552 151 424160692
173 292 954081320
332 480 424362557
1 637 569878922
381 94 677957100
1 387 349949277
1 145 677671325
586 601 136234858
441 298 342606700
273 232 99519484
396 492 879265331
517 133 504692699
615 257 807357855
593 467 281570348
509 525 838510373
375 216 447996261
8 301 385571436
220 152 555120529
211 1 71145068
358 1 284474256
384 111 981027722
5 1 848805607
1 456 96937995
303 520 258139596
673 1 94188549
209 533 462081102
1 368 653815829
374 87 689572243
209 583 332366650
513 63 569077202
131 648 308390680
551 2 12693823
1 174 905481389
197 327 314955319
93 298 154447207
184 247 178376656
194 528 510282485
570 520 838819356
610 441 303986779
627 80 617698927
571 605 314837954
657 338 910264754
614 344 375264412
244 159 970496795
346 71 286264973
623 536 199400872
227 401 12859863
455 479 31346801
1 11 323903858
1 57 63243345
332 342 390345036
59 396 962043790
529 294 389195408
45 1 891159721
653 272 274273085
1 182 812849675
629 300 890453790
371 18 61086241
99 484 330114216
18 1 126829479
1 203 144470249
470 377 241620502
253 123 746851705
567 493 397954791
413 4 596648068
123 525 43537599
622 474 298656162
1 62 520046104
302 280 682238618
1 653 795777044
472 1 423807034
120 57 378428984
259 338 540028853
426 372 511755479
384 373 319743355
294 1 535142496
79 586 391792808
1 535 692848867
372 1 567090913
688 609 663841483
553 341 487240737
637 471 293977255
201 180 67104436
596 219 855679512
526 496 862453516
1 276 105014386
400 246 963503939
297 226 75979284
164 356 630144835
654 1 955532163
310 22 145558079
297 627 518462699
60 563 343280868
197 80 912824728
362 495 672732725
167 205 833435172
13 421 368971413
380 1 914013388
1 645 106421032
318 500 748823955
408 548 771312489
551 190 964569630
253 133 810163230
1 404 45989099
43 1 665398677
476 373 42359761
274 1 697058311
1 488 639267914
689 1 38678783
359 423 10540559
389 61 378579298
259 344 753868129
295 232 799885694
625 1 932430083
1 485 124316420
1 366 586418784
1 184 780043359
343 232 835076717
365 205 147789561
216 292 11778977
550 394 920730986
503 561 756356611
101 327 59391603
607 580 600787241
458 25 588566281
16 12 594530342
224 74 152429002
421 68 646614397
100 612 942765527
297 503 219006328
558 1 39233971
458 104 145611537
237 1 889724230
309 348 512807568
1 579 471162487
534 250 568295738
19 320 285263969
419 300 500607062
1 120 907155729
1 449 751145965
203 26 978129953
581 97 282917152
1 47 996222027
593 1 588453497
145 512 730251648
450 348 314969
404 300 587214475
609 73 221707728
303 573 755201262
448 584 107959155
207 102 837207383
616 1 429447461
58 657 384672166
18 479 849134301
524 39 831490105
104 315 882057373
333 1 585177138
557 602 829306015
599 572 378473107
184 193 950844948
1 544 995100388
1 546 143159300
330 1 560769283
598 1 381478875
172 296 55511862
369 54 487400820
66 663 713797949
672 1 601983059
537 1 852322740
343 238 102478855
313 1 34007014
1 572 804465568
637 1 966397471
42 78 532256237
675 48 750140200
189 1 172230066
182 429 546310637
409 1 718008698
397 182 12321397
151 1 90332926
4 453 131667720
1 336 769871351
106 261 127542297
513 1 298559759
1 128 637527379
680 665 593959301
587 521 785724734
529 318 908992101
487 103 240595277
134 293 56218308
1 394 246729822
23 55 257481778
420 135 298317988
474 1 950518056
421 487 304649095
558 1 775336803
1 155 851256318
408 319 125446716
283 48 504047948
374 372 531733428
689 395 485361162
1 643 266813784
1 672 994604973
361 24 753667656
260 323 238793093
672 467 136574435
323 1 383523640
302 1 309418474
122 1 545856271
1 133 927619135
471 124 815340864
223 112 106358744
96 435 230709850
664 1 503791712
1 438 756546489
14 331 189042527
326 178 11671711
311 322 516675080
127 1 606783941
16 622 482965975
163 392 419591853
207 279 723635676
611 343 304973833
1 526 753101262
2 481 805064117
225 397 472337146
1 529 676818717
411 450 951604039
27 286 130486425
361 1 925014969
371 439 965249782
232 356 525527405
227 261 131207772
227 509 365148813
267 583 776088725
452 58 665510650
121 613 854814549
440 482 985107130
189 1 162454733
229 163 851012869
442 192 641599995
56 49 294059286
1 149 57962114
90 267 419651895
414 1 554534738
339 1 613386936
61 569 935443372
168 606 720057783
66 629 705171464
486 1 819927148
249 485 433292075
12 554 600107166
323 262 281367021
142 435 479313901
116 417 722465970
93 1 935670469
1 267 943191144
431 359 594335792
421 365 922953829
577 405 269853455
635 124 158969410
39 559 418438008
307 367 458976407
214 132 925950786
136 14 486434134
615 222 814676436
83 353 935853840
500 295 862669157
412 1 32286083
105 63 323243912
681 1 954063819
429 663 918077335
73 428 971004836
666 305 238101550
473 89 114024343
1 667 232578688
243 563 15002883
17 142 636859280
611 1 663989505
348 261 849387760
655 330 346382376
513 226 494468066
1 538 74181209
474 613 946407633
602 1 66921402
1 59 653688646
249 1 173581278
1 155 6943751
602 1 982798365
402 250 598117777
386 76 724791353
1 203 124434313
253 71 751194742
533 581 209098580
82 517 13991256
552 165 614209425
32 228 228037153
420 499 455045395
1 438 349445555
102 424 697420753
540 178 109194093
677 518 772553759
535 150 82677194
108 680 207603731
49 603 363547169
269 481 629024850
33 407 689562038
434 94 406589538
293 468 16328773
279 246 887176004
466 271 62273761
445 657 317153441
540 49 218891928
588 1 500995026
633 76 953896256
1 536 752711359
636 469 490795188
228 124 445822227
1 677 151622833
1 382 9225379
392 320 633268772
674 317 751382831
1 245 300420514
45 400 886694773
165 410 330836059
642 153 481564771
1 560 982491768
131 545 566902580
412 18 781548159
1 185 815088797
625 291 505788252
644 622 958914080
435 229 144040513
674 670 24360808
74 213 65977594
131 1 567830128
557 58 814927508
472 581 500886007
568 498 53425392
618 171 910550489
188 453 3058181
1 28 541391738
210 446 756595182
247 1 120714532
164 246 459928225
1 386 831395826
1 524 46138608
1 543 178001351
6 143 418444823
139 380 629992813
228 92 661468
183 621 59091716
557 1 80498595
637 27 694349361
179 234 222002458
27 679 332271499
479 225 523565184
454 1 881695824
611 67 237510073
270 244 78268019
416 1 912779043
442 376 562146584
251 352 240189099
1 252 208948146
1 98 634902992
330 113 474727396
108 1 607364749
362 1 546964129
164 382 450577557
365 244 749042802
1 51 44405690
637 1 366895521
1 265 255777431
384 360 940797673
623 457 908557118
558 118 420861173
658 179 48611210
357 344 529653396
1 16 906577268
9 81 573500170
1 175 543781133
1 326 202355986
279 112 719699493
496 205 279884810
550 1 690066263
1 689 877316264
1 590 48325361
1 352 255156438
564 60 56221695
228 1 881525989
223 480 260448916
677 315 584289232
280 59 513412950
1 7 340145888
661 374 367277444
1 58 42653586
1 270 938156471
116 204 349976928
524 44 586044408
81 1 963249985
1 256 345804601
510 1 291587886
1 251 111392231
311 333 906450916
681 253 57931652
23 1 145609565
356 90 891467815
324 457 304678651
508 124 956996712
1 645 229678823
587 538 198393644
501 224 124640889
507 48 209097715
375 427 458207712
1 286 67257189
1 57 37184492
465 1 250270380
553 364 289060464
601 472 64399548
432 522 890790203
599 673 956397525
1 381 64324065
594 507 61927777
458 1 639607672
81 454 220143320
1 223 333884225
315 170 867349723
1 510 206686002
1 91 775745049
646 339 364895455
589 272 854565770
37 1 188945242
274 1 205617132
677 228 869247517
486 1 688207323
493 198 24577919
477 625 961059923
75 519 396588427
488 301 521279461
118 4 356192995
150 1 769834497
72 611 94797756
1 598 652058458
650 328 578936462
399 336 965927280
1 477 677435986
4 3 812682573
210 64 146897324
617 682 675352190
412 117 359343474
309 662 96844444
87 267 854302322
43 1 952068794
68 22 805649670
497 47 509040634
292 309 972709266
537 1 664714926
325 374 444696574
637 304 662662135
333 666 449546785
399 300 409509970
273 202 264287588
229 498 995113915
260 1 754284046
323 1 145948869
264 1 225368193
307 255 795273739
613 399 496949330
297 1 812236224
6 48 855070876
25 301 53889505
205 47 446691207
587 1 465978370
215 542 290669772
1 97 517267941
227 428 701805025
1 92 736128027
552 1 540781024
492 653 746767125
497 576 346953605
662 182 17972717
1 418 486513246
513 282 121166696
300 372 192375427
675 184 801769610
1 15 703279414
502 21 836193658
252 1 539227303
427 10 757256253
1 38 506718048
40 279 677517098
221 660 649950280
221 1 47150389
598 1 546435936
423 1 72001039
517 481 274075550
293 504 177825239
256 327 400314735
275 195 304185162
217 526 588485513
223 522 792827861
41 96 400791990
47 281 346962355
532 677 403256039
108 535 231983597
1 110 802114546
687 74 830325171
561 527 248615167
302 195 480173446
51 318 36125462
402 1 773629070
603 443 219848902
441 503 22708578
565 1 749042288
183 107 133239402
40 178 198208988
195 110 805671007
66 221 134740082
413 40 846261998
1 663 283940702
615 1 844549383
1 260 195665147
106 316 160513630
390 583 651371383
1 234 163996695
525 281 520318596
490 203 180636855
351 478 229841000
1 216 496383985
530 13 197744331
116 345 222512348
520 20 486657484
121 383 246509762
237 323 750324713
42 392 490270693
1 225 899090044
400 493 294978785
401 511 370756376
532 1 235929756
516 433 573057521
628 422 43190458
259 624 438953234
218 562 194284688
386 1 439599272
164 135 606977559
95 592 16168900
463 354 998945086
217 94 391342622
385 382 364410911
8 179 398450898
1 574 581747920
311 149 384387280
1 408 406388336
488 34 495300668
106 1 454340080
202 378 287945990
571 542 81533619
145 403 433112154
1 178 467445892
83 1 344012120
418 53 492628368
477 66 781192917
463 347 810840889
374 58 137942244
381 565 165978655
642 207 941661681
468 1 413764654
423 564 667091253
1 238 735793027
564 1 669947845
662 281 483149630
646 632 369094807
51 90 111719262
138 491 817009608
546 558 992073688
219 544 261841543
37 167 606340256
291 315 456480018
94 683 388131133
1 201 609819621
279 13 558218290
573 185 524859855
1 653 4852667
99 176 440775543
433 351 3017256
1 404 539199418
14 448 370606606
238 578 666456491
366 1 405977676
526 661 738557076
497 374 223235423
272 1 848923225
356 584 53189918
440 102 782663370
299 171 363006782
527 102 110015372
565 581 929878824
429 405 818060742
320 85 583082298
605 531 376872292
565 1 152117181
195 1 675274806
40 341 148408177
306 205 327680054
303 48 146927932
1 101 18389767
376 511 426710684
133 411 117601292
450 1 934738645
541 283 815889100
276 34 336560220
38 308 739682185
42 92 372418713
128 1 862094512
685 1 531259859
636 344 214045600
399 253 45298377
1 606 380880865
297 1 485943892
689 1 734082712
50 1 261728940
596 19 859435217
148 645 425177599
131 91 568565998
258 527 874113754
265 411 111445984
474 250 680683483
202 63 80776152
426 1 443644426
584 311 917644411
88 250 501024038
42 207 647818287
174 523 684930027
623 596 72894652
589 667 398543489
272 500 689784711
57 303 133877516
510 1 559997091
499 150 126863661
606 325 890976306
328 14 173082838
1 236 497364600
570 495 146227067
666 442 695668110
137 623 694943009
360 171 800614630
332 387 708213160
127 256 158496779
1 293 718346342
486 409 801039936
500 240 610444405
281 1 905547967
1 333 124943305
395 375 531298287
246 1 426688585
28 236 703376830
1 192 58350193
164 596 290325049
517 499 496632124
103 71 416657943
122 1 239416343
1 332 751039431
461 444 17844999
324 1 836777580
414 1 632715519
102 311 46032936
237 394 490092276
1 131 550721289
188 466 2590077
321 498 685353407
174 521 121603800
1 368 457125604
40 449 14971573
405 296 61804876
36 1 810901397
531 292 29516753
301 54 731091011
415 531 268963184
153 1 212798936
247 474 40295455
466 1 694058394
286 1 716554946
333 198 832584092
1 226 679331613
594 11 771653999
64 77 303160978
33 1 536867074
147 194 637914295
642 546 646492818
67 1 338361911
75 589 191766410
81 490 538640425
63 486 66867660
571 551 704009559
629 148 781854654
93 417 855258937
70 614 321203555
343 1 731124881
235 278 558344257
1 409 653896120
407 1 27231423
462 252 969580940
657 360 224817155
467 429 981680859
204 1 821873236
67 682 969268460
463 1 301882373
1 94 405004839
1 51 867593746
617 1 809198509
275 1 508357018
12 667 45541390
300 419 203391303
1 28 148180064
152 196 197988487
517 536 106651303
533 211 319000536
408 571 544662453
322 272 405086758
123 124 556701380
652 630 625511392
206 1 971571895
408 673 768791844
669 209 263512481
612 629 440721740
1 570 584965804
231 535 404787691
1 256 229215464
314 273 415588741
1 671 14244054
306 1 589236789
107 163 42677041
191 216 737534912
1 562 594368563
403 1 349818306
1 214 418682420
168 615 231466784
364 550 220601861
543 1 12833425
110 354 546272572
134 128 941359737
634 523 80678214
658 50 108047013
341 581 864600636
315 80 9042757
522 1 896085488
518 1 157451296
317 511 824935291
46 519 576867681
316 434 791072986
604 336 439922518
1 318 826931163
578 387 864793346
160 575 997634366
1 27 22921783
429 1 822411728
332 258 44195582
501 348 470603814
600 454 745667647
645 375 844874918
140 589 158552183
138 606 568060543
235 321 180562096
1 112 564747389
1 630 679344860
13 290 250780167
643 454 496260593
30 640 253128396
148 625 918756788
274 388 633506045
1 167 253569210
598 1 864053030
340 1 923641495
262 519 432666302
283 151 817275648
286 135 810361264
494 1 100949554
318 1 56839647
1 375 344318117
179 1 618021459
240 684 774172611
121 368 724748656
593 468 741612194
1 342 809870913
368 263 25863942
609 602 427831793
59 619 44117089
2 220 777706439
540 1 812276537
162 104 653776801
9 463 833671825
1 661 526543539
61 1 872774296
236 188 705306662
469 539 538667505
504 265 776671854
623 228 367740319
436 211 773580995
351 22 99493232
1 469 998598923
656 1 345209433
198 601 423658039
70 296 949853215
548 419 38336041
354 91 961202922
1 473 870143877
365 154 86157074
509 447 881162826
524 649 755853962
114 540 385988664
1 548 170667972
446 488 372794031
1 183 530843746
1 482 304978135
411 1 136647074
556 1 405167375
227 1 479560418
1 498 361399908
641 191 668436428
309 630 584813460
211 342 288891799
234 581 877883660
663 1 850351670
686 1 571349635
476 351 524592224
473 1 645770644
149 88 684407725
273 1 8956417
188 514 992470643
560 509 364687185
71 1 763000000
646 57 433058896
337 484 653233875
68 621 14142465
1 22 698398138
558 369 993060870
368 1 820919020
351 1 577208326
235 58 617802382
248 424 120668703
1 662 403334001
108 1 117722856
487 428 10403213
440 65 362260165
155 586 51428094
24 466 325781728
592 51 221472434
349 494 291406247
1 413 212990530
677 1 806657021
133 1 782778912
420 235 315505531
199 535 880681605
1 564 866828527
1 82 531174540
439 235 216532156
183 486 838713583
147 1 23840391
150 347 473816722
61 181 47972404
301 581 910163878
1 137 137417163
132 41 282856238
78 421 123356001
558 185 875428389
238 1 658802165
107 498 274507482
271 1 721963287
153 681 317061713
284 591 111525569
58 43 545560132
290 468 781397849
493 591 522971869
506 375 641529547
196 66 108118863
1 208 920433453
468 647 428949445
1 433 437084422
97 216 883292229
269 646 858167031
426 56 950912764
316 249 76918634
366 449 916443896
1 138 922646670
1 347 513217828
317 266 23401464
5 1 684475324
642 345 104101126
448 686 659315640
1 78 896434431
100 1 97596500
512 1 389158595
468 356 100137042
1 382 647928971
2 632 911786343
564 1 253258771
282 354 74158669
524 329 762843797
1 472 116657865
4 559 590814547
595 210 64695539
573 129 775395061
688 661 260085814
619 376 839349816
489 251 137345779
94 672 969163626
578 322 327029929
1 123 388433296
375 1 137149022
657 1 260600095
1 564 810885748
1 187 918791552
1 490 585831047
1 349 340130612
463 41 678616006
1 121 626289058
45 89 101504342
660 316 53357045
78 378 444924395
1 509 788532081
413 453 332039006
110 48 459232816
61 8 367537838
247 1 109166837
349 364 917108132
1 266 267279772
638 360 293326816
521 257 34478746
193 449 332759793
337 21 621127227
133 1 965526797
268 180 393127704
599 20 245110099
1 659 746012977
54 406 896239818
332 1 937442913
492 659 933058409
579 1 388869024
311 1 502100398
179 296 782525644
385 360 69247041
471 109 624595321
296 119 30679405
524 614 589611875
31 238 694892803
478 361 18958996
551 204 686162935
1 251 872655802
222 174 81012494
1 586 321237886
65 575 461125662
1 499 649831396
1 409 102429660
1 520 168285377
1 252 564520591
465 1 695491597
120 399 540392286
459 427 720849014
283 1 269619864
96 1 368866424
192 1 428177433
471 18 98057917
1 236 711105710
647 500 269653764
590 595 54561530
529 56 412356910
619 420 982784402
600 405 97234610
154 600 812204530
529 349 999393171
135 1 444456947
1 565 338483477
688 671 604281437
569 511 333046345
511 565 207844489
1 223 778949643
122 2 122993652
427 51 863344703
610 1 713521275
399 25 221260818
1 630 217321086
647 162 83842851
355 684 274586214
73 1 525841097
297 671 833780357
663 1 60662509
632 1 842435239
12 1 119806445
626 605 937898909
130 206 265091128
406 678 84592137
550 113 967188233
634 508 134009812
481 679 391908774
175 1 5363251
414 32 934378207
491 17 550092225
143 459 903708508
1 381 831435529
193 1 667046246
583 1 673120668
1 159 84644148
78 325 877460474
602 411 814894273
633 1 431248155
1 606 880202072
116 47 136106643
468 265 934370221
293 70 271297346
376 1 53670347
383 496 411567774
1 118 971987738
9 1 948753787
1 359 233686570
175 297 484711991
238 1 204741842
44 12 893246516
598 456 9224632
106 265 167589120
81 240 284221752
302 17 589333052
10 266 101586902
61 564 528106215
556 1 289894841
1 192 846116641
519 622 699538007
670 15 588052829
648 438 327296287
452 295 393050081
9 576 584149231
202 361 526358558
1 459 519906916
174 665 516819478
217 271 144854371
136 555 871550101
293 673 581454859
593 584 571598352
204 653 310888684
24 245 371702910
327 1 912531102
1 646 46860096
260 636 709957650
375 379 986968201
169 1 900803212
132 181 376487341
1 598 417300595
196 499 724810532
252 543 377103588
342 120 520266259
558 177 204426714
661 631 829930936
550 1 505511123
582 137 860337999
113 282 271426938
672 335 791411969
109 344 594054216
509 1 397666354
461 232 276679800
132 404 981427185
602 344 388216696
43 560 78986555
96 668 553163117
617 143 822531165
65 273 969405681
1 539 367880616
522 107 349431461
618 228 547865038
9 1 786213891
86 477 369226603
595 53 506609864
127 337 90696725
549 397 404979723
18 491 542907752
541 53 409222097
67 1 700485885
470 98 795264212
1 22 75789552
69 506 730359048
117 1 509219792
616 1 751883458
1 426 403309645
465 664 636826801
495 1 940514202
365 126 23744636
1 26 695667847
1 454 370024745
554 314 413662527
356 258 942551249
1 629 863719660
386 1 506303754
1 64 104475970
96 1 417374274
1 683 793342473
72 1 988298690
427 1 141143028
222 1 614106649
355 368 817808614
377 328 511374834
284 1 676483945
206 582 807576427
243 60 820973079
385 226 906288997
1 469 764152992
1 15 610780117
200 623 685609682
473 240 688825118
585 230 496804014
57 199 879406848
404 79 866790162
1 412 484732652
278 1 418642420
9 264 759177535
141 120 954537432
639 1 607492204
306 39 391119583
52 413 769678300
665 1 874376350
504 487 731320110
91 524 27479635
1 25 729479588
1 124 895194134
280 153 588689273
451 413 414897461
1 665 205660844
670 1 835977110
202 243 396870569
577 492 570308362
1 230 701808409
489 202 609757847
605 533 431707524
170 232 187989938
684 68 501086008
1 158 995041718
1 78 916621014
394 298 566630105
351 1 694705321
289 131 252163923
522 325 393395678
431 43 707013527
1 382 143126017
455 171 657372056
285 453 837117863
514 435 702634879
1 7 560826319
405 1 957415182
588 1 784683673
579 76 657774848
390 51 666375976
1 639 673456107
395 392 908284184
492 1 157410638
209 1 461906513
326 541 461353435
27 1 437251959
672 1 869881382
392 174 492654785
612 270 721077406
76 99 479362157
108 28 925685552
1 289 282943067
144 293 848373565
9 249 358183171
543 358 295380011
73 1 497061085
192 1 42291025
446 265 922345329
302 1 648822579
559 1 407723362
240 641 67583560
602 1 172500001
543 520 451257341
38 1 246988470
1 203 828683082
144 596 659184254
666 340 717514371
306 442 840049290
556 1 36227451
452 1 173089903
1 101 544811802
1 641 671930106
39 104 164854984
429 577 613188042
82 599 424251415
169 544 265909233
136 621 263406627
173 31 7537772
500 464 945731452
591 254 241409237
199 529 415952447
209 620 29677382
606 320 56717781
128 621 595610456
646 1 113137459
621 394 980571907
351 332 503000695
106 1 853903583
476 1 624025903
153 422 101330617
629 1 701423255
110 141 569013473
300 662 828138238
426 188 415527030
365 270 824941313
128 83 899103955
54 416 824673600
1 354 390945133
265 1 489660183
204 425 881579273
471 546 199569455
454 538 334398576
2 1 293361262
106 617 409440039
1 396 821339188
1
276 1
