57 1888
19 5 333526623
38 1 711262481
4 1 281604701
38 15 799062676
20 1 637379654
35 26 570613298
29 50 79681491
6 34 955754
11 35 885398500
1 7 614854542
1 11 82072478
50 47 629191699
53 24 157914519
6 17 344917970
3 13 692707957
16 21 422262785
42 7 92005330
28 42 945524520
19 11 78452666
55 27 197056929
18 42 904352812
1 50 258632447
43 5 806082634
1 14 452478259
30 35 564265499
19 38 913283554
13 1 824393252
38 1 386828255
8 48 470339649
16 1 714400649
14 41 51204157
17 3 937491583
1 30 657316181
23 47 368526908
7 1 779459439
1 14 550351284
5 1 893592614
31 1 109481505
33 44 301358785
37 8 188796561
39 13 982198822
13 37 169272675
26 39 701014452
30 37 751283144
19 44 453408822
55 1 881812779
22 15 596475029
30 44 710809411
15 2 863447326
21 30 656337382
6 33 197596935
43 1 756562826
1 35 649332069
53 45 728437323
1 31 861134436
33 1 402744555
26 31 727145847
36 51 375468821
7 5 105753228
53 1 838323957
54 5 346331590
56 1 306053226
10 18 757962511
48 3 986105959
36 25 100440480
35 30 789877389
36 1 98130724
23 1 445875426
35 36 170663791
12 50 714456437
15 26 902096261
52 31 994536058
25 19 499086545
6 1 881162519
1 35 970685187
48 57 174836751
1 37 705435202
52 3 504761433
10 24 931062350
7 17 226561812
27 49 618305393
8 1 845971782
1 41 60682328
53 1 354479381
6 49 263947015
13 51 335788576
19 16 389976147
28 13 635875378
1 46 127766134
48 33 325769161
1 54 799651042
1 57 87507331
16 13 818803334
22 42 748902591
22 27 624779938
1 6 88276889
1 25 573061170
12 31 282279068
46 30 516341990
27 41 538827443
12 17 824515394
1 54 22894534
30 49 732120141
56 1 261231433
3 2 649628777
1 12 144976947
55 31 490489102
2 51 277212922
19 48 247409312
1 31 161267106
27 46 637622102
1 42 406501836
25 49 559343968
5 1 901147913
42 15 894453434
11 38 246124729
1 10 128232650
49 1 91153393
50 40 131431228
7 26 563005525
1 47 533231782
48 7 873158348
1 10 769539597
13 50 424630142
18 49 432234110
6 37 672916839
37 13 176771814
41 49 972459260
22 31 202218630
25 40 246996017
52 23 448688444
52 1 320832555
25 53 50767162
25 24 440992909
43 1 743950623
1 13 257801058
20 30 954114826
34 1 12761029
1 3 852772446
8 56 847809528
37 1 498716272
21 50 189044660
17 57 350193687
1 7 213426972
43 23 808020668
7 10 983006832
51 1 197805376
47 1 373393344
7 1 966576661
19 44 597355906
53 18 410531552
2 51 428233155
49 10 473168424
1 6 406566105
14 43 782000080
1 25 20423179
52 24 372214040
44 38 916666972
40 34 791625002
6 32 620942690
1 13 359781009
35 29 514291259
1 45 91301445
7 37 59458585
52 1 937109883
52 26 230445237
52 24 118105399
1 46 229177443
39 36 553776252
23 1 563596834
7 39 962470442
38 43 160615394
56 25 530730404
1 23 124032198
33 54 944224170
17 20 507022156
4 25 770516723
25 55 38339776
2 54 682276393
32 20 364798075
1 46 468267557
1 33 731771524
14 39 551100227
44 35 747616548
4 23 612612844
56 31 183292054
40 1 325212408
14 1 695824533
16 38 391401402
30 40 32531860
1 19 646641111
42 24 381991225
3 44 751562961
52 28 583562710
54 52 823047693
10 29 761072230
3 14 721538239
31 1 204583851
1 28 23020784
15 29 698748234
1 44 895856078
3 18 875673157
1 15 209240501
57 3 435570250
23 26 717801897
1 10 525257804
30 16 758193370
22 26 790817476
4 34 348705041
32 13 782919534
52 3 724933326
24 37 876419734
10 30 542333951
8 47 451782584
8 1 596091489
24 1 167248619
20 3 806428841
2 31 653728145
30 42 378751052
36 47 820203333
56 18 831530883
27 1 609248134
49 33 504921714
46 18 753933833
2 17 465126372
44 1 646791624
8 30 30657781
1 44 906975838
28 1 152900703
43 26 959396693
52 53 300636407
38 50 21504432
49 5 920369277
10 3 595762291
45 47 48159590
31 1 404599841
1 7 697615996
28 34 927964142
17 6 425269289
6 48 532849978
1 28 183028956
28 31 867340066
18 29 495699835
1 39 485849051
9 23 92926342
29 9 663900984
50 1 419072246
1 29 567479097
16 24 561781948
24 31 479953719
1 33 500696405
1 56 214909553
39 53 423945348
5 41 841675470
27 38 955666839
53 27 293734184
17 40 46608368
8 26 242989481
29 2 518499590
34 39 407476415
35 53 935487895
5 36 523492691
1 24 236019017
15 2 442769455
14 16 506559828
33 13 63259350
1 11 412154529
25 40 469892764
54 34 312892022
21 46 139923821
28 1 267518315
39 3 516759774
38 20 81039211
18 11 944340938
26 36 198157424
39 20 530929642
50 25 175155941
26 46 828272368
1 20 824337616
40 16 952951513
56 15 226385345
13 1 73476960
12 19 360367603
48 50 533876870
44 1 312936201
31 53 461891041
50 34 732871867
14 35 275397171
52 57 184043959
16 11 728858580
6 32 372790029
7 1 5750376
1 31 466952518
16 1 589166933
50 45 259604822
49 45 175712702
28 11 270430968
1 54 801499421
56 1 157529665
36 6 659487713
6 28 743137120
35 11 36197246
15 1 308017548
41 4 317329521
1 11 6094439
54 47 853046294
4 34 807012510
55 12 302682378
45 20 71197822
21 41 907217875
32 51 106673671
1 5 673927550
38 26 66506655
34 11 830125242
1 28 307349411
37 28 646940642
54 53 797809246
1 42 185315143
27 1 951280275
1 51 433870573
16 52 478266029
46 25 855680302
27 16 316285277
25 1 839161895
54 1 312992259
45 56 867627746
57 14 540757233
1 43 144177211
54 17 919720577
52 1 860538317
29 1 367318048
57 9 541723167
45 42 264632774
2 31 674384772
26 36 536211378
33 1 714772169
8 17 523880271
57 1 511391216
1 28 687806352
38 12 262536665
53 43 538017809
36 2 130089199
36 50 736836313
38 50 732814842
48 43 903255306
1 40 40990076
20 3 653989618
1 47 466026549
31 44 495741792
1 8 327491128
29 22 372992506
1 41 457370626
10 1 466459948
52 1 737763536
11 43 152630156
19 48 724114174
28 33 938545354
1 42 844750542
26 46 478639836
1 40 192557807
41 18 256766622
50 43 833256001
52 25 16159052
54 4 122612735
28 1 420401774
1 56 946186318
9 44 856801540
10 44 602958598
9 26 505650377
40 28 271693523
48 38 622879332
54 56 594421953
27 42 501697417
33 24 25443722
40 48 371854844
9 14 997467408
9 38 926457457
36 40 709656254
13 16 554135881
9 30 553953078
48 3 240334186
8 15 649477044
48 52 98670540
32 50 408151138
36 54 23447180
48 4 605875985
55 1 165967115
54 1 132180877
1 45 559584589
18 11 814406279
1 37 781461077
36 33 561700245
54 56 373484294
29 41 158085507
55 37 125744086
17 13 913230177
48 46 413239447
55 51 305080821
27 1 31936769
1 34 265656072
57 1 471051726
3 18 296621258
55 1 724334211
18 36 477718564
45 21 199055357
17 1 952646836
55 34 45352716
26 22 566141613
49 25 720303286
37 4 762859323
47 9 869316215
4 50 737985055
1 57 464224763
42 21 164738252
56 42 427371482
26 20 405210855
1 40 73089466
1 47 27167414
1 49 538230746
55 1 303523892
11 39 288500651
51 4 583431474
18 1 309872556
1 44 145699578
9 1 170899898
40 9 770768624
29 50 723759344
42 1 750531835
14 55 545656175
1 37 763767880
18 21 966192737
14 29 752426170
17 50 946252133
1 7 189132549
1 45 414400526
1 50 332350661
29 35 45786155
1 18 714671722
1 18 389192371
1 41 893657978
22 31 654433819
1 39 240528032
53 13 155002879
1 26 747231390
22 2 322371205
20 31 743969020
10 1 751074253
53 38 128103391
35 18 659968841
54 43 532644836
34 3 771089737
47 2 375298816
16 1 236291136
44 50 558971142
1 56 773055579
55 39 594741985
19 42 607078680
1 2 996778809
12 4 310283304
40 43 277483678
1 50 486366475
32 36 510134735
25 51 415757359
21 26 969108127
1 31 551377093
53 22 470147889
31 28 205223416
15 20 135293403
57 45 145789637
20 55 212425615
24 57 625729415
9 15 900180877
1 16 279915199
1 19 91710811
19 50 408822033
45 49 422905605
23 36 189362059
1 30 597952333
29 40 58637093
1 3 561390623
16 1 87272993
17 20 482156649
1 2 599447989
51 41 430175275
24 12 742853714
1 18 156147330
22 16 78245433
17 54 530610882
37 24 86636123
35 19 205602110
33 1 519281322
44 25 394214570
2 16 94801820
8 35 919361312
14 16 361494069
1 12 510023253
37 10 134206056
1 26 984659973
4 1 188553297
9 1 735803136
43 46 275195452
40 1 947596569
52 5 897786715
6 23 97961404
9 41 929222830
1 13 388206296
29 9 148082302
42 1 707607881
17 30 701924824
38 4 291607263
41 57 424502776
38 11 797699736
1 36 592813098
1 12 857276885
52 22 6320127
52 20 263774575
1 56 189015004
48 34 432813562
46 16 493419864
52 21 387499397
1 8 354339662
2 52 762161494
2 16 728446003
1 15 223090134
52 1 154729253
53 34 159562519
2 1 949247679
14 5 209345119
51 7 681809251
8 41 502664496
32 44 398183922
38 31 809511801
22 2 170792492
4 45 111797740
27 1 337378861
41 45 95087428
49 1 953813758
23 1 839675787
46 1 937543401
17 21 96477934
1 31 461777592
47 14 420164317
48 1 974112305
1 44 544608848
39 24 739383112
33 56 992418283
26 48 639815726
1 6 23031725
48 43 429820890
30 23 467903623
19 35 667264379
13 29 849933990
1 25 149034465
23 30 704385313
1 44 929039226
1 42 55989278
1 49 667559862
1 12 806122888
16 23 617919398
56 1 117002555
27 1 119597292
48 26 354295257
49 24 813500829
38 24 594299376
33 13 41865252
28 19 244921754
11 25 247214359
37 22 830282830
1 39 364897194
30 1 794298764
51 18 353246960
15 54 599322389
2 25 837136717
18 28 527154733
26 1 980765285
52 37 408620739
1 7 880022491
48 23 551992927
52 36 164186944
15 37 826832265
38 57 514956997
4 12 459408229
4 1 585151907
12 40 537469535
48 20 775198117
1 2 516314501
19 17 804289491
41 55 619661093
1 31 746125795
27 24 331765552
29 12 610132058
56 50 462478115
1 9 22425134
16 1 251074941
32 8 201512848
6 35 470385778
15 25 621513139
27 1 696700644
52 4 547366931
16 1 296884695
37 49 607835198
54 45 150975116
5 48 933352927
39 8 498475721
11 43 531136432
24 1 683814884
47 35 754312449
9 52 755242773
32 45 296199232
56 22 474041644
1 9 237922649
19 4 30113550
32 38 700569961
9 1 245379614
47 22 551028035
54 5 642165026
1 48 879300738
41 8 32963588
15 33 13422443
6 45 60336704
25 1 612168157
1 6 861547322
1 25 551687621
1 39 62754536
51 16 628780739
28 33 881139697
7 1 286924826
1 28 876720865
26 56 145772015
24 18 1913714
1 20 392192693
37 40 279888766
27 16 438320861
3 23 5368276
26 21 740876968
1 23 39993006
1 39 570607006
25 1 726668226
52 21 821678694
32 3 832693732
10 24 92851364
1 37 14889892
5 50 38430932
31 6 218221954
37 1 956556784
43 54 193519248
1 36 607484912
33 51 716565291
20 12 611370915
3 15 860114543
8 15 801315905
7 16 579492678
17 1 927436888
5 1 49747106
39 5 448656597
8 12 83363241
3 11 374365749
27 1 531247753
39 17 739348582
47 1 554261186
2 6 988971167
34 9 254617907
38 19 757983726
52 1 41175189
9 53 25423604
1 36 566990469
42 33 722122775
26 15 845967379
44 22 655660562
47 8 956742596
54 38 12778117
16 38 594489033
3 1 33319630
10 1 449426412
19 35 847888933
47 1 477111280
1 19 277764736
41 55 986707232
43 41 425415167
16 3 531214568
28 8 79854243
3 1 315488780
5 20 40958068
3 45 924268561
1 32 765466347
26 15 161271901
37 1 961208297
1 26 712620586
1 10 726918955
41 26 633540640
1 51 175463857
20 44 910183085
32 57 584713311
1 42 455752098
37 1 521304396
57 25 497793417
22 6 527361739
42 52 536101842
1 6 584697734
47 22 963449610
7 29 788261318
1 38 869940724
47 21 282689142
25 32 490643361
49 39 89011281
29 26 403397619
51 20 458316616
7 41 495152387
30 42 169563883
21 29 203772443
50 12 127291467
28 54 646902480
51 41 464856727
16 51 561067094
23 57 808251582
1 11 917253844
9 1 777976711
6 12 450173312
43 17 644342229
57 1 608890182
50 1 595017669
23 5 371268990
34 10 979274010
43 4 652199146
1 3 108145785
21 24 898005211
1 8 910479824
47 2 871640309
57 1 117121201
31 40 826627605
1 20 382781769
51 26 898105135
21 19 634686887
1 30 813139800
24 48 658973921
24 1 215856372
21 8 513532119
3 1 599996779
5 36 870416771
53 47 303449964
37 48 453702398
41 31 748749054
30 1 133187832
49 56 561959957
42 13 72567045
56 1 980127757
32 35 189203439
17 1 505423095
1 36 858101019
8 1 409858354
31 1 495481093
38 42 440586761
20 1 606041417
53 32 887093395
52 1 995726551
35 53 982344846
37 8 372013413
39 55 197007875
56 20 343552206
17 14 835081315
31 35 4573956
56 20 280336976
50 21 202227397
43 8 774185729
2 7 390253223
2 12 367927903
48 32 547477968
19 12 225266240
51 24 517636908
37 12 733420279
1 22 313339497
1 55 475481466
52 1 278278549
19 37 846327576
35 36 688625279
4 57 804090515
53 49 193441886
46 1 853260870
33 37 464576432
54 1 146855867
53 1 155941456
50 34 340128442
33 21 677553222
55 54 351477899
46 1 775588452
1 3 979018903
36 1 231139330
5 52 951321906
14 45 257747522
37 11 109508254
57 45 130067826
23 57 819653517
17 49 728781356
12 24 37322869
7 1 682277607
31 14 338516181
26 10 210306127
28 12 100386702
4 16 979519268
12 27 607481012
34 23 162426470
52 28 811519774
26 43 384801417
1 22 630798013
6 42 359065632
1 42 973065357
1 29 769359208
5 42 173681743
22 57 782348347
38 21 824943290
9 1 273421548
43 34 308270091
38 17 385207969
4 56 645641958
19 29 800858256
51 28 825934772
16 40 169397845
23 35 405763980
57 40 161720522
19 1 42760430
48 1 719138462
13 27 660861636
1 7 260146225
15 1 884351804
35 21 887964319
47 21 943932799
17 50 826463082
18 42 933973639
32 1 142681772
9 1 951816295
46 12 962067594
1 22 466443911
15 20 995385014
41 1 743029692
3 11 953845024
3 30 801485343
1 8 675488009
4 11 610860365
40 57 641063616
9 34 315514350
47 1 585234460
6 17 134137352
50 1 181428614
22 7 710351244
31 1 622098977
48 1 147054445
52 4 588923171
38 19 166007717
51 12 42586984
18 22 122761747
1 29 872704954
1 9 84057116
1 38 888103849
1 24 498184426
17 47 912302947
24 43 748908960
37 13 516193316
14 1 88358621
3 45 892115568
1 8 478753774
17 29 277314088
2 22 640407513
1 3 964589964
29 55 134052695
56 5 690539402
42 31 369338563
50 41 805314920
35 23 247153063
22 45 568292688
33 32 273183215
51 5 671592701
56 23 557342815
7 1 317363477
5 48 407950114
11 44 753585340
31 1 20999908
24 26 512144189
23 13 536292834
12 43 178958429
40 6 737840429
21 1 981958919
1 31 715685103
1 16 850542268
1 12 385931271
49 30 200611601
7 8 442255904
56 27 172326261
1 13 376059300
1 44 439741428
9 1 685310176
25 28 371083723
4 18 264588689
47 21 630868051
15 23 856164412
1 27 594838366
48 23 876471227
1 18 132064414
2 38 491510393
5 36 813405106
17 8 388497500
1 56 979692509
19 15 487148833
10 14 871913651
1 27 574727606
42 25 356283324
20 26 624494946
31 55 99216687
26 32 669758218
35 41 346970494
7 20 155069662
49 2 765110784
19 36 385735158
53 27 282372876
54 2 564405858
1 29 669780488
30 25 789268153
30 1 645009306
57 8 424794171
44 25 550323283
24 17 639368907
13 50 802678111
45 26 265670719
53 57 722851294
50 52 380320276
2 10 109549344
51 53 193205433
1 37 983406960
4 52 638510428
45 21 326912718
1 16 466504522
47 36 967749670
3 48 925694277
7 6 692759294
11 53 862084135
55 1 149768282
1 21 600359484
33 24 782219099
9 1 71212025
1 42 418793019
9 1 665481844
54 20 431192015
46 27 311698692
9 1 496639806
23 1 441502572
50 1 337491948
37 3 974978361
40 53 147330267
37 53 42828597
4 24 367501403
50 42 87835707
44 9 653263552
32 31 117114849
1 53 344799953
45 44 430037588
26 7 207979497
33 36 295193064
28 2 196493265
1 28 478536567
30 1 6844559
57 27 857297414
48 1 625159001
46 43 66899342
50 1 771445773
1 34 813477968
4 53 141180448
39 8 59282513
47 50 838504354
40 23 643393188
1 11 746750664
26 6 827755133
15 1 89324032
17 4 925492156
48 8 39841505
11 43 245184455
16 55 537453289
28 34 849657378
30 52 495671902
15 11 610014628
22 1 752859392
1 43 719345112
56 52 707301197
1 21 663935708
45 1 797835589
18 47 990335213
1 29 867594649
1 31 358466936
40 48 958657559
46 1 969761446
16 28 509822314
16 1 811580187
4 8 399409386
43 38 144308019
48 25 739343755
22 19 826809498
21 1 172432096
45 56 434285521
26 43 860090040
25 1 768369893
5 6 654621249
50 4 603432299
35 1 682074963
15 1 508224258
34 14 269186630
39 37 113898340
49 5 338036166
57 43 157548727
4 28 213731019
1 43 404974206
27 1 278424372
30 1 142135201
1 47 538686069
1 49 690127723
27 55 72697566
37 2 104453690
43 4 209939359
38 53 78486848
1 55 147466409
2 55 689064985
13 1 938920431
1 38 808621944
1 18 9944079
33 32 527312037
56 21 589180835
10 19 292493156
49 12 783664036
16 35 821502864
31 4 342703884
14 11 664009276
18 41 446393096
24 5 765825992
47 23 188030048
1 35 772836287
31 17 583063860
34 23 413210773
32 21 14274379
1 39 199616203
48 14 151829021
25 48 549249350
49 52 566441960
32 26 419862136
43 9 65292338
1 36 516908822
17 55 90677589
15 32 333527068
27 4 145554852
30 25 128253395
46 52 235719973
11 13 355859354
5 30 522384363
23 44 790604264
23 1 748644334
19 11 265248654
52 2 584312048
19 8 89662355
37 43 846408702
9 29 386941014
17 52 21014660
51 36 12345603
33 44 357259454
54 8 432256103
22 9 937943268
1 46 536048138
25 12 954893855
23 37 683407166
9 2 472616741
1 55 603371332
15 32 357764281
35 24 376018528
42 16 117618801
26 56 120298738
22 29 328373566
52 16 865597574
17 19 707117390
32 3 930774685
1 28 376364000
1 13 18595375
20 25 817373682
30 14 872236861
27 38 310055445
30 22 369365034
1 22 328271789
17 29 758876047
48 9 412523728
20 53 302776586
8 22 665307929
15 32 962936320
9 7 749722730
1 10 879824476
24 1 337559369
1 13 455294541
46 34 104951423
34 8 986778838
8 1 280901630
32 6 924658074
1 39 982502121
36 33 655008159
46 12 378426560
23 15 918661670
1 15 385586751
18 23 46561840
22 1 914966012
4 1 968664232
1 30 58553454
3 15 30161451
38 15 249493091
1 33 832197994
13 9 140790263
6 1 67604338
21 36 627086268
32 18 20084955
1 28 405313129
52 54 473440513
1 17 712642754
6 5 23224055
22 53 942594950
3 1 950013997
7 33 208494321
7 1 909216081
55 39 86633106
13 22 361890929
28 13 267352644
7 31 3134410
22 37 272555029
39 1 150017300
13 42 726685022
3 35 858680381
2 34 853022532
1 47 431894250
1 46 914868726
2 41 853445665
49 24 417594447
40 12 746468154
41 14 459051772
23 17 99432901
54 52 802910174
29 31 633213696
2 4 897225886
48 7 731639033
5 1 216675260
28 4 833925486
36 18 706494721
1 54 25595031
4 42 267351336
41 56 129717997
51 1 931763979
22 3 681841452
1 32 781936519
31 12 239811393
15 37 202178456
13 1 294661094
3 13 167134151
34 29 383743825
51 52 361894549
2 20 642981147
1 40 926842375
10 45 967130805
53 1 491413986
31 41 335989959
7 12 794293982
1 57 465296124
21 15 788078800
14 36 573322968
47 19 396861696
47 2 570523187
11 37 963560073
9 55 846371031
9 39 803193374
28 43 108181911
1 10 909305473
1 24 374942559
33 1 260577462
48 32 224552071
51 1 53743654
29 44 669073044
52 14 298749933
1 53 917747195
56 4 828278935
23 53 378288423
56 41 995312796
12 21 434314205
27 1 373944712
52 46 309572415
29 11 237233888
41 3 626505071
22 42 729377763
48 1 65843522
1 52 507549369
50 14 598786143
1 4 880786510
1 52 647559258
31 1 207581551
1 36 871988099
52 46 642701505
11 56 356165749
1 28 535136329
6 46 307684944
40 20 748736616
1 20 977245659
25 42 758135460
21 48 195748908
53 3 37817590
14 38 775617418
34 47 938470995
3 35 211825077
34 33 997533494
14 16 520126081
1 21 722668666
17 51 987078164
1 48 850259017
41 4 770506672
25 43 621314666
22 1 387193359
16 47 589224898
45 21 635756967
12 15 513779730
39 18 526010742
35 17 984713650
1 29 335404029
1 37 922324086
54 45 997830222
1 56 40246638
14 15 334414009
21 50 796449261
35 3 889796271
1 8 594007756
46 1 159393063
44 1 425615043
26 47 505645915
21 57 185530527
49 8 475852656
53 1 750004668
1 9 659240624
31 57 932129953
20 1 823965721
31 46 42630823
3 29 766400753
35 8 952093864
1 14 922560547
1 15 413543842
18 12 120340304
25 55 859065162
15 12 263133078
40 5 692566336
1 38 393304214
1 29 238021948
33 1 531831028
2 1 265603142
47 56 60734062
1 25 583992699
51 12 52373182
39 47 145891612
48 46 859376247
28 8 777708724
7 53 531659471
25 1 161618698
16 6 28029904
57 56 168657963
1 40 893798872
7 1 778239213
50 4 587106680
53 32 147727466
1 21 772630378
43 24 621303085
18 7 431851644
23 29 355879844
6 15 550432491
32 19 954510677
1 57 47188119
33 40 814961511
38 24 980567714
31 24 329909208
39 52 947488538
4 1 38794863
33 3 835170385
57 54 241420850
1 22 474857811
1 7 978740272
23 42 530540276
1 45 426208705
26 33 496891712
26 31 356796906
12 4 343779398
7 29 848537803
30 15 797732004
1 20 629767245
7 57 471331334
39 17 95164004
42 50 632074584
8 47 787347901
24 1 649482121
27 54 517381110
24 5 527650037
26 20 675264677
6 1 560202843
49 48 708285440
19 37 702144112
33 43 76273115
1 48 950446060
49 19 584393124
23 39 945142574
31 29 109529284
54 1 184505883
29 30 916150712
38 9 879704157
6 13 5724364
27 50 25257247
42 1 166137611
44 1 64369915
14 45 997120106
51 28 146773931
35 1 223066275
40 8 714310663
1 5 197794368
49 54 359260123
54 9 657632239
17 1 385037974
30 22 834128469
29 44 898327434
53 1 948504258
11 29 165101249
23 37 892328074
39 1 774632070
3 13 725275592
12 8 251547280
20 54 197037982
1 54 3194479
21 10 431028972
55 1 677909201
8 30 548814906
31 1 100012918
1 50 369758408
36 26 236620481
51 37 254979018
1 30 503226909
53 1 378321707
1 26 957909250
25 33 848921632
27 15 560559968
55 41 406259072
53 46 129358100
9 1 905432980
41 53 454145996
49 6 21302138
11 40 747203700
40 1 311724756
55 1 283287902
1 37 857473428
34 33 495019211
45 25 531415964
32 49 849152803
1 50 196262070
8 12 168748531
29 10 994596184
1 40 249538287
9 45 514609477
47 1 547630039
1 35 262485169
14 10 337424313
1 3 547247724
32 30 833638282
37 1 244628839
50 40 734445459
32 38 791224228
29 9 99660015
38 36 38411605
1 17 344105408
48 1 303867279
32 40 709936452
10 33 913308876
1 45 863710562
12 25 100573278
1 37 405836745
45 5 736308833
17 50 117353652
10 42 426770998
10 2 958942226
14 15 600721552
4 6 935946383
2 29 281012197
47 52 199496384
54 6 317502189
57 1 183676362
42 1 285385356
55 20 485950178
14 38 551844145
54 15 415164957
41 1 292302838
13 54 18693973
12 1 393059120
20 1 657561861
1 25 546216075
50 1 666180389
43 5 558839040
10 1 507579093
43 57 218339578
41 26 296481575
36 39 99780583
14 1 897719657
24 30 232025535
49 52 558956708
38 3 241742374
50 1 153274136
24 1 345736392
56 21 694570365
6 38 594118222
16 22 538873644
57 38 39563543
8 9 593970731
22 38 426583445
49 7 559790836
1 38 654947499
47 1 603652712
33 1 89363308
53 1 189263330
53 13 34357102
32 1 544759001
18 44 500911928
47 51 81549814
1 30 258117901
1 10 187257484
50 17 634513719
17 27 108423331
4 13 708531839
33 49 552234687
49 56 895985736
51 53 759159874
47 1 421910644
1 35 590996466
25 1 92807697
45 1 803691211
29 57 76302461
17 14 203713939
55 45 424691676
35 42 544005756
54 18 926522881
1 52 264942958
47 48 797351887
45 57 270124863
1 18 686276721
7 57 140636212
30 31 970511684
43 6 568591134
32 42 417849248
32 52 74801650
44 54 666166707
1 49 372244304
5 33 8480
2 1 843399133
13 52 272734865
1 53 252759571
14 56 447481117
13 29 958390810
13 19 669329881
4 1 748723890
56 27 284775980
48 37 506675354
46 40 310065810
54 29 25927316
28 49 298890825
27 48 294741746
56 30 505326361
7 1 378751104
44 24 411844801
26 48 372831638
1 33 683696286
34 40 300649593
41 4 347313071
31 57 151773449
25 54 740975642
5 18 262287840
26 22 134112935
46 42 649088276
22 28 690117239
20 1 10062810
42 26 933821641
10 1 86141834
47 14 624012316
21 56 38078330
6 16 163977262
5 38 544758646
1 29 292363367
41 22 20296958
46 1 846248755
25 52 740392223
53 1 321106807
53 23 918801282
11 3 106789762
29 1 793080713
7 1 373709283
48 8 351653619
1 2 342411627
47 1 815005096
42 17 377672666
50 15 702221965
54 5 102865096
13 29 5426002
22 43 669751429
37 55 532291607
16 28 858577422
39 1 335921679
1 52 941660680
25 29 181058094
1 52 352808833
44 41 964541850
39 7 518583810
18 17 488713092
2 22 643309995
38 1 831086197
47 38 805325299
1 46 208422910
11 23 826459718
21 12 349451714
23 54 642355812
1 17 840575640
49 1 385374766
54 1 632188304
41 40 524502669
1 19 983968841
5 8 116009868
48 31 105004360
26 1 640268643
35 42 459968385
47 53 339991550
1 27 849116166
6 15 24576352
26 56 349154929
16 2 350073799
46 1 934823014
40 1 133308393
15 10 687891384
33 30 347578257
10 25 769870974
40 37 513726820
21 1 617858289
36 21 127098206
27 1 8187453
9 29 344904662
56 57 173665746
20 39 192890954
57 47 578378349
35 24 314852947
43 32 575172939
3 4 647207562
1 49 389580009
42 1 782521417
42 12 179651509
13 48 158608393
3 28 235115149
9 10 918784168
36 40 633973994
28 7 618626974
20 52 295917225
34 15 446989086
18 11 397106690
34 6 999272370
38 11 25071257
1 27 919289247
47 18 691674382
1 33 536092125
7 52 678487340
32 39 878516148
46 29 756708680
3 40 983249499
46 27 255950202
11 43 211287119
2 6 933565457
22 20 328709803
43 13 357520930
15 18 937125094
16 1 42033052
1 38 9794613
48 30 521089194
15 55 911823327
19 28 286501657
29 45 611123044
35 19 534653110
31 56 478693793
11 32 488054713
57 13 142516513
57 1 110042520
1 40 229613198
34 9 801550352
36 57 399861040
1 37 239344296
12 54 198934912
23 12 249973214
37 34 530909494
1 35 979570121
49 1 276079959
2 4 396059601
29 24 602119381
25 1 330931428
9 1 890105471
13 6 218318933
25 1 448297632
26 30 987856471
31 1 501343994
1 43 958252021
34 39 602090790
50 1 373170478
1 3 865751189
1 25 990618187
50 9 423294950
3 20 735335719
27 16 538329565
19 1 734638891
2 1 284726052
1 54 742284698
1 49 671641589
1 31 376390631
33 54 315141409
41 1 466667285
1 7 317675406
34 1 302734552
10 33 484338309
1 46 643571546
37 57 904625526
40 4 816414320
47 20 559430432
22 33 743234552
16 50 508132897
39 48 869529892
43 13 829821085
48 1 837103126
10 51 271835164
1 16 571605094
25 5 24089613
35 39 121469269
46 51 925651446
44 25 329723863
56 7 805262482
50 1 644708349
21 1 893927149
45 11 748879674
53 6 81064384
21 1 254183038
35 39 429061424
1 23 119645263
8 20 468855387
56 34 307838762
1 13 350062096
44 35 386414232
1 18 453811410
29 18 719602492
32 40 344263267
41 47 993453984
14 27 629509741
46 45 680696465
13 18 909862618
23 39 24450231
25 1 286326992
28 1 685506758
51 1 803352980
10 37 168077729
16 29 768859825
10 12 786123341
37 10 763579070
4 14 283390867
1 11 635875197
14 3 156819881
54 37 192222220
1 29 272152774
1 14 849155759
2 43 984997840
43 4 908755516
51 54 271251102
21 1 616955446
5 41 602484877
27 44 72010643
55 32 365098863
10 17 346482958
32 2 322724472
30 55 50729969
1 22 459445457
1 43 74872778
7 51 620971818
14 42 467377070
42 53 518499050
15 14 34770841
42 48 619023730
10 49 396485589
33 1 964590096
54 2 183439518
8 1 944757510
26 51 939107278
2 51 97818028
47 17 488431320
31 4 226078274
20 50 447802536
21 23 602038832
2 40 556158886
15 28 167080841
1 9 645915971
1 44 295976854
1 54 554082998
41 12 82562787
45 50 59060986
17 9 130916318
1 21 364242894
1 3 206461317
10 1 368308177
39 30 983834244
3 32 248636153
45 51 333832278
17 39 399032083
56 50 158552256
12 53 441120695
56 41 768606013
1 51 785219510
26 35 834325399
1 37 224669586
9 27 882267003
7 1 707129417
1 29 29538092
55 1 607679413
4 1 476012619
55 22 226152148
23 3 220753642
4 1 622113475
39 1 201529311
46 2 146015991
43 42 457951883
47 17 922922838
1 54 144444316
57 12 691856898
39 48 91126947
1 39 960439546
9 42 429130460
11 29 70828953
38 22 80724827
1 23 439899846
11 22 241216720
23 47 666782530
21 40 856871988
2 1 145735370
32 11 353291189
39 2 985694540
39 5 398588437
47 1 498242580
1 19 69775256
1 30 941890694
24 27 467224080
53 25 786437122
40 5 815501105
1 54 203372297
30 7 105842559
13 8 514118911
1 8 166674554
45 22 770824411
14 32 630381764
11 15 660360115
54 1 920629060
45 1 14703524
53 52 666580519
1 3 291211438
1 37 455685363
33 12 35695968
50 36 318073889
24 1 681720303
14 39 683345768
1 34 830660328
18 44 933352559
5 42 206805761
1 27 705657613
31 26 852947198
24 48 87778555
24 18 133072987
16 23 936686802
43 1 304834734
1 52 982237210
1 10 279604649
3 20 224657056
19 11 273291712
42 15 324932979
14 52 911795657
26 12 413246056
32 5 465446583
1 51 734680011
1 45 397342125
1 28 74600368
1 46 923913179
23 29 258299306
47 31 953070982
51 1 73951746
17 33 737465329
8 1 574453877
21 1 636207397
1 35 169940011
26 9 938635711
10 56 993583452
1 35 77307175
25 1 438357524
35 5 9546875
38 44 481466906
32 41 252566371
1 8 68593803
29 40 693717741
1 2 29437313
25 31 764742102
39 1 530463963
13 31 122848959
19 1 685428027
42 1 788652531
26 22 780736726
3 45 197683118
37 48 250157345
55 57 463632480
21 55 267998084
28 25 681512218
1 28 630995292
36 3 135096410
43 1 773852139
25 19 782005253
10 1 856741871
38 25 350131862
1 17 406621251
42 1 582847135
21 19 797140775
57 1 680797496
9 56 840329151
26 1 821032955
46 20 856916147
20 1 174163052
16 1 160938307
1 36 836094572
14 7 945763214
1 15 501680681
3 52 305443146
8 1 566382461
39 49 326914058
57 13 397119729
27 48 988350114
50 14 387748636
53 51 264533584
7 1 7341194
1 19 102246431
53 14 138896625
11 16 140132997
1 46 819925300
50 49 286052708
53 6 447099800
29 5 415666492
6 7 463590805
15 25 305724210
40 22 632938811
1 57 935910790
8 14 616873448
23 15 546711274
4 8 425956359
4 40 737757539
35 50 150956210
11 1 31232638
17 1 675218839
4 1 51873423
8 1 662517410
22 16 478099009
1 40 267192859
33 1 557503015
40 11 795504235
47 28 376903175
26 1 409309782
1 9 647628203
46 18 965583158
21 30 528988897
1 7 584590156
1 28 461431396
23 56 258540617
15 2 723643332
3 42 142047981
26 3 926320828
24 35 191981121
37 49 427675609
9 1 389155084
23 1 365205544
16 1 703224072
41 1 198035772
24 1 26180519
1 33 868300022
1 16 542758419
55 1 704406504
1 15 252401288
43 1 966569182
55 25 205846323
1 55 820352432
47 1 904053464
56 1 363040333
44 8 712995088
6 51 749223942
300
16 41
6 14
38 7
4 12
23 16
13 35
26 27
41 11
29 37
25 36
9 49
35 13
57 47
8 37
16 13
2 54
9 21
15 47
51 13
36 3
41 22
36 42
7 1
13 41
50 2
52 13
57 8
2 11
8 49
7 9
39 41
54 33
19 55
1 38
26 55
51 17
36 42
10 32
3 16
33 30
20 30
19 15
13 8
50 56
1 25
15 56
43 3
35 25
32 28
8 22
10 19
6 38
33 55
18 56
32 41
19 49
45 51
32 14
32 17
26 54
47 39
38 43
18 24
33 3
9 4
30 29
30 44
24 34
4 3
2 48
3 18
48 41
38 54
40 25
30 42
30 10
42 3
51 14
51 38
27 6
51 5
51 18
39 11
36 9
54 56
39 29
11 17
33 21
43 31
55 16
38 28
3 45
57 44
33 12
38 30
24 16
18 11
20 55
13 3
23 3
13 44
1 48
56 18
18 40
8 17
37 9
51 6
43 11
44 50
6 29
45 7
35 32
12 11
11 6
57 49
50 32
50 16
43 17
33 7
18 28
9 18
48 22
43 30
15 11
46 18
3 2
17 40
42 32
49 3
5 20
55 53
11 29
57 30
26 31
18 10
11 55
12 8
34 43
21 50
4 18
55 56
2 22
22 4
21 26
7 34
8 41
43 44
35 49
8 50
51 18
33 1
48 55
56 38
11 51
47 26
11 35
37 38
6 7
45 54
51 41
28 21
48 54
48 50
47 23
5 45
32 30
21 31
48 36
49 2
31 28
43 52
52 28
41 24
15 46
30 42
32 24
17 50
48 11
54 52
7 32
16 42
45 6
23 41
54 55
24 40
11 45
56 55
14 7
4 16
53 35
10 27
48 27
1 20
28 42
56 30
6 28
19 25
20 41
50 22
19 4
21 46
53 32
39 20
44 2
43 2
14 57
12 43
21 13
36 10
37 33
38 32
38 26
15 54
41 15
9 49
46 40
43 55
43 42
14 22
47 13
4 16
17 24
4 24
24 47
27 7
56 16
27 17
38 37
39 37
50 31
30 5
53 22
26 18
8 6
46 17
29 30
44 22
35 1
48 57
4 27
37 13
10 55
40 27
28 32
22 5
24 2
57 23
28 49
55 51
19 45
31 32
8 53
40 13
3 9
57 7
9 10
23 11
47 43
16 50
32 52
2 38
34 17
36 47
16 19
50 52
28 39
28 43
42 35
29 21
29 15
45 7
7 51
8 9
35 5
23 52
20 13
31 37
19 50
7 49
24 22
27 20
29 21
31 33
10 9
2 6
19 34
24 26
37 14
3 19
52 14
12 39
27 55
57 49
17 26
28 56
35 31
24 10
13 35
48 19
50 22
