67 1210
31 55 313469158
1 50 694671665
16 1 489903664
27 1 374439479
67 60 621133920
21 64 498748565
9 1 840424339
30 37 318074118
36 30 658886635
7 47 958208384
29 1 723449116
41 1 862431429
44 43 986215649
62 37 787319107
49 62 404775607
25 41 770623852
24 1 289637348
5 52 980856757
48 42 527679123
1 52 627247168
1 16 583471685
1 11 2886840
31 52 941380237
40 65 266347716
45 48 178067626
8 53 927390100
63 1 125693728
23 7 358161714
20 4 319937805
7 30 257007832
50 62 179545647
1 23 459610413
29 56 538439107
27 56 315141619
36 43 950444576
1 32 525565726
1 35 768043182
1 11 419577356
1 26 28586706
52 16 602068696
49 65 717711257
41 28 96604748
41 55 465155143
1 13 425690725
12 54 715561510
1 31 362781996
1 5 265904607
4 33 786478519
1 36 553080846
1 7 538510213
1 5 436385393
57 36 107629022
24 66 300982685
34 40 621164318
12 1 723461421
29 15 529940363
28 44 826871528
21 53 385366260
36 27 329687807
10 38 30654332
1 26 148443908
35 1 226725000
38 1 892660932
23 19 509948994
1 59 482958355
32 15 543013773
59 62 927863615
24 59 662869414
1 26 940267724
8 36 28515650
19 40 749925438
45 54 443279486
36 8 941952153
30 28 639876486
61 34 467678331
28 51 814484302
49 48 774180189
51 56 80824394
2 1 607966161
30 1 60349144
44 33 447739615
27 61 171012037
7 57 99980765
17 1 525631393
25 39 670538303
58 40 901445666
66 64 234745681
25 4 259488776
56 20 552611769
1 33 899736875
39 42 369109686
1 55 999555015
64 13 379863578
49 5 414255921
40 63 537780571
24 61 904572926
44 34 656931860
1 40 296637867
66 58 343831535
51 64 158804641
58 18 396335299
36 20 839374032
3 66 313353084
40 1 981432488
18 1 44624841
1 48 443679819
24 12 426686045
61 1 498119139
9 19 305881404
24 53 689097507
56 12 525474584
63 44 257911155
43 23 371334234
1 50 431724611
61 12 250029936
39 16 835030319
30 37 580760402
60 1 865761138
57 1 766432019
1 65 438834744
49 20 940578155
15 49 19456221
36 62 367700615
1 52 313640492
28 57 864769715
42 16 229193638
46 7 873422788
48 55 480568973
58 38 518917518
28 12 183625858
21 10 497061381
60 19 88624316
63 16 380863511
64 43 520023872
1 50 414260177
44 1 709172486
13 41 19236517
50 39 471718322
1 33 154714641
45 59 269814618
1 36 910645314
25 34 698341763
11 45 66049872
48 60 41223976
12 1 550363098
1 19 702400961
24 33 19642872
44 57 841948735
37 45 905235141
25 55 760435641
26 39 981593498
3 35 488511858
57 1 437924472
38 36 208797784
63 24 419625638
24 6 352956788
67 15 412659551
1 27 560684875
2 60 333939780
13 51 621471884
66 16 836327088
32 44 202047616
1 32 372053579
58 9 656319763
4 11 187921941
1 27 927208630
18 26 947815760
1 58 191569071
50 60 298426844
1 14 924053792
48 49 480230817
18 1 500832495
35 1 476372176
48 52 714287320
51 67 852121411
39 30 739678052
52 38 227527104
57 49 989800486
32 55 61043304
1 29 724234094
35 64 732813671
51 54 647774489
21 50 239711823
59 6 529079370
1 11 795947335
32 13 966424622
1 28 879581206
1 31 298369647
52 33 503213503
1 22 756303584
35 57 169539606
1 15 769859161
49 15 530734975
16 9 946201714
51 56 32458138
12 62 968980676
61 1 73163746
55 45 248362763
67 54 951314038
42 28 915229929
43 1 664846373
50 1 501314312
44 22 716809587
21 1 424587893
1 49 925159170
63 4 907460357
25 55 150117344
45 28 292116639
42 38 160071745
1 51 599952154
45 17 112881344
18 24 719935328
35 3 645876529
58 1 437363790
5 26 784925313
21 1 807182422
24 31 198327279
35 56 257989064
32 1 334051667
45 1 212379092
27 67 939709911
28 42 843904410
67 1 567803552
35 15 418423006
1 43 793659020
22 55 350345176
14 57 498676739
47 42 398140761
11 43 959444403
45 1 960199220
53 11 510525587
1 50 751477354
1 47 842725853
63 36 334296030
1 18 602966861
3 57 852898834
45 11 23404328
26 1 748874994
42 28 730998121
60 43 281735482
59 6 266297526
49 33 68021005
1 19 323292103
36 45 714958996
50 27 819421545
14 54 772562668
65 14 977351367
1 25 521810652
40 31 66440557
1 33 233586023
44 60 786905139
27 15 984495365
28 1 895097448
1 57 948811580
20 52 738960427
33 40 766684909
39 2 481797741
36 58 84069027
56 3 808989657
43 60 139867092
38 35 562304228
1 65 452307211
36 24 868127825
54 1 973335709
14 40 579703336
56 1 352109217
67 1 452476693
1 45 416917086
43 22 956359077
37 14 209506151
15 59 524644364
9 1 462280572
60 15 208518555
29 66 558924904
17 29 205376350
12 47 650655273
49 1 355264407
41 39 25612017
1 57 650741557
53 19 712007679
56 63 606788061
1 6 168026343
1 50 38784807
56 17 372497349
48 21 23724121
63 1 344724424
10 8 481469008
12 59 886030502
28 61 747758975
49 46 666180832
63 9 882266618
35 45 975268840
35 50 951176375
20 37 596428895
13 19 618033865
23 53 798205353
10 43 735501615
1 63 228923810
37 1 610993634
50 52 905944750
32 22 31518889
49 1 625772112
19 35 550440729
28 55 750975627
9 54 101820225
1 28 215955285
48 36 611133647
22 15 824163749
62 1 144792909
1 47 681030015
30 66 84433320
35 1 270063437
61 31 539919718
11 20 135539807
18 59 820568712
24 51 192052958
44 1 483304825
25 63 646006107
60 37 803695626
1 54 238274445
29 65 156047499
12 55 400249107
34 50 493073529
4 1 902820858
1 19 268373224
30 22 286190263
34 2 853127944
57 6 861243674
1 54 938667175
1 53 206872353
22 19 518963321
22 29 659164782
19 13 625671039
36 1 406804847
65 19 607672263
47 8 895330574
1 55 746079896
1 51 405288438
65 1 614296844
5 34 949378114
48 13 174583716
5 1 791871822
25 12 27779397
53 36 63001428
1 3 315509886
7 45 758236347
60 44 423922207
43 1 868621134
1 52 191077712
56 44 496829054
1 44 950063750
31 1 21307776
19 58 413369687
44 15 423041559
1 37 525882519
1 36 120253490
49 31 807042350
1 44 249719265
43 1 816905170
27 7 186112426
40 8 277805555
38 1 447581156
38 1 486916941
17 3 759107754
1 36 488277860
53 1 115952729
1 67 553282767
1 35 331668531
47 1 608730628
53 48 964934201
52 24 789315890
2 51 571736357
1 5 434421255
51 14 495159636
46 42 702643549
34 11 611669482
65 57 508150408
64 56 961915189
1 15 980691329
7 4 708243776
12 1 868155139
15 1 469825180
45 16 806314753
32 46 924900667
60 21 801592388
1 7 521627220
1 6 251757556
17 56 42390577
1 53 60405836
10 1 344200045
60 19 729421053
2 1 479681405
14 1 204697183
1 22 987830327
6 50 238594695
38 1 78058752
57 25 180541383
35 53 458896429
24 10 928618242
1 20 818285800
1 39 840817932
1 13 13326183
22 48 608088988
1 33 681908091
27 30 455373019
34 1 867225612
1 52 516957358
17 35 99506039
12 50 913737204
45 32 588209740
36 1 930666556
56 29 564170298
38 41 378764811
1 14 798262388
44 1 829232887
62 1 106572958
26 47 7235356
42 12 758414872
1 56 733757733
34 51 129024991
15 12 47823455
1 45 78799707
12 65 132306315
63 1 90664357
33 38 235516171
22 23 662498554
14 58 757639900
38 14 640095349
46 1 973036857
42 19 479152161
34 1 955028005
32 50 867307812
50 16 218617200
40 1 387781592
50 9 965228258
55 46 765922901
43 26 308156908
36 1 30005684
62 28 524063567
6 64 825684285
56 30 378188922
47 1 876108496
40 64 618910907
18 49 253211997
49 6 592411036
27 36 402510908
1 17 394907325
49 1 623763274
66 9 870454450
26 67 107298352
26 45 322688281
48 1 167186666
66 33 795479452
11 1 807281766
29 1 34663224
1 55 510559577
51 1 347333206
24 1 410153896
66 32 851859570
46 21 901796562
2 9 182624521
63 1 417828240
48 1 508168307
3 19 682532188
1 55 659963809
31 30 902213311
59 54 615353378
54 1 908460090
45 13 449575961
15 1 729334537
33 37 218737561
11 54 37182109
64 22 547909503
15 22 132380907
3 27 425102281
1 9 941988377
55 34 157931906
18 1 73501369
34 32 148364749
30 1 723367787
32 11 255736769
61 14 321076647
41 5 748164250
67 25 75593638
56 34 947276575
21 64 723644068
1 64 577926155
1 45 556071341
57 32 40508921
7 24 683884095
38 28 271631634
63 26 831509668
1 20 521088210
31 21 157067147
19 8 376676163
12 30 522420912
56 22 821812985
10 42 445367330
49 1 948726646
50 22 37226137
28 49 908412689
1 30 566057083
1 4 978798310
34 46 401207444
18 1 822332143
1 38 873436266
39 44 40934406
63 44 890065659
13 4 779704775
49 17 189342714
49 21 288744594
26 58 612648845
61 41 120640114
26 12 618931198
36 1 137326528
14 66 161995351
41 1 893837747
51 5 566518899
67 32 996848744
3 29 885476485
50 27 538450611
52 2 690615328
44 26 767721805
37 1 509808615
1 13 297344117
1 53 528917407
44 41 250020256
39 48 31431846
38 67 113190714
42 1 785972435
1 66 370672254
1 37 615358855
55 14 391435939
1 9 218435402
18 21 29832189
43 1 160160338
1 58 503007048
1 17 80916574
27 67 908406888
66 21 795432452
48 28 643032644
32 57 450896463
64 1 53964213
46 30 359710867
61 29 332543775
33 26 566964306
52 9 661973626
1 16 329234203
58 42 188076905
64 61 843030183
11 1 523835979
36 1 859157239
1 48 518229762
47 63 357088763
46 36 176776687
6 46 701726817
47 19 614177694
5 11 790473428
15 1 760484781
21 2 453047250
1 54 674909844
44 56 233765142
1 14 917590693
62 12 431205078
61 38 36890453
33 65 762689494
67 1 615191532
41 50 418310684
25 38 2310687
47 14 741162909
1 22 878015944
47 1 151950874
1 36 864742400
30 56 606703767
17 12 712965801
2 34 347932048
1 59 950133745
1 20 423466659
2 51 882153292
1 31 955206702
1 62 495517298
16 51 523935717
55 66 554676629
34 61 479521776
56 22 400541421
1 17 825623181
9 1 215872027
1 27 728939421
6 67 307883507
42 1 115930805
53 9 351850653
13 67 248647384
54 64 492907939
35 2 346387535
30 65 646388096
2 66 655311355
64 22 93841080
27 36 304814196
1 9 160627335
66 34 417983227
10 38 538593250
1 14 818392932
1 21 830569340
36 66 142082931
20 35 458357754
67 4 564844407
42 66 971994087
54 14 451122808
1 41 939369360
66 25 454865631
45 19 340295993
9 39 119557792
20 64 372042131
60 50 203997327
17 3 902863597
59 25 620577852
56 65 890441226
26 44 948045267
48 3 454994400
56 1 579461875
33 50 611273826
52 25 850383913
31 66 793704251
67 12 673130617
15 61 558690326
57 64 478121474
1 11 945630564
1 54 401984593
56 51 913549403
60 37 131583703
39 1 917268303
39 65 948212426
51 1 271580028
60 59 599909388
14 9 221431653
42 11 324675458
41 35 783000557
66 26 599037042
30 1 780318225
60 1 322089054
1 20 508924822
47 4 441644284
59 48 294017223
28 63 576532479
20 11 459328522
1 43 972921184
28 4 961783081
33 57 459035854
6 1 110934939
42 54 266829963
33 30 147626407
1 55 441631748
17 57 171120923
1 30 340707860
20 22 814832065
62 1 405888374
63 1 585919692
64 1 536917506
5 35 293465756
29 13 185634842
49 27 203344599
67 33 814156267
47 45 213976124
41 35 406624174
1 61 5494012
2 1 398098345
67 65 629040418
1 46 505770166
25 28 996123068
1 40 478268761
1 51 695531620
1 37 852015952
49 64 581020103
35 1 734676239
1 56 302742730
32 46 657344604
3 27 910174550
18 31 62478727
32 1 691339708
48 12 386988556
17 24 811061578
1 2 86285439
42 66 557369832
1 39 511746949
32 62 741938229
1 55 710098314
42 28 840351411
54 46 618044557
42 61 886876868
25 9 671997337
24 31 24211975
18 31 213859364
25 60 357781200
1 7 98416437
54 58 605137952
46 37 515661322
41 1 932988855
4 1 750689681
13 49 860571159
20 54 972145148
58 1 621269509
52 1 696324850
33 2 457872853
4 1 309132435
15 1 23190968
59 24 356260953
30 8 468001066
26 1 490424160
47 1 935239165
8 7 845001313
21 43 989356094
35 40 775475080
43 16 422791194
1 25 553604969
8 1 970029485
3 1 495646402
16 26 475358057
1 35 434104149
65 1 524102890
52 29 432885555
56 18 785864868
42 27 659543080
24 10 476530872
52 4 415767803
48 53 277031114
44 1 340539584
1 67 262561870
20 58 628879074
48 46 265334922
6 1 131728382
48 54 3848437
8 58 513577359
66 1 411911984
55 23 244132900
31 39 533002998
20 46 47900868
1 51 612679167
67 1 231456725
22 20 581683292
52 47 747434151
39 1 776629097
24 1 12046848
1 18 42365309
18 8 993216948
1 16 123628424
48 57 865394080
64 62 188925905
13 56 847332501
29 60 951594769
1 62 347128551
42 46 769216053
63 16 851365822
57 54 178590045
48 42 638928567
11 1 298073931
19 1 314599742
44 1 976114021
61 31 469630838
57 22 510676933
43 51 904561657
26 1 255213632
31 50 245037695
30 3 296297413
42 1 783016053
1 53 266997882
25 60 309800550
1 8 429239849
56 22 71096505
17 62 854563113
52 1 245236274
39 14 987734457
1 52 137136334
1 60 555576319
32 19 21801138
62 1 952692219
6 35 714407571
33 21 188707993
31 56 768328754
47 11 487852489
46 30 35552717
21 55 81792052
66 1 737084159
58 54 804725921
1 44 446489186
67 1 976161201
1 63 726776142
52 7 145503138
26 8 368104318
1 35 350109378
1 14 434716432
35 43 370509068
46 53 334389501
21 1 695508376
63 1 148010912
22 3 198759925
52 22 162386057
9 1 317552095
28 1 555501314
5 15 10999324
32 10 829954936
2 48 372818868
61 55 814841058
48 14 328937821
1 4 765841759
46 50 669767221
34 54 91868050
34 53 443756797
9 1 429012866
48 27 429748600
20 1 745243775
13 17 446643710
18 28 201270670
1 41 704304299
6 34 152222782
51 28 130252931
34 1 552390040
51 45 756053046
42 17 450534432
41 8 379606072
57 19 263960682
35 14 617557365
33 44 877940190
13 4 922717174
34 43 469937794
1 19 695458277
32 31 822442927
1 16 108958812
8 44 324797678
10 1 227148195
24 1 846407003
10 1 870108186
59 4 553076860
1 41 703035282
13 1 991181037
61 34 347424094
7 35 774627396
37 65 785004801
1 65 983952367
1 66 967043091
3 34 961296586
14 1 83166694
25 37 28214530
7 11 775696669
59 2 15623341
39 1 573574980
1 50 955153226
65 50 639735347
33 2 301715986
15 44 657206501
24 30 803890595
52 48 115649064
16 38 365394044
1 40 222546152
26 34 354502791
26 44 946101252
20 35 528746219
54 62 920961985
15 6 803050832
24 25 230298340
37 1 957481854
1 21 62065570
6 30 491909790
36 4 662237531
31 1 85482589
54 39 850008396
34 59 431629335
57 1 546245447
18 1 708128184
32 24 444570937
15 57 35055007
12 2 947105670
53 47 88195599
52 58 122059894
61 1 854141081
42 50 595456352
39 26 671508815
43 40 134023203
59 50 817449703
46 41 443380353
50 8 493092591
3 1 320553788
25 35 859613719
13 34 831558975
35 1 378411758
66 4 982422035
60 32 858856487
1 38 704657948
63 36 67386680
1 18 461927854
67 41 117291458
32 41 749918823
31 67 541976662
13 18 70327876
38 7 223603961
1 17 895321472
40 41 181210627
41 1 664715158
57 48 989164286
50 56 465799754
37 50 341390258
51 5 657276694
1 55 71093430
47 30 24029472
4 42 479554499
37 3 100479448
49 39 735131641
32 6 23864451
8 9 655244406
54 23 555699909
1 61 415842150
1 25 251365861
29 1 427358649
1 5 840634506
1 57 232980765
52 29 171817357
48 5 621685598
12 38 592630851
11 1 371390841
2 41 572139045
30 1 225444083
32 53 119985820
41 55 414641903
12 15 371188841
51 67 176669773
53 35 841786162
13 1 528736786
7 1 196584353
9 39 863979542
13 10 444682639
1 58 540275243
52 44 814417244
11 26 522205189
18 49 554829296
19 44 642750522
59 58 375957887
12 9 803342538
2 35 940480602
45 29 376888546
15 11 47580728
1 48 25299209
31 49 910131741
44 1 937836447
28 30 984690025
58 15 446154803
2 46 230155666
24 1 617553455
24 33 920337044
1 63 356303272
1 20 695579268
1 39 124559236
22 13 612259317
18 27 827119409
5 3 430446274
21 42 926378023
14 22 995193312
9 16 76244488
37 20 137525767
18 35 245994351
28 45 334363535
44 1 882238222
55 12 531036552
66 32 24045092
62 1 446762195
16 24 685734385
11 34 570710970
44 1 66819074
44 67 94346424
39 58 471348907
66 62 88619030
1 54 643304161
66 49 174437800
27 1 570882638
2 65 250875345
45 42 138324642
1 56 911600482
66 47 293276413
1 44 868440418
61 26 438399935
11 60 824287090
40 1 944714924
30 1 73154651
1 33 734630022
57 34 552714833
33 16 215860219
28 45 928194445
48 43 125129434
1 28 521618470
1 32 313010370
20 5 45573647
18 44 492437017
17 60 503961101
5 49 295073896
1 52 698195439
64 47 499295009
27 37 402235617
10 26 864154295
38 65 630375287
53 54 457238228
4 18 953606219
1 13 353200822
15 42 617566693
61 65 192268518
6 26 467018632
27 28 186416249
28 39 620115529
10 12 72803454
21 1 248594608
1 60 145110395
51 22 40425993
36 48 166093762
1 16 94707805
32 2 25395448
19 31 284368472
31 9 398048536
1 2 810807329
4 24 852856102
44 27 504024778
35 1 666529721
30 6 868257372
6 1 807490787
10 67 232224325
22 1 783926326
1 12 335256169
1 61 741393575
41 30 430470646
41 18 251452312
6 36 177019370
31 44 431862074
1 33 952838623
1 11 822017571
1 40 333337577
23 22 384019729
17 42 366796037
34 51 434913624
20 51 88475988
43 7 405962949
65 43 118556198
8 39 665425145
31 51 608524734
18 1 629555534
62 37 898266003
17 21 792902196
38 54 684489519
52 47 700256127
1 7 72816430
1 57 830071817
26 37 231151034
14 4 321174957
22 67 270185131
41 18 887024627
1 64 232777624
14 52 107040766
37 60 727571363
1 37 229964042
14 24 379806747
47 1 504531756
1 25 395967518
13 38 340214270
64 55 141639860
45 22 830882023
22 8 160924054
41 45 190268790
38 1 600716562
1 22 121164394
1 20 872894447
46 9 918361847
36 1 139571176
5 46 771055076
34 1 720874535
59 45 540591224
33 3 180857032
57 7 358260430
23 11 770164807
40 30 183819111
53 37 157424122
29 58 675309435
59 61 694333837
1 17 270551272
59 1 870596442
7 60 9649752
38 21 293188222
42 58 487375566
65 38 186975318
1 9 822647559
7 16 86173882
63 10 305246604
55 12 808916097
61 54 568141575
14 20 818433795
58 61 277510919
43 9 105361782
48 15 942128544
1 63 921608321
23 59 276162109
1 46 444900472
58 60 15449881
62 43 866574781
1 50 358772706
46 1 101750308
1 58 806107998
42 17 134765178
34 25 670178016
65 59 766860428
54 2 788713339
25 6 561825810
1 38 197643642
41 57 519455884
1 30 713964151
16 28 830238792
62 29 985514132
59 20 185842722
48 30 879580751
66 58 476195040
22 25 739292530
1 41 569634504
55 67 721217355
34 36 831536201
38 52 821003483
17 1 176359689
62 21 309020462
38 41 814643415
66 1 26962880
47 65 343731581
3 54 127454231
41 40 731181794
43 47 829309398
1 49 693163378
1 33 999210658
62 5 535644256
46 38 937011556
47 7 478856775
61 53 59948705
30 41 793574682
61 44 361539996
27 22 17754660
57 21 466787653
32 53 478208365
60 53 754160633
6 42 834381959
67 1 974032758
51 65 918542809
61 16 345541603
1 59 575185078
22 1 615533778
7 24 360302706
1 27 908611487
16 22 929609533
1 27 113028232
11 58 415964756
5 33 765479235
1 50 834483708
28 8 481576441
61 31 566884244
28 1 706557015
9 1 405330186
11 36 47662087
55 9 33398201
32 5 233444316
62 22 552353067
47 27 365631248
56 7 783552887
27 31 972875299
43 62 699070651
1 13 806787627
52 44 577156072
1 53 280601219
43 7 306812289
19 1 638171486
19 1 887395579
23 46 885049635
1 49 459165934
46 31 879681150
5 1 440278871
13 37 341735177
32 42 417699266
28 1 944521004
58 37 156916954
41 3 590241371
22 61 673043752
25 38 162648920
1 8 599503701
28 10 441673039
38 36 952867618
52 1 159702645
46 1 776190604
31 53 749600146
37 31 873410221
10 57 847609774
59 1 300789937
32 24 177843699
65 37 57998994
63 22 897176351
33 36 678748980
13 16 479774056
50 1 266330673
1 49 424675765
14 62 789166401
14 29 541592840
17 1 889610233
23 66 944897143
1 34 427663128
38 32 569872652
13 52 709296007
58 43 796574752
19 33 184546091
50 32 308047364
25 66 185440575
10 22 57564992
1 63 256560027
1 20 353113338
180
35 19
65 26
62 21
4 22
3 33
64 16
26 36
5 50
13 11
53 59
63 37
60 29
57 13
56 12
9 55
23 2
32 54
35 8
30 23
30 56
17 47
19 3
41 53
63 6
32 25
35 56
57 18
41 2
43 65
17 24
28 21
14 4
28 3
41 60
10 32
14 60
9 62
61 65
8 19
37 66
13 43
47 63
41 22
61 63
11 42
8 22
3 43
46 30
45 42
54 47
31 44
60 16
36 57
16 52
34 4
50 22
64 27
28 56
24 9
65 17
64 6
47 55
10 34
55 50
26 29
52 67
13 59
41 36
41 4
28 58
56 37
63 67
22 58
19 67
55 57
19 55
24 28
22 43
27 40
10 59
62 57
51 19
60 4
61 12
37 15
8 11
13 12
15 64
38 1
53 6
10 57
23 12
67 33
33 45
18 2
27 46
32 17
21 6
44 50
13 7
53 67
34 16
66 52
44 35
4 65
58 56
10 42
20 34
15 28
5 42
54 11
22 53
46 32
12 34
7 48
22 10
7 51
3 55
14 8
6 58
12 56
5 28
3 24
43 42
12 15
15 45
54 47
23 16
52 20
25 24
65 58
53 54
57 47
54 30
56 20
27 14
45 3
49 32
41 35
24 18
14 23
29 24
16 26
36 17
57 23
27 10
29 23
58 16
26 33
51 64
43 60
38 30
45 28
12 41
53 24
34 11
53 59
3 47
27 53
32 27
3 48
64 11
40 51
44 60
9 6
30 57
16 61
19 52
36 64
36 10
32 12
34 8
30 59
56 29
1 7
66 3
31 65
35 57
53 6
26 50
