100 2301
1 9 670722828
66 78 836722405
1 76 7736748
25 19 911116308
88 94 805073171
14 1 534577764
1 25 775062462
79 25 949702004
51 84 761989494
90 1 309233633
77 12 638912180
63 43 55069954
32 34 38295977
97 69 556906726
46 17 578256399
35 54 119201629
19 35 494545829
74 13 479022993
1 5 39101786
1 73 452071606
1 76 30172240
1 30 15416037
71 1 522498742
61 40 112565028
79 37 516000632
1 17 847775715
62 36 511762618
30 29 835039859
6 84 472741392
72 66 463127524
64 46 692089098
90 92 725330002
26 85 380869967
86 82 231032901
1 96 380787686
15 1 635851956
57 40 250161044
59 1 250750635
80 1 299969886
8 71 823217159
1 13 648605812
1 29 208922232
9 55 778872606
36 20 567041796
93 6 253559239
85 1 104230210
29 1 783539591
32 1 456694417
1 70 172957727
57 45 419493794
23 72 864809125
40 17 664959512
1 8 91817778
91 63 31540806
9 1 982239892
94 89 235554723
41 86 678567110
69 67 122562504
55 65 544171662
13 100 980986818
64 43 875339743
46 1 603395170
1 89 416141451
9 1 949775552
90 71 495010186
9 40 933174522
24 1 772216541
7 4 847298216
77 72 826285719
65 1 46929967
55 1 460508324
13 22 742817732
74 91 826476813
86 98 633144090
10 1 892716372
1 93 1365534
14 52 472855803
1 72 151335686
80 1 812428575
1 13 829198044
32 37 283219107
7 97 186435586
54 17 231387392
1 70 203388724
47 79 96921364
8 48 506568978
29 14 194655418
42 91 185911570
80 1 4941643
3 94 785778860
69 1 524353827
1 64 199015123
100 78 721085540
37 48 402111588
19 3 657218065
93 1 402741679
22 63 919379062
90 1 574693568
41 68 34520789
72 93 687821160
9 99 938601515
18 17 501731881
60 52 424567999
29 75 328841483
33 10 451609315
2 1 811511823
50 18 284370597
66 96 50576598
42 55 875968756
43 23 839871142
94 16 623514439
42 29 418128921
3 41 634325514
18 14 181045385
57 76 894313575
30 45 601822659
31 1 61478390
2 1 655344213
70 13 142654638
90 61 389898768
1 70 916637228
44 1 55172701
98 1 525728581
1 12 26519889
7 28 172712219
80 1 206322270
78 1 155116008
91 69 152466510
1 27 65226035
7 87 874999184
48 17 651392327
97 44 561151955
94 99 43999459
93 82 952498184
93 1 827400892
65 4 521565233
34 48 334340503
47 4 36046479
1 83 11057962
75 97 969312631
69 93 278847808
34 31 998448734
89 76 437857118
39 1 931070152
94 1 885326794
23 1 630639848
1 83 646680241
48 7 962166941
20 85 741366062
68 1 629458274
66 23 642269425
13 81 900647282
51 29 636838261
57 27 525998911
86 64 28126697
67 13 452186321
73 1 384140634
84 49 340867363
54 1 674089824
1 30 406328593
68 21 173903834
3 1 562020765
66 1 901599832
60 17 230915640
61 47 292749513
45 8 702112467
69 24 914787260
61 85 474369245
65 95 458060853
91 1 681868792
27 95 359953309
8 10 793608818
48 1 228380309
33 1 407705754
1 42 410754181
1 63 572035001
24 1 123096430
64 86 312939427
96 84 776238962
22 16 143855113
1 16 606025628
84 1 10053714
71 59 280837039
1 92 308193218
89 12 966406890
70 22 703869480
7 1 605995958
45 3 379682047
77 6 337155411
76 41 5464504
89 26 743100118
1 98 932815562
16 64 131893034
93 1 631913290
43 60 294157781
54 1 421458095
44 42 681620652
64 13 799263506
83 27 282416114
45 84 301938567
55 56 861277634
76 18 119305972
92 1 608748563
1 26 849437035
38 53 229310410
72 58 170322132
89 62 764170422
55 26 449010876
8 27 438992304
55 6 288510869
21 94 913533869
86 1 527814548
83 1 515107814
1 63 214146211
6 51 184156877
45 98 926347392
41 61 139103850
26 1 151923899
3 34 393036794
1 49 271519045
69 28 561904124
51 77 584067494
1 23 381514101
40 97 806120275
1 15 686683921
82 61 318911303
1 88 375783630
24 84 730529741
44 55 686495622
1 77 446406775
26 88 150645564
49 12 616349424
1 90 19617550
56 59 767295666
99 1 634287792
75 1 882395352
45 1 138111147
1 47 657264263
1 44 265375445
66 1 955614544
43 8 88275748
76 52 23484411
90 100 192160287
78 1 663246954
50 49 966093943
76 30 342076350
84 72 767719423
70 39 642001154
48 55 423950987
77 1 409225539
59 34 271108176
34 55 596601
1 45 17828804
1 34 941004734
49 94 625796206
85 1 945841408
33 44 729937142
53 52 144478254
1 89 583769931
43 1 367039922
57 56 841035321
75 39 592325306
1 29 360096612
90 19 44961299
45 1 2246055
12 40 118196670
1 19 564028077
21 25 761720250
80 1 518604530
1 70 892670603
19 1 62023964
21 68 666297750
31 14 403598967
27 50 972647682
57 1 843236926
1 44 41368288
38 28 190946565
98 7 138074346
40 18 944183964
93 1 886032316
34 1 350853396
25 6 585129107
53 86 110734003
76 20 527353276
55 83 786655633
26 1 326739078
100 46 686141166
1 54 933280503
35 1 51019002
60 14 490563368
13 90 77594834
11 48 343274607
94 1 46648243
68 25 790329830
1 49 749949584
63 47 780548443
12 97 628863122
59 93 465326854
25 80 320119326
78 21 125156303
93 24 602740346
1 51 301458419
46 81 424173710
87 53 827815222
31 52 357834119
1 71 805092477
13 1 100382549
68 36 522772244
92 100 498380027
52 31 486486567
19 76 227497976
42 23 212213568
17 1 960740847
50 73 929958774
46 22 367470193
1 39 940618409
1 52 359199074
37 35 246032120
69 1 242379499
1 91 905017137
36 70 359630870
60 64 655833469
1 56 520210902
33 93 120356276
88 84 933477354
33 14 930246911
19 1 896836922
74 1 882889235
1 27 253475746
25 97 283054434
65 52 205751141
12 59 382662994
87 1 801186319
32 1 483558310
21 25 396144213
7 88 226773439
49 1 404492938
38 14 336990048
66 33 86139648
91 3 999270416
68 39 927286936
35 1 850697786
53 25 552657962
17 33 754609401
73 16 785948070
1 81 713454153
23 12 489984970
98 82 224635316
56 1 803571078
24 1 117530793
1 51 613561458
1 53 94088345
72 58 797314376
23 9 490217060
16 83 322896923
89 59 983568674
94 64 613444841
1 67 988070649
27 56 730719682
4 73 303253037
58 1 304200498
32 1 771507251
61 15 866371993
62 8 199310374
69 73 814014583
79 1 294744056
82 46 723885918
89 99 489303797
47 54 638100053
1 62 495091602
33 74 387417367
76 18 56837443
24 97 280926972
43 62 964745997
90 23 301763051
25 43 443920895
1 34 409172553
1 78 132234653
52 1 599461861
84 27 975397385
53 72 372065853
41 50 87949797
87 28 34360652
92 25 918155
51 61 523492726
15 83 607688555
1 39 351476753
33 61 763088711
65 21 864764177
30 93 173567080
51 38 623517152
64 62 162197294
95 79 937729110
1 87 416900112
2 22 578990143
61 78 257127462
1 62 229047078
39 1 589478011
41 42 776569267
7 96 582962076
1 25 434276146
19 30 935837885
73 85 171625446
64 6 891541252
88 21 761139479
9 1 947082003
99 11 305824342
1 41 775106000
89 92 126167675
12 1 37608902
1 95 455062922
23 49 213544779
1 39 95668962
86 56 372498307
44 61 942599031
1 34 33684837
6 76 252301310
20 8 224250927
24 68 270985747
48 16 258771649
46 69 545276980
1 61 138347972
2 73 648332417
37 1 325432931
5 96 479648218
99 30 162823830
1 54 831150296
80 13 3474473
35 3 473029395
74 1 693243702
25 87 226007362
96 1 973975146
13 1 507812735
13 67 146793320
18 82 78100774
13 97 200682892
26 23 343616848
12 90 440865443
88 67 664213294
43 14 328421620
1 86 268330274
53 1 928422381
16 67 236881520
76 1 35334417
45 1 977628580
1 34 146234879
50 1 938456964
82 41 347809526
22 61 399745597
62 97 311670769
31 1 900015932
4 46 864684357
80 18 982871841
1 23 247192920
79 4 499951196
8 46 874748259
20 80 450837029
83 22 522617776
94 10 245652149
83 27 241880389
27 1 43560716
30 52 111865730
9 71 956051228
93 78 500157295
55 10 46928808
45 1 856656275
36 93 149102141
11 78 19024439
84 30 150663520
27 62 472976883
87 27 522817187
17 9 169492548
18 1 992179533
31 1 611684395
78 1 307119336
1 97 818024937
1 80 907758642
39 24 398104182
1 39 381340120
80 21 26636206
65 35 59378394
1 73 278090172
1 92 851435905
56 1 189034311
92 34 941403829
95 17 114968218
43 57 865532316
1 31 507491750
83 73 429655735
69 1 731475856
78 1 867255077
56 47 575523032
1 92 878425463
72 50 373390747
16 1 438211890
33 84 691359935
14 1 683752382
9 1 869206709
1 62 784305845
64 5 339406670
33 59 773304857
4 35 226909223
1 91 970625598
18 1 300933546
24 1 337995046
63 1 859293886
41 3 424666694
37 13 235239315
11 90 507879806
14 9 941563316
42 81 647226058
28 80 524986986
18 1 521582168
7 95 577191615
57 64 170964981
34 52 299566993
49 2 416201268
55 10 480368887
57 98 728112260
88 57 889098114
44 1 573458864
61 90 468941709
96 67 405787159
22 1 788326443
23 48 636675447
74 71 787713484
96 50 204010812
10 45 603128415
90 50 42409268
1 11 344837795
66 31 266694417
1 84 225427912
1 14 16853508
1 94 80812824
68 97 567164991
34 1 26683341
15 64 115579368
15 96 319459334
8 15 952832931
68 84 670165819
87 52 351839444
66 1 628477605
1 34 5789328
52 80 443563288
60 44 566352739
43 1 58831509
32 96 927198025
46 29 729254350
1 40 587010859
41 68 740445208
22 37 994079373
84 99 540038711
86 48 783617360
33 1 863634888
88 35 178446762
38 43 544166697
19 1 532881756
1 82 367728422
1 100 607850065
84 95 15828879
54 1 723813892
66 100 438247102
41 1 64634714
47 6 221571068
44 1 868437133
17 67 405478954
89 84 747733107
1 83 264782557
29 93 103399509
76 69 739015514
62 76 668768473
61 93 906795544
12 1 138795261
99 1 68673106
1 78 179803499
15 51 127844204
90 1 560428439
70 32 950498640
55 18 712118179
1 61 19697180
9 51 628923592
1 62 895685820
5 88 475944034
99 95 961543121
23 34 368966866
38 59 935289755
80 70 827137354
75 1 584907448
87 1 254859955
18 55 863333579
16 6 148417033
1 48 951525631
12 1 99347846
49 47 143329001
1 40 548332122
67 6 87035550
54 38 185314423
82 54 416535011
84 1 437114190
1 5 73552175
78 98 962756307
3 1 577088188
93 40 720710584
27 14 227290434
28 86 669826831
72 95 83116611
9 1 907266204
55 72 283162320
5 64 288289362
93 71 804614025
53 1 804665039
72 1 882770707
80 1 597751470
36 81 682748909
51 1 998345309
86 94 411641293
67 1 65432763
16 68 135185639
55 70 498534605
33 60 778990534
7 90 61344095
23 65 12249591
1 78 516387593
1 75 321698469
74 81 74603531
23 45 604162723
89 1 662239479
19 21 717888476
68 71 139444015
1 86 994134027
23 1 686406201
90 85 863417519
42 78 283424363
6 18 735445937
31 12 240823758
53 1 337350643
39 30 719796428
33 3 676845273
26 1 371609664
48 10 841632866
54 1 131422057
84 74 64150714
1 43 673261166
1 71 607018148
66 1 505520480
35 3 978957755
1 70 116469674
76 11 664162849
11 1 618493071
1 33 597486748
24 37 559886016
21 63 866484793
42 40 68861344
93 5 995891756
17 64 428413853
53 98 779474779
29 64 657392907
40 1 910947249
33 1 878679003
1 53 572951158
88 1 393261978
82 1 731492788
37 1 519401011
34 99 133027368
3 1 879796780
75 1 847679247
1 63 289976720
1 20 588602730
67 1 87750436
4 1 271539218
1 47 282027983
31 21 539407761
47 15 460870063
19 71 749011001
54 1 764914264
65 24 122977362
1 76 621346100
23 9 885456611
84 1 935137843
98 48 663162908
99 1 958710041
55 54 648469685
66 70 925140279
1 64 46469696
1 19 983141402
73 1 386375231
57 83 269423940
54 1 739159976
3 9 755353920
84 1 837389222
97 21 492627761
74 65 715419806
97 1 461351328
30 40 592457094
29 33 811136561
56 1 394041298
42 1 63681116
69 23 578302020
21 91 879091808
41 1 125693172
38 6 42177541
26 34 655002905
1 76 291227811
1 77 741029908
1 82 23403495
75 36 921842732
1 86 126612540
56 1 434272594
45 39 942357473
1 47 979392466
23 79 761857252
53 20 671010729
41 1 955967000
1 69 907312960
97 75 850437039
17 1 992713261
6 65 588905091
73 5 178516008
73 36 605866966
1 15 674217722
37 91 387937367
1 77 178108325
13 9 554705602
88 40 46472037
77 90 1219132
8 24 936337786
1 62 611993270
70 85 217805295
27 1 991566537
66 14 339411963
8 25 694999186
1 45 921392200
69 1 582103093
58 33 624146618
13 69 417514237
1 18 378453055
39 34 560764647
62 1 863080169
88 34 706051852
86 29 590150048
69 74 900971011
32 64 368614857
90 27 933996620
12 1 43074053
63 45 137129685
54 1 402274871
60 15 483403646
1 53 924277960
1 15 476156739
14 63 154467916
85 91 144463059
76 46 38732835
1 97 888399296
39 12 990760692
55 20 123773700
55 71 294920658
42 11 537506978
32 30 410239838
40 76 767537648
73 35 5250270
17 1 440828977
31 92 720387329
1 81 472518830
78 100 262181292
10 80 781547822
1 27 646996519
1 20 458039413
46 1 768056672
62 89 542702533
5 45 853964738
59 1 534420143
29 65 973853347
17 91 446567212
73 1 893312709
16 49 1167263
53 1 504329696
1 23 720172378
1 81 583446554
68 43 444032532
70 90 824579712
33 44 633207422
38 14 626363660
52 1 393153322
37 91 543053888
41 15 197528950
97 33 117562057
74 51 524933200
76 43 585320429
83 79 656044528
41 1 369125693
27 1 270116939
1 37 577024505
26 92 700193776
78 81 534966210
76 5 37533956
1 65 375950438
29 88 380783886
14 1 379449165
34 87 431728864
18 1 518040301
15 19 824354646
43 50 20890746
83 1 679774515
100 1 297193188
81 37 480241276
1 71 369627356
46 26 858838986
3 37 848390073
6 62 115190646
54 87 103768779
84 50 570068155
3 1 302792292
52 79 685420182
1 99 140798325
52 24 352775299
47 1 128771967
66 45 514911896
68 70 340078730
63 24 163510171
1 99 717045859
21 42 435294887
35 83 24276350
83 70 929711475
47 74 291611604
1 59 958609121
20 30 621242522
5 7 829267002
58 83 338715203
39 60 547324481
38 5 955084094
52 14 28510967
84 95 923143452
37 1 930000197
25 1 589309879
45 18 387967033
88 16 714366845
1 37 138635716
79 48 95295200
2 1 190963405
1 12 197515162
84 20 683734479
93 100 560609492
77 23 32643314
80 68 254133633
13 1 913709003
36 1 872602797
65 3 557725631
31 78 398493025
75 27 958106882
31 61 758611925
67 62 927823866
13 84 96290854
90 73 280540334
13 1 643120520
23 1 183949302
54 60 235111824
36 51 642734778
75 37 611207807
81 10 890051028
13 99 576935437
63 39 839786219
92 51 352109835
25 1 188867331
47 1 682521324
28 33 486451375
99 65 174607352
49 77 989413527
50 1 614982385
35 74 796543621
52 5 52871548
1 15 771772165
2 64 123266854
61 47 180733146
30 79 361717707
29 1 146576734
1 52 420878493
42 39 620623140
59 41 209175078
32 1 303642619
89 49 134653430
71 1 976403436
88 26 940556643
57 6 926086467
4 84 731102345
94 1 637592208
34 21 551117010
52 25 339297993
27 82 171749146
84 42 826904697
88 1 696080791
45 1 934966797
90 62 315416557
40 1 56234514
12 81 683725860
95 3 845509463
1 95 773182561
48 1 292781625
45 96 607137830
49 1 693294691
15 18 353221978
1 88 329761714
1 35 707811418
74 33 565513723
20 83 606256966
79 1 991026397
36 85 374400092
34 82 33552606
30 68 464054641
10 12 173978444
61 16 303737605
49 35 260700531
1 40 308074485
45 1 107948019
66 36 114715348
81 34 613391567
88 60 708460911
32 38 870675329
51 58 537906225
96 88 824739318
100 80 192823610
1 70 223257297
48 17 607018350
64 57 892530158
1 81 582057501
21 73 533100427
7 8 691204426
47 100 879019470
28 39 619566571
35 61 539327476
86 29 498256663
49 73 858137600
1 92 721953271
1 47 817836458
17 1 852657610
1 6 42385404
37 67 986676548
79 90 706205309
77 1 836806951
17 1 194544095
8 27 731884244
55 1 317997393
9 53 721374835
66 1 696297622
20 68 586262548
17 27 680306347
12 100 50881427
1 84 712877422
58 11 494865994
56 28 472005523
66 47 28088352
83 10 844187415
75 1 682834125
31 1 379937562
59 86 74220726
1 48 568566057
85 1 684833699
37 1 624715926
12 6 738137971
20 74 494433655
97 1 967037163
97 63 108784361
18 15 947892792
90 1 622885651
17 19 77941868
78 1 120623024
10 76 487355821
64 50 852641536
78 69 99602385
83 1 862919438
41 30 640348517
71 1 616334913
44 17 239853037
1 27 883889828
1 51 234518092
2 1 534086993
27 33 490595477
79 46 715591923
1 20 124433711
44 39 463164235
1 63 463928464
10 1 447203772
77 26 105492616
1 42 967293035
91 72 943280905
97 65 34036376
16 98 386953684
73 1 708863784
70 5 698378677
81 53 199690946
99 62 144620813
3 69 907693048
63 78 767760312
42 1 636060220
34 2 325949927
60 24 450257434
71 98 520536082
28 19 449204524
1 3 710327323
41 67 433821390
27 1 559707586
28 4 916489404
57 28 35163328
18 63 459728532
54 1 900024480
96 49 465359532
55 90 5360662
26 36 21749094
76 16 313652596
57 88 925989129
27 21 918623920
91 58 381824292
96 1 110246552
1 76 588076373
5 60 389607650
57 41 354095450
44 1 187772804
1 89 1174075
1 51 445872779
1 32 369402452
1 74 907081368
1 99 600945411
16 80 93482194
5 77 804941179
59 68 7299048
1 8 466802287
42 15 454716145
65 58 831110625
23 1 702281403
1 25 847776366
100 91 283593686
80 20 321217120
42 9 894697776
81 87 450001708
68 34 73551165
61 56 689479912
64 6 635134061
53 15 548048041
1 78 481714614
37 43 828453928
29 6 446486979
1 76 677080119
82 57 268771603
92 22 77023647
93 1 289477044
1 94 413788490
1 22 27966179
16 1 222004380
1 60 761621548
1 39 974732716
59 41 661344682
12 59 473852583
29 13 70601079
38 1 491134186
1 47 380840805
15 1 275613006
26 6 906326423
55 1 180835089
54 1 707658999
79 72 768951535
35 24 765192205
55 21 471483581
46 60 217102797
51 46 484254128
81 86 715683604
1 45 302276019
84 11 980224767
1 80 658298749
73 61 407650552
1 15 563340357
77 1 198794339
14 1 636830660
51 47 188782136
62 50 488829529
7 53 984299700
1 40 871502519
45 73 239634587
1 83 30447224
19 90 26322854
90 1 789626998
80 44 598814451
46 1 393168679
83 37 230725527
90 68 489391565
66 40 890960053
1 47 266111926
1 6 172771272
35 24 403972152
52 95 283616773
91 12 698225884
1 34 952723120
11 1 886800895
61 73 529024356
93 98 646400085
50 1 645719313
23 16 902599873
58 71 695060817
92 43 390743159
55 88 547680255
5 59 486665455
5 1 816286488
6 77 688430154
82 43 68455832
1 82 508901618
47 70 849824714
48 56 571081110
51 18 199182330
1 45 633322253
36 25 455806831
1 77 524025120
28 41 71616702
26 70 172567775
77 70 46663414
77 19 68740565
6 20 366298212
1 90 789765585
1 9 180835262
30 36 655589787
30 84 773099244
82 39 949814712
33 1 374281118
40 53 515206588
63 1 583507325
9 71 490262707
54 1 933543763
2 50 212468098
24 1 769094387
70 53 558140951
13 1 46288126
4 60 616814082
76 1 866934944
1 93 477848093
3 80 708461114
96 55 904935623
47 69 693906585
1 75 88053547
93 35 762017495
1 46 175128060
10 67 771927575
85 39 617382393
69 66 678686001
1 23 316364097
83 100 994251911
7 42 43367436
22 36 112004220
62 54 228463013
9 63 638340009
39 44 229787359
54 2 31537816
6 7 733373301
75 59 61440430
83 41 733950228
38 36 49633003
33 13 724349687
1 43 670326926
1 12 96083351
22 99 122484060
19 1 439252066
90 19 266273460
33 84 448305000
1 19 707711551
1 82 240851711
1 36 741532120
92 87 157104867
67 56 994664405
92 48 502748205
65 1 448748093
62 1 20651142
32 57 722650607
55 18 257519495
72 98 862128551
4 21 360573739
13 12 419678566
88 12 196175765
1 11 140133979
1 55 456778428
87 98 858076520
1 14 498941271
1 99 844208265
59 53 761182473
10 71 186880912
50 27 9140350
69 55 139955505
1 76 303172046
1 24 362875237
1 53 973582269
46 72 141598862
64 85 494191945
34 11 487920341
85 93 506253011
50 97 807934079
11 72 721545104
76 43 30364325
1 37 252840060
81 85 903569897
57 1 861236629
43 1 653959907
45 62 39048083
4 49 574253871
82 18 401040121
69 36 92023260
19 48 208889432
34 46 877084276
1 28 509663564
74 16 301866218
42 1 452552182
86 74 68859295
58 4 652789646
65 3 160206697
25 1 325488316
12 90 442960411
82 38 787805582
34 36 251003927
70 38 600395698
100 54 132575572
1 86 617544435
68 98 130370201
51 43 997075207
4 26 486165381
61 19 42472635
9 1 55276558
98 97 316199896
73 89 5073379
58 1 244628489
90 12 455725556
59 10 906700798
3 93 448078001
52 10 168643265
8 27 658737334
100 47 667107672
1 78 932995574
1 25 315249283
28 1 272089346
2 86 475582149
18 1 280443883
24 1 432452464
1 21 873341327
72 63 904005388
30 60 913192726
49 7 640028589
64 28 67130631
87 94 907989989
54 1 731556155
51 39 174148763
1 88 645261953
32 29 806731460
67 50 598901071
64 71 781049185
8 21 31850521
1 76 327317879
58 42 146749115
13 1 51769335
51 1 200489783
22 36 368319931
79 39 666188772
96 29 7354253
43 44 817954962
40 44 462857350
15 1 826878079
72 55 985137514
40 23 818242833
1 28 724911118
10 92 141513908
11 64 994039245
1 41 412339604
1 90 79660542
25 45 503046584
9 59 912353777
86 67 27231213
88 62 623590077
80 22 759975400
8 85 632800501
57 59 678153277
24 43 10710836
27 57 891509689
43 2 874276224
51 30 839146867
93 5 981342390
9 1 737226563
32 23 783372946
87 28 175982152
23 40 24268734
53 28 358030833
1 52 254434125
61 92 7765427
72 1 948560830
95 35 466632189
16 90 272311314
46 100 268507906
96 4 462733286
9 14 994540261
58 49 427311573
66 57 79260640
1 34 616412989
18 69 342655670
63 43 201673897
22 58 973923829
66 89 24784436
25 86 11589676
1 14 618815955
12 38 543837382
7 80 199821695
77 24 508839506
69 20 153235065
36 88 257077044
70 24 496008255
60 28 114920802
83 50 432894237
45 3 293849978
1 72 198940835
41 27 876831276
53 14 85443778
94 54 112870486
73 1 299314011
16 1 389739279
11 67 172518036
1 59 135292266
35 26 291394347
66 91 942083864
1 16 93403194
17 24 646205695
64 100 990226759
1 12 950494104
84 1 464557403
78 81 205509137
94 19 47863827
40 94 253062094
42 70 172766049
64 67 619493350
66 1 206972743
7 58 672830104
82 62 493901382
37 16 575968288
1 47 499624349
5 87 425626865
60 1 528043591
68 8 652698421
90 4 80369290
85 23 877025104
73 11 69189985
1 6 550774013
45 73 81931973
1 13 670716954
1 100 933607948
81 76 663717275
1 68 661751374
1 52 95495908
89 58 214860432
38 29 925961434
45 25 403588012
1 98 70161906
27 68 641343293
65 48 229577604
25 84 926639727
1 63 341475773
40 48 841303671
66 1 4111544
54 59 124402398
50 54 148921894
18 61 376115703
15 30 512491430
1 41 176584128
95 96 266058331
1 62 900062788
1 40 434420963
35 62 835069254
52 1 237020684
79 77 117154852
85 60 867498616
17 57 696169872
67 1 417313068
93 75 855052752
40 77 799083632
17 35 377949968
50 42 788941941
1 48 58067007
44 85 500008352
23 51 632404872
1 65 458437749
86 36 410806660
49 75 478290557
93 49 819640956
24 6 2106055
67 1 439040600
8 69 945693943
1 45 803176609
1 63 257025379
46 79 522705577
94 64 931930562
81 32 907130901
17 72 44539542
37 98 935973402
13 17 721004290
52 64 912731477
86 76 244748781
70 91 692742751
37 78 265958454
1 13 465669887
18 77 687172360
81 1 494377869
84 1 610495057
47 59 553363061
36 1 380884747
70 17 217943256
45 75 532457782
2 1 656256955
66 59 946133719
68 92 919400906
10 9 942790778
15 60 155775297
1 31 113562394
55 65 15842192
50 25 171014986
72 96 81406090
1 27 656577946
1 26 500910386
1 55 668217644
56 91 601436754
37 97 936003053
23 92 780685747
88 77 175168908
84 1 225657592
2 66 623359246
72 8 365662833
69 44 828046852
11 1 131365373
32 71 212282134
1 56 377752530
1 30 377173323
15 33 278574641
70 33 69329620
1 37 312907825
51 60 103466692
90 97 192047465
44 43 837974153
14 4 193412011
37 1 54000894
45 88 470778995
1 75 896753846
11 1 20170658
95 85 109638505
30 24 127312618
1 29 169812947
8 1 858098344
7 98 280907200
1 52 482519389
1 67 27219552
69 7 919998967
1 15 442434344
45 9 560216143
49 28 551365586
59 31 805129344
1 29 609703457
1 47 79056235
56 1 210968204
66 1 209272906
5 68 219586646
1 19 861509569
54 34 279954065
4 65 104782781
1 81 243931119
1 83 553812351
61 60 594242830
40 34 877426033
93 81 842107237
79 68 863419155
3 1 543348609
1 31 249592682
79 1 334967454
1 39 516386515
1 81 183015196
90 23 920075595
44 73 798485635
75 4 740529032
1 82 997590749
14 61 324339985
15 35 771501727
100 20 295776889
58 1 482809651
82 86 259625116
25 24 839812762
52 92 83340528
56 6 890602790
1 5 166782430
5 78 897850800
91 1 433945535
1 79 11051692
87 49 959767342
59 84 326022457
60 67 163867775
36 70 219197619
18 79 211310680
5 1 237699077
39 1 764588676
38 27 453516255
58 44 955166288
67 8 50182287
85 24 833940742
82 13 68882803
83 100 784501311
56 72 109457098
48 1 930142860
80 42 506835937
17 1 663666654
1 78 390605121
1 20 418189436
67 18 840932831
90 78 334885976
75 16 457722448
41 22 89206775
1 100 520894312
61 72 88422486
69 1 675409106
36 13 616291061
73 43 490626910
84 3 313529950
2 32 784994691
75 12 419156749
1 21 174952646
1 62 167653629
90 6 394771787
15 41 495801644
42 39 465069257
46 48 255173188
62 25 648672085
29 70 818825399
59 76 725679296
13 83 721261566
31 29 197830036
12 32 53538985
31 97 332017538
63 13 18292766
59 1 42692154
1 33 650531662
93 49 2033709
68 1 666903504
1 94 384030359
93 1 114361143
1 72 650666705
1 87 729456164
86 38 904170470
51 30 622370605
1 16 262302930
96 6 885183525
70 11 724465210
90 23 51984482
59 57 295852798
7 62 559205648
46 5 582255312
48 2 945519634
71 52 928252249
1 31 909087956
44 39 44703811
56 1 341941768
2 1 676541004
94 70 613836616
13 92 944154986
21 81 561923530
1 30 615798816
5 1 968191487
74 43 388393196
92 76 668051691
48 1 88239229
89 90 121147330
41 1 35063703
84 1 97057606
1 98 489066418
85 90 104679644
60 86 65957918
16 1 941341440
1 28 981276201
76 72 372411778
2 98 498442013
79 70 738881654
89 21 210789745
21 60 663703548
13 21 271406609
17 32 490771912
89 77 854700736
18 13 980005206
66 19 640067667
1 55 336088755
1 17 524532635
1 17 429817348
100 62 710155895
3 1 422401795
73 1 438458427
23 93 33200385
1 19 2515786
55 25 999452209
62 87 96684181
22 79 406347488
2 39 466576883
38 1 690531746
72 77 980220161
34 9 167998519
64 1 724667314
1 68 156382753
34 74 509393193
27 51 934641259
20 97 516929127
16 78 481712602
31 27 677170532
25 12 379961889
5 56 861786656
74 45 131607671
2 1 19615237
71 84 189560434
95 1 171172154
98 1 89265788
80 6 817123278
36 63 635001643
50 83 360451816
17 81 37245940
61 30 173133521
65 1 372531419
1 77 974004930
19 59 637876271
54 1 87188913
65 1 4215328
81 48 464882652
69 91 381723982
52 92 884491022
1 32 401316157
98 22 593798155
30 25 837811590
1 49 816024947
36 1 648329741
35 60 152326736
85 11 202286229
72 1 633892485
16 1 211071785
35 1 61550168
12 35 387879114
43 21 873338221
92 1 163726032
73 19 687050213
1 56 42734006
1 22 941834980
51 86 802639633
87 34 471476800
57 59 883710559
1 30 693647452
26 75 757805968
21 2 195319455
1 92 656307681
57 21 446866637
8 24 782381605
4 39 804805338
1 48 254476418
97 68 543217798
13 49 297678024
22 15 639268902
51 33 200420637
67 19 937472672
76 28 656017517
25 44 605197741
39 45 755464121
57 24 111719047
79 97 946890446
28 72 588656369
43 46 63801244
13 1 819665334
18 52 955934423
28 1 877354187
88 64 677916422
43 1 322848714
23 42 121050362
69 34 583410202
51 63 327227061
15 19 84857411
41 50 948499787
60 70 385914724
1 54 929515986
58 20 953470060
76 90 124691297
1 80 925709102
49 65 681794368
68 34 207398292
80 64 417969017
51 58 55272745
1 27 111700591
1 86 484236943
15 83 289589891
48 76 822903441
2 63 239661528
97 56 628267474
23 1 294421805
50 1 646097814
86 64 789614353
1 56 91569910
43 8 359761448
89 58 83570971
24 48 728497398
63 55 15609943
87 27 838979028
23 3 193448395
75 1 242772332
15 95 549646752
1 38 661622048
1 5 581341741
1 42 439603197
2 27 949572295
70 95 598108321
19 36 212528037
99 1 995073031
88 17 217957580
45 1 773729778
78 30 111565390
98 54 321154758
1 28 458103826
1 46 564352681
63 1 89559404
98 1 20098569
78 32 775619282
94 12 839171485
1 12 684668213
1 61 689571883
91 58 704716156
21 98 928948248
57 13 986647146
13 21 654357026
87 1 15677616
98 1 205200302
1 7 953002837
10 1 247253088
3 88 422338504
71 70 537265615
84 17 542115875
56 41 803038875
43 48 574862358
97 81 51121106
1 88 37265951
61 80 533056996
63 1 926270687
36 26 505627106
22 72 954053929
24 61 178671619
86 12 809643052
91 89 985450422
16 1 342169861
52 50 785296338
85 55 550457665
59 1 784837507
6 48 904640369
32 87 589062127
1 2 618454083
12 1 288994655
36 1 661461987
95 7 89730798
63 58 938851072
19 1 710949529
14 74 61104567
29 87 804135541
74 19 837557095
72 40 510767173
11 41 946330371
35 49 954925618
75 15 7132520
40 1 500865398
97 44 350979878
48 16 610174096
29 8 219065861
1 94 464937914
9 40 225480483
96 72 51395387
80 84 463035406
60 36 593009216
63 89 55572968
1 57 320383211
1 85 887331973
1 79 754838176
18 12 566189094
55 1 95413551
45 47 447441169
14 85 832633952
66 51 223703149
1 87 997200
6 77 897978735
38 9 438995117
47 3 19006695
79 1 279466705
3 91 629607477
95 26 24551903
20 47 938862966
94 44 679625162
75 73 659257929
30 47 968128231
88 18 657303828
1 36 998608636
69 83 346862330
7 1 985274762
69 98 530788629
18 65 403928465
70 44 808995532
27 75 724263853
1 75 682104609
53 1 736709097
59 1 213072123
40 26 930042227
1 78 464615400
73 57 144633768
14 1 43609875
82 89 938188795
1 4 274235853
39 13 736726141
12 10 516720122
68 94 506045311
43 1 486545775
5 34 434221601
1 97 398722956
48 99 646131983
35 48 158801405
92 82 186348627
1 49 544860920
27 51 677767963
1 3 753829722
15 63 211925752
35 1 814207300
51 1 730058694
79 25 948453451
68 1 483131879
90 92 596800807
7 59 176703708
62 5 773039352
56 89 487399209
84 1 355013441
95 41 860683237
19 54 785717625
1 32 638660998
91 89 855207463
1 55 759315836
91 48 265318494
65 1 468004791
88 31 178562218
89 1 376796017
98 41 260774104
1 18 884437047
1 87 798417025
4 7 282509095
79 100 393935048
48 20 230070904
54 1 111663844
17 1 50635001
26 1 352311048
47 20 505860777
44 37 461039670
58 18 17874460
1 50 399510978
86 1 714480392
60 1 102798624
60 59 513860952
3 7 284643594
13 10 412895924
1 82 738700740
16 59 822651897
12 30 496510163
18 32 34775349
1 96 354142096
1 38 134579886
1 40 624336668
71 83 180622873
70 60 814047843
76 16 549111629
36 76 690338254
88 1 331947754
76 1 961765605
27 93 1510514
71 79 432494834
1 99 629164634
51 1 942812890
63 92 268435769
66 1 22354953
81 2 12585902
1 17 339917408
22 77 443508037
12 1 134017244
74 13 731756675
1 62 688141217
13 18 847530014
5 73 301437677
18 100 994918471
32 7 243255284
17 75 733558366
1 58 268314978
72 81 3065599
10 15 315265918
37 1 622479859
35 1 462522395
7 78 383181299
1 87 530060449
87 95 892786074
28 1 607983762
100 75 422265826
91 1 516322445
31 58 892097727
29 58 152044994
18 1 468659312
3 62 779058802
47 39 515511436
1 9 159785415
40 100 351232571
2 35 17963338
45 1 289442546
1 44 178172641
71 95 891959043
47 1 972341327
96 37 46852145
11 32 923636402
1 23 327683778
43 32 236271649
56 45 455743178
85 63 876119740
20 100 112454970
55 1 310305211
51 63 47973414
12 77 464736458
70 1 516572501
1 72 850835196
37 1 55918375
93 60 551387467
5 13 167852852
1 9 766737642
62 8 542173905
62 3 9867096
85 80 759111647
51 14 938085286
1 26 757845880
1 33 112462830
1 13 824302967
31 1 34331227
5 77 772135382
83 1 91482730
10 9 515169775
45 33 316034047
1 35 350529495
1 59 567475117
31 12 808823227
95 47 338115529
1 24 237471698
29 1 313652355
55 46 395192089
95 1 121358300
99 23 699756334
71 11 809834674
83 11 578347936
42 1 723261789
1 70 76433464
76 1 234513594
1 90 158041302
1 92 184193007
41 4 251365070
46 1 667971733
68 1 437674341
48 1 927171895
1 48 333450111
48 1 55699424
54 65 710219009
84 1 468798977
95 1 415111826
73 80 171459222
32 1 383441719
81 28 340348013
52 92 62005386
57 49 724385053
33 1 244613340
91 15 445879860
37 12 637817479
35 81 33091007
1 75 301468743
61 1 706931438
86 1 548932555
63 73 231429589
94 70 321962374
94 1 295856407
1 79 838554381
50 89 244773384
1 39 930344500
16 1 695106205
73 1 855748766
1 22 884504602
96 57 638342819
1 42 428909517
1 3 627340007
29 1 911315447
33 77 900385804
26 61 674214631
85 25 870674353
1 27 41643593
69 9 662937586
58 70 352316048
1 64 556213566
67 57 815236309
37 1 308046986
60 8 464061788
62 1 455692261
80 1 855993368
18 86 905338531
87 20 982769920
63 58 424265388
1 29 172407978
26 12 43713285
1 27 219702007
24 79 809633920
1 73 596080974
21 93 655783027
81 52 855626261
2 1 163961654
43 98 271970060
9 42 670631965
1 36 274246580
29 92 782508742
1 54 87531313
78 23 594187207
44 1 156502036
41 47 412838326
51 41 290852865
61 1 64148623
13 12 613726111
1 37 389794995
17 53 814471507
1 53 149493705
11 42 806222010
97 1 175640493
26 91 967542507
80 1 892032897
1 68 448883259
1 74 932275227
35 1 195856063
88 10 601617815
75 95 368752163
44 73 534494608
30 51 38560758
61 46 575154026
45 1 113089352
72 86 995317783
61 83 33515748
72 9 198214994
55 39 682659467
95 64 417021677
34 28 149101656
2 29 767563815
1 19 111533007
1 7 131972419
92 86 756466094
42 29 990340844
1 35 235360067
1 73 847341125
8 79 444895504
21 1 632707688
1 57 658769645
34 23 722900523
15 39 14812326
3 1 658593128
1 81 311012690
1 95 972893431
33 41 606109512
66 90 153758148
79 71 64389588
32 44 230804302
97 39 860088566
8 61 192182250
47 85 503218616
27 1 123915846
1 79 615794802
81 1 13447293
1 4 997648472
75 82 660300663
78 63 606674592
10 37 305366007
52 84 279083495
1 87 473041226
41 44 657857426
12 1 859422494
1 11 180629320
90 31 799608615
39 87 646996378
1 81 581809298
51 79 75891145
4 3 260532551
49 93 652132014
63 1 505253600
91 96 110157471
38 82 221352846
61 51 17652200
11 35 2862579
86 1 257390776
35 65 358670106
93 22 458314496
1 58 638747001
69 84 16208117
65 29 63120845
75 48 804908951
1 68 492157155
69 24 135509090
26 48 188742983
20 34 859216890
54 64 405273568
1 5 802596985
16 67 226422488
9 79 270500783
100 12 257327031
54 1 167836358
39 17 249187418
9 95 981008253
24 1 445751781
4 72 637675457
24 79 41253449
20 21 533818340
82 20 294219508
16 1 182367446
80 1 733931399
1 35 404265566
14 38 46550861
1 65 659102887
4 90 970719125
35 1 792976054
1 98 596451477
98 1 325283184
30 12 71540739
1 41 604848070
85 44 866008290
50 70 162076296
1 85 731348237
1 26 513774544
35 85 325778573
1 43 313623670
57 62 898436647
1 61 879910294
7 45 314032928
1 64 59253191
25 35 98444551
42 28 145623036
60 1 365992525
89 7 991639471
55 1 246846833
61 1 486875250
21 69 405030470
6 1 5249449
53 5 546369920
19 99 280823778
90 40 492771593
1 2 437781934
23 33 11957598
62 38 470723052
1 100 266950888
43 86 76113321
1 44 31122916
1 58 974623307
69 6 282294047
7 10 109885019
66 1 957873759
48 46 916323823
2 5 330055218
43 1 504975287
54 46 966379945
75 34 133312846
42 8 677788719
25 21 62868191
1 91 885755449
32 1 629977243
25 99 614275033
36 34 905875023
61 53 455321036
1 16 369925246
51 71 627566061
52 75 223887627
30 79 264196779
24 42 474511046
61 98 929372077
1 2 760414991
6 1 558756107
3 81 262085879
71 3 925197647
5 94 798116973
1 84 771526830
1 86 455736222
26 79 680594222
50 1 858692935
1 19 611966258
1 29 737950752
34 1 162839594
19 68 698881814
78 52 460072635
73 64 114664073
54 38 271357715
99 1 715378225
81 19 942555348
81 100 264621969
67 40 964829288
20 90 533826612
1 82 146719457
90 93 18609806
40 1 526028849
64 1 132423241
79 64 379236668
5 1 981281233
88 39 276063760
17 22 744918556
39 77 334083033
16 53 341464927
8 77 247146542
39 1 841190741
83 37 845106115
47 49 880907818
73 3 70568081
68 1 693471490
62 1 167210411
64 23 956862826
47 1 947358872
96 26 688017439
1 65 342120142
89 59 776693318
44 33 406146167
43 21 904516840
79 78 653707808
21 89 855710073
57 65 521807261
60 17 532618366
31 3 890958759
96 22 381198395
1 3 745824850
88 1 592937195
22 1 108894992
41 31 736306249
94 1 600356333
92 57 67021859
26 85 925428771
71 24 990668618
63 26 914510140
96 83 407384356
49 5 142889113
1 60 740278979
59 13 472587437
52 26 230614057
88 96 648297725
51 1 198322775
5 52 504043828
97 53 610092861
40 74 78063552
18 84 258948128
24 1 3369117
6 45 566660348
57 77 531531420
67 92 571111801
1 43 782770249
15 2 510573441
25 83 626377228
20 8 877710988
1 47 787984576
1 31 222581437
9 85 561875219
5 1 160999255
74 1 233359634
81 32 839490721
79 1 36250872
85 80 719587510
19 1 746760372
68 46 435095635
78 91 655189392
10 6 695425297
11 68 837462511
60 1 71797408
71 17 195721385
1 12 867460834
20 17 816952965
77 97 348344084
98 23 854806482
44 88 392294940
1 56 585323061
34 9 139915666
67 1 497760689
1 19 275971793
1 49 973519923
27 1 342898892
77 79 680105788
85 98 967285277
1 18 339777390
26 1 712196986
36 1 604582149
75 36 609086688
86 27 800563365
50 66 644164268
97 1 586746814
8 1 408642675
34 100 900411233
21 85 864699870
1 37 917796615
41 100 384331181
37 13 596739039
1 48 734237488
57 37 327926177
56 16 344551203
7 68 758889099
93 1 510451523
11 37 844352061
2 69 703371637
1 83 228086246
2 64 709515950
45 90 171309582
5 1 731481791
84 1 350033114
18
57 68
52 86
11 41
79 91
9 85
66 81
26 62
8 1
89 4
45 20
61 87
42 75
87 77
85 94
54 11
25 18
31 7
9 50
