73 170
5 1 1
1 5 1
21 1 1
6 57 1
10 40 1
10 71 1
49 67 1
5 29 1
44 70 1
45 39 1
1 71 1
28 70 1
72 15 1
31 28 1
30 60 1
19 45 1
31 51 1
56 23 1
29 46 1
10 73 1
15 39 1
60 23 1
69 3 1
46 1 1
67 25 1
36 21 1
40 15 1
45 58 1
36 1 1
1 16 1
26 56 1
34 12 1
10 38 1
62 37 1
27 50 1
4 71 1
66 1 1
31 13 1
1 38 1
1 36 1
38 62 1
18 1 1
68 3 1
64 32 1
62 51 1
1 32 1
42 1 1
14 4 1
2 1 1
62 17 1
23 6 1
71 1 1
52 1 1
32 53 1
1 64 1
4 68 1
29 59 1
63 49 1
25 1 1
67 72 1
23 53 1
69 11 1
54 1 1
28 47 1
4 1 1
71 31 1
47 30 1
1 68 1
23 1 1
51 33 1
65 1 1
52 1 1
1 71 1
66 72 1
1 40 1
42 27 1
1 46 1
1 54 1
8 50 1
1 61 1
20 31 1
43 56 1
1 29 1
66 1 1
1 48 1
41 21 1
36 2 1
35 67 1
15 1 1
66 61 1
64 1 1
40 37 1
51 41 1
26 35 1
48 13 1
60 68 1
37 36 1
36 16 1
69 65 1
4 35 1
37 1 1
50 68 1
65 68 1
1 25 1
30 1 1
1 11 1
55 1 1
1 56 1
73 4 1
1 21 1
69 56 1
23 60 1
37 30 1
70 34 1
1 19 1
46 24 1
71 60 1
4 1 1
28 22 1
65 72 1
47 1 1
58 23 1
61 47 1
32 58 1
33 8 1
1 28 1
1 17 1
61 55 1
4 1 1
61 18 1
47 60 1
69 33 1
38 5 1
34 17 1
45 69 1
10 49 1
63 8 1
44 69 1
38 49 1
35 1 1
1 10 1
64 1 1
6 29 1
6 70 1
39 69 1
57 4 1
63 1 1
3 41 1
43 51 1
37 38 1
1 42 1
1 15 1
8 1 1
1 12 1
26 22 1
63 1 1
29 21 1
7 1 1
1 19 1
6 22 1
54 29 1
40 31 1
71 57 1
25 10 1
1 64 1
44 31 1
1 6 1
20 30 1
24 62 1
1 12 1
852
40 24
30 29
20 27
36 3
56 60
25 14
35 25
42 33
67 13
44 73
47 70
64 42
47 17
63 39
73 28
11 64
73 42
1 65
32 24
60 38
12 18
72 26
32 30
44 30
54 27
67 23
65 44
26 30
41 15
45 21
3 13
5 54
28 68
25 53
32 16
69 12
7 15
5 23
63 26
11 69
40 22
39 22
30 46
32 3
44 25
6 27
1 67
22 36
23 58
65 15
34 30
35 39
55 53
56 44
38 72
34 16
58 6
45 58
54 18
8 29
13 59
62 61
29 28
7 40
70 12
60 59
38 9
46 65
6 25
69 13
48 29
71 49
18 23
5 33
37 28
14 68
16 68
11 26
66 31
5 48
65 3
18 45
27 71
62 52
11 65
57 3
15 1
72 59
58 62
16 56
6 11
55 43
39 2
47 14
11 72
26 9
31 11
26 3
35 72
37 51
73 27
69 3
7 34
31 14
17 35
35 10
23 61
30 2
62 25
62 69
23 41
15 57
9 69
23 8
56 8
17 10
40 52
56 4
28 6
56 54
54 30
33 56
22 18
51 44
36 18
32 49
9 64
9 37
32 38
20 26
73 56
51 31
68 17
43 67
43 67
34 12
60 8
23 73
25 20
42 10
54 9
37 19
44 37
2 69
2 40
36 58
19 9
4 66
34 60
58 4
34 37
44 4
16 45
10 40
29 16
28 19
41 62
47 26
61 25
18 22
70 16
13 6
68 27
41 73
15 45
69 73
50 53
42 29
43 22
3 68
4 65
36 17
63 23
63 29
66 58
71 64
53 25
49 34
61 38
21 41
17 47
46 15
15 33
46 73
60 25
23 3
53 28
5 59
29 35
45 11
45 63
44 41
73 22
37 63
70 73
54 36
53 39
42 59
40 34
55 42
7 56
18 48
22 50
70 56
40 26
50 45
44 21
55 24
43 32
26 1
62 34
61 16
8 19
3 38
72 9
33 70
9 5
13 19
2 15
27 48
49 23
31 2
17 26
4 59
72 62
11 35
35 62
59 23
17 35
67 65
12 19
25 16
46 63
4 44
29 31
26 23
33 18
22 6
7 47
59 33
11 48
45 26
55 7
18 43
70 68
36 64
59 56
66 61
34 39
43 62
61 44
28 3
56 18
17 70
50 43
73 65
29 5
38 3
61 66
11 52
64 65
7 29
19 60
54 8
30 56
50 16
73 32
21 5
27 9
28 23
39 5
42 69
33 19
8 7
16 64
52 22
34 24
69 10
72 6
72 1
58 45
16 56
35 6
67 8
1 10
23 29
1 71
46 49
52 43
67 39
46 47
37 62
2 53
59 13
29 3
33 45
49 7
37 7
54 18
71 66
68 9
60 1
69 73
54 34
20 11
64 13
3 45
5 42
6 26
6 36
52 50
57 38
5 3
41 65
4 39
7 24
36 42
54 62
59 11
16 48
16 43
48 45
15 52
59 28
71 33
52 30
42 17
1 9
39 4
44 29
8 35
58 28
9 32
64 39
70 60
22 72
18 21
15 35
44 18
26 44
48 50
7 25
15 62
18 6
41 1
47 41
58 15
44 65
51 10
1 18
12 9
18 61
59 9
44 63
68 29
30 70
39 65
48 41
30 41
8 3
34 22
40 30
25 29
42 54
49 53
29 64
2 71
73 45
62 41
69 9
64 13
67 41
63 38
53 43
72 5
24 5
35 18
71 60
55 35
69 72
67 24
57 22
1 72
48 42
69 18
51 20
10 8
73 70
18 21
57 26
34 19
12 37
28 3
46 39
58 63
51 25
55 51
40 1
16 38
28 25
11 61
25 56
64 36
4 33
2 4
12 54
54 62
47 66
32 58
52 59
52 10
14 43
66 30
49 72
70 12
46 49
58 65
62 4
49 66
24 30
65 13
71 35
41 1
73 58
46 30
60 33
9 27
18 55
33 40
53 50
60 4
23 45
69 35
27 32
30 44
16 37
67 5
67 27
38 26
22 20
25 20
34 69
12 55
59 25
15 44
27 48
18 54
58 9
63 29
37 35
16 66
24 58
51 61
56 5
44 16
67 65
27 58
62 5
23 7
42 22
18 12
22 51
28 11
49 37
18 1
57 62
29 9
15 65
6 1
52 62
66 42
45 20
16 6
52 41
38 2
64 16
71 60
12 52
55 15
25 58
2 62
55 11
30 24
54 7
51 4
41 64
53 7
57 9
29 26
12 71
15 70
29 11
50 53
25 10
50 47
66 11
68 51
33 69
24 2
61 14
22 7
25 17
56 67
57 10
69 12
67 31
53 5
42 50
45 53
24 6
60 43
29 19
69 67
61 25
35 73
66 28
42 1
20 8
43 14
50 42
63 37
14 31
10 29
26 29
59 9
33 55
70 27
18 52
18 14
5 67
55 66
67 53
33 3
25 51
21 45
12 44
1 31
43 49
24 1
42 12
16 69
28 64
53 61
57 12
34 36
12 2
56 17
10 41
57 48
28 20
16 51
52 8
45 6
46 43
13 26
32 21
40 33
23 18
38 48
25 17
25 73
60 2
44 21
40 58
56 53
10 13
40 70
39 67
23 71
41 45
65 37
72 61
4 19
54 58
51 69
5 42
38 6
20 69
72 41
47 25
22 30
10 26
31 71
69 3
53 32
9 46
70 36
63 16
71 29
28 4
31 54
49 22
51 30
35 5
26 72
1 47
57 25
33 48
36 62
9 49
39 14
52 63
17 4
68 48
50 66
32 13
45 11
42 33
1 65
19 16
61 3
29 44
44 56
44 59
55 17
46 31
27 19
73 55
71 14
52 31
18 63
59 52
38 10
34 28
70 25
4 54
42 19
47 53
15 68
36 12
19 29
35 18
43 32
2 23
41 14
56 64
61 29
56 55
24 38
34 9
7 57
43 7
69 36
10 43
61 64
70 51
18 56
14 58
9 39
45 12
53 68
2 71
10 59
6 49
39 25
44 65
40 1
61 65
15 52
71 17
20 29
4 54
48 54
73 22
72 10
60 51
59 52
6 29
54 56
44 51
15 68
61 1
55 68
33 35
10 9
59 42
54 62
56 46
2 68
5 16
53 4
59 72
21 7
52 3
50 10
4 22
43 32
41 55
62 32
5 55
11 56
48 45
24 39
72 52
63 16
63 69
42 36
6 47
1 6
37 50
70 54
15 27
8 37
31 15
7 34
38 72
37 31
65 71
62 37
33 32
58 17
44 68
70 41
15 16
73 23
40 37
32 6
7 14
13 68
1 28
68 17
51 42
2 24
54 60
41 23
46 23
7 24
48 41
44 25
48 35
48 4
32 54
47 38
16 58
25 22
43 24
37 11
46 35
21 51
8 63
61 39
18 5
57 40
9 71
23 28
47 30
28 57
59 55
43 9
43 29
47 56
60 42
60 20
40 19
35 37
25 39
27 59
14 23
28 68
17 35
72 28
13 68
44 7
17 72
65 38
63 69
35 8
40 42
51 26
8 68
18 51
30 59
32 47
23 69
68 65
17 68
53 32
12 71
11 26
48 7
63 72
58 40
63 14
31 67
63 38
8 44
29 38
73 57
72 63
69 24
24 48
51 30
73 23
50 26
10 17
14 44
41 47
8 55
30 52
21 25
69 23
51 53
54 52
25 43
73 23
38 15
6 21
25 30
40 3
12 48
16 19
43 1
17 61
60 41
24 6
49 57
16 15
48 14
9 8
54 55
36 26
52 34
3 71
45 55
34 46
37 61
47 29
31 32
35 40
52 43
42 12
70 24
25 65
60 50
55 42
11 6
48 61
20 58
62 56
46 63
2 5
71 17
13 7
27 23
14 13
45 58
61 18
18 54
38 56
4 66
53 62
26 51
