90 326
77 48 1
1 24 1
70 1 1
66 54 1
16 1 1
67 27 1
15 1 1
33 11 1
68 17 1
33 56 1
37 1 1
73 37 1
11 42 1
20 42 1
37 1 1
1 28 1
20 62 1
81 57 1
1 26 1
11 60 1
77 90 1
21 8 1
42 81 1
26 65 1
76 1 1
27 86 1
1 4 1
1 37 1
71 1 1
5 44 1
63 1 1
8 37 1
9 73 1
32 14 1
1 50 1
3 84 1
53 63 1
1 34 1
1 38 1
88 69 1
38 73 1
78 48 1
62 1 1
59 60 1
54 28 1
83 18 1
84 62 1
53 23 1
86 73 1
52 73 1
42 69 1
39 2 1
64 63 1
19 65 1
27 67 1
83 45 1
1 56 1
23 1 1
45 29 1
38 83 1
26 69 1
47 86 1
54 82 1
81 58 1
1 89 1
1 25 1
40 17 1
33 65 1
1 90 1
69 47 1
1 77 1
70 88 1
33 73 1
24 62 1
82 29 1
1 85 1
48 75 1
41 1 1
58 82 1
1 27 1
1 75 1
1 69 1
1 20 1
1 34 1
52 5 1
1 30 1
28 53 1
1 67 1
79 1 1
35 1 1
4 1 1
47 11 1
55 30 1
84 39 1
62 73 1
27 36 1
72 76 1
82 78 1
1 83 1
36 81 1
12 17 1
26 47 1
32 55 1
8 1 1
46 76 1
73 60 1
78 61 1
3 56 1
60 1 1
77 8 1
1 69 1
1 27 1
73 1 1
12 59 1
58 29 1
30 76 1
83 20 1
41 83 1
49 14 1
62 72 1
11 1 1
30 71 1
66 59 1
74 82 1
90 3 1
48 62 1
85 70 1
1 5 1
55 12 1
1 81 1
82 2 1
31 40 1
72 25 1
1 7 1
43 18 1
48 85 1
64 48 1
1 90 1
23 1 1
29 60 1
8 1 1
66 74 1
17 85 1
4 10 1
90 1 1
13 1 1
83 17 1
75 87 1
25 36 1
87 49 1
12 61 1
30 9 1
90 10 1
54 5 1
16 12 1
1 68 1
54 90 1
44 51 1
56 13 1
47 61 1
67 85 1
9 1 1
6 76 1
48 1 1
7 62 1
1 6 1
56 6 1
85 1 1
66 38 1
19 4 1
1 5 1
42 61 1
61 1 1
34 12 1
2 83 1
80 55 1
72 1 1
1 34 1
35 62 1
24 13 1
29 24 1
35 65 1
52 58 1
86 54 1
1 19 1
17 21 1
20 1 1
10 11 1
33 78 1
58 59 1
1 58 1
35 10 1
54 1 1
35 1 1
72 83 1
41 1 1
23 57 1
52 25 1
20 1 1
1 55 1
1 4 1
85 13 1
88 76 1
90 2 1
40 55 1
5 22 1
90 74 1
34 88 1
60 28 1
86 18 1
14 20 1
67 74 1
1 32 1
43 60 1
79 27 1
54 87 1
8 1 1
4 3 1
48 41 1
71 13 1
76 51 1
86 84 1
8 44 1
72 48 1
27 58 1
40 71 1
2 48 1
39 1 1
45 40 1
33 23 1
73 1 1
27 29 1
84 40 1
23 10 1
70 31 1
55 1 1
48 90 1
1 8 1
71 77 1
78 31 1
1 29 1
48 41 1
24 70 1
46 16 1
69 21 1
1 68 1
58 37 1
60 68 1
63 1 1
52 44 1
53 67 1
17 76 1
55 72 1
13 60 1
10 61 1
1 78 1
52 1 1
89 16 1
40 55 1
77 84 1
75 64 1
47 1 1
34 1 1
1 54 1
35 1 1
18 2 1
9 57 1
25 41 1
25 12 1
34 20 1
90 26 1
62 1 1
30 43 1
49 1 1
65 69 1
39 28 1
20 57 1
18 25 1
1 47 1
24 83 1
17 33 1
13 6 1
32 1 1
58 2 1
65 1 1
86 1 1
52 1 1
34 87 1
44 34 1
4 65 1
68 78 1
63 16 1
55 1 1
59 1 1
71 55 1
33 89 1
6 24 1
10 1 1
20 1 1
27 54 1
90 1 1
44 1 1
83 6 1
1 57 1
38 54 1
90 56 1
26 44 1
80 31 1
1 50 1
22 72 1
19 14 1
1 88 1
73 20 1
59 1 1
40 30 1
40 57 1
86 21 1
6 22 1
73 62 1
70 18 1
86 81 1
67 52 1
42 29 1
47 85 1
1 88 1
35 69 1
654
89 68
28 62
80 48
69 58
82 58
68 35
14 87
48 63
68 23
38 6
44 81
84 43
56 84
81 66
58 29
45 6
52 56
56 55
11 80
39 80
51 38
54 30
35 83
16 48
30 36
47 75
78 16
10 11
28 14
25 41
6 36
33 3
75 88
75 33
12 20
47 12
77 11
12 32
64 25
35 74
77 43
37 44
6 36
30 52
65 83
43 69
5 66
40 62
29 83
10 71
41 39
62 69
58 11
4 89
83 67
52 3
74 36
41 45
59 72
80 6
65 23
42 30
81 31
19 45
28 26
63 34
81 63
12 17
49 23
56 41
26 85
81 88
37 50
32 16
60 46
25 55
46 20
45 8
77 48
24 55
11 65
22 80
8 81
17 36
15 57
39 20
79 12
87 83
28 87
83 57
23 13
10 66
25 67
78 60
53 90
87 73
65 23
68 56
39 58
32 8
80 72
1 34
55 20
4 25
32 74
24 46
37 24
83 84
84 41
53 81
20 27
39 22
64 87
34 31
15 90
67 3
42 63
56 42
58 45
71 69
55 6
77 12
11 3
30 72
49 38
89 34
50 69
76 69
28 82
80 8
67 51
76 67
15 67
52 78
7 74
25 59
59 70
24 74
50 28
21 34
90 53
54 83
21 1
73 81
83 64
34 41
69 36
75 40
44 88
59 24
7 80
90 4
48 17
81 5
86 83
69 16
66 56
51 4
41 59
27 37
23 88
24 26
67 24
88 3
16 12
43 84
59 19
5 55
33 45
56 29
88 66
77 4
70 81
83 15
20 16
2 67
5 58
69 71
11 18
3 61
24 62
77 53
48 17
78 1
61 23
45 57
73 47
67 32
37 39
42 85
19 29
45 68
37 43
75 39
90 57
35 7
54 47
41 82
81 2
43 8
4 87
70 57
10 71
18 14
77 33
82 83
75 24
74 87
55 75
81 50
46 63
12 51
68 48
55 9
20 68
43 23
89 15
61 60
66 59
55 78
84 40
54 5
15 77
43 54
36 83
54 75
53 86
1 2
25 79
76 3
39 33
66 86
88 84
23 15
12 67
87 81
57 28
15 77
56 38
79 37
56 32
86 76
69 88
14 32
88 12
71 70
62 80
16 54
60 25
19 83
21 43
13 2
53 52
25 37
9 40
20 53
24 44
62 25
54 8
13 86
11 7
6 76
56 6
56 36
49 2
41 81
75 28
15 25
16 60
27 8
21 59
3 19
43 31
48 17
79 17
58 37
74 73
65 2
15 80
19 1
32 40
44 9
66 81
35 71
30 56
14 31
56 10
72 61
84 65
36 60
63 2
81 88
61 52
44 63
69 9
8 23
62 64
62 74
19 21
83 26
55 12
21 31
45 4
42 56
85 73
6 14
83 53
60 80
30 61
53 84
78 20
80 17
27 90
58 26
64 56
53 26
57 31
81 23
39 5
46 15
57 62
49 28
66 71
88 42
75 68
77 78
13 45
62 78
8 18
83 32
69 82
42 87
53 63
89 35
8 31
68 47
27 13
73 89
61 86
52 38
53 39
2 21
6 79
85 68
49 16
56 43
60 68
75 43
25 3
68 19
41 61
53 71
26 6
69 35
16 60
75 67
19 37
50 56
9 57
24 28
85 56
31 32
50 51
35 13
29 80
23 34
51 61
83 73
67 16
9 24
49 13
73 40
64 40
19 57
68 48
71 17
85 71
53 88
32 48
38 41
33 31
71 48
23 52
52 30
2 36
22 35
69 33
58 23
21 89
45 69
15 68
79 30
56 2
29 44
7 79
57 11
68 39
12 48
2 54
76 66
21 11
90 18
45 41
74 42
63 30
56 74
53 17
38 43
37 28
82 62
42 30
53 26
8 32
53 8
42 58
6 58
87 72
4 20
78 42
89 86
12 72
16 68
19 72
7 12
50 21
4 90
7 74
47 67
18 89
87 38
52 87
58 1
55 29
38 13
32 90
29 45
15 76
60 34
65 33
74 22
47 32
33 75
21 48
33 44
85 36
15 70
83 63
71 13
23 48
73 47
65 62
67 43
74 5
10 55
68 28
63 81
32 26
58 3
24 89
88 13
15 62
7 24
35 65
47 10
1 66
3 10
19 64
55 8
79 41
41 90
39 88
55 56
30 78
31 87
66 79
54 82
37 54
79 65
21 77
32 9
18 38
4 69
42 21
14 35
74 71
26 79
34 31
35 26
12 75
68 69
36 59
78 47
79 71
64 7
53 18
75 21
58 76
68 47
40 82
14 20
78 45
6 10
46 36
65 38
84 16
88 74
8 66
5 39
75 68
75 30
65 20
13 71
42 63
64 48
60 83
69 72
56 54
24 40
34 38
26 9
72 48
12 77
81 46
73 37
72 52
18 40
24 45
67 78
10 17
43 67
20 21
51 2
59 34
36 10
83 8
44 48
24 85
61 2
46 13
45 86
9 65
84 59
5 2
23 90
12 36
39 26
27 84
25 81
70 43
20 49
17 51
42 76
16 83
70 52
81 2
32 51
12 87
46 36
49 80
4 53
84 5
59 79
25 22
52 53
76 86
58 3
20 57
56 51
75 44
34 46
67 9
18 82
21 30
49 74
88 34
6 71
65 2
74 62
75 33
90 25
18 12
77 64
37 7
55 32
63 79
41 87
15 48
22 15
73 69
24 32
67 40
10 14
30 69
76 83
11 89
7 2
40 72
65 11
59 25
13 59
33 90
33 64
51 77
19 80
62 20
67 56
59 19
68 32
49 22
53 13
90 51
8 47
15 32
3 19
13 45
12 8
6 34
2 64
77 44
25 15
36 6
7 37
85 48
40 87
6 53
6 60
83 88
35 55
69 56
86 34
38 8
35 28
23 82
44 40
24 27
33 6
87 90
84 51
36 39
31 78
11 32
2 15
15 9
46 33
25 40
75 39
6 38
1 82
80 45
88 82
34 13
21 68
40 89
81 51
