88 2005
1 67 48949267
75 62 816749269
62 21 104195989
88 28 877822766
18 34 733509260
31 1 56710820
53 35 332633170
50 19 318923036
79 59 258562474
2 1 227500889
32 65 818670994
32 21 306349010
58 3 549504602
9 86 132650382
84 1 154385309
1 17 266716424
79 10 624491225
51 82 8445889
62 61 838015997
84 86 756207326
1 68 649750983
76 86 422804661
36 20 717175929
67 56 147506215
10 63 861259680
9 11 89628652
33 20 629340281
79 64 791087693
2 44 725159740
11 62 220842323
40 71 895049214
1 65 946868554
40 1 982281773
8 6 828817830
1 62 301716342
62 31 588080098
33 68 121794900
13 32 134316255
17 1 803060760
10 1 260404720
42 23 342692687
54 1 378649637
39 74 667545208
1 20 403627709
74 82 271220238
42 3 19771030
61 1 899419479
56 74 388571317
36 1 169831874
72 62 949013131
74 44 430949263
75 66 299814416
34 77 499030810
10 79 303455176
5 29 936445846
12 86 460815232
40 51 282540097
41 1 175255347
19 50 625467968
1 38 28099905
5 1 536854972
1 26 436188557
21 87 224354267
1 11 697006935
17 68 387228555
1 8 405210304
6 1 540663158
57 19 432545197
1 62 959376129
36 40 314384303
20 57 4893294
65 58 807010080
32 47 160668134
36 69 989357983
37 72 982105128
1 53 643300208
65 19 468675943
55 32 417866142
70 50 576280895
50 74 687131780
60 12 287669395
34 1 895334796
69 33 905478020
75 6 291214887
64 80 219762854
58 34 314130852
6 85 825574419
31 33 575146273
65 52 983773717
47 20 532774038
1 47 786328940
1 59 272555700
84 59 968207289
16 21 312391288
12 61 656780632
9 68 949644242
75 88 206614690
60 1 717300920
48 24 598292878
1 88 513890704
54 67 931228344
22 61 129737120
66 43 357796996
1 86 114744237
82 1 198547887
36 1 282437364
5 78 288978809
57 1 11360251
1 78 942832862
30 80 913121531
79 7 539834605
35 68 750682692
38 20 295471103
5 1 932807640
72 34 299252385
76 6 799578004
86 61 871758929
70 83 15988160
84 3 28719677
42 33 147811233
32 4 22391215
53 74 192815932
1 84 860318756
19 82 412188529
83 3 876913117
24 79 613687500
12 1 642784444
70 80 15609188
1 4 200250587
56 5 29276793
88 18 731983218
88 41 273350466
12 33 857048171
29 1 571816538
1 33 765242772
69 1 459421717
37 9 998294145
65 77 715767539
1 47 686426564
69 18 282646850
63 43 195544505
33 55 967164676
10 20 14860083
66 76 441981612
42 81 779743405
52 72 543002859
30 52 319104428
1 76 916420862
29 53 830954635
1 13 392364995
1 49 789038261
29 73 31997405
14 64 597728619
57 34 612274767
1 4 586861990
45 21 162499098
88 71 88290292
85 56 234778246
1 51 400404166
34 64 103613453
55 71 157255814
76 13 704929512
65 38 798412468
60 66 227188077
2 1 492091061
1 47 355265636
1 51 565187775
1 6 909860675
50 31 490317840
26 48 51631620
1 23 677023615
1 43 622206138
14 79 598265062
65 36 510778679
8 76 584668318
1 39 810969481
20 46 586133329
1 73 289250972
21 1 81534036
22 40 435295916
55 70 358691895
76 19 15603841
36 1 22657709
1 66 669668891
65 9 198769940
77 3 329098857
7 31 949633556
10 5 694153032
33 9 437460883
85 83 400111817
33 44 891133805
31 42 228173807
79 80 424368004
9 4 284004192
53 1 536693382
53 1 343608598
14 57 446508292
73 68 505414312
79 59 628433837
58 49 421997408
23 11 697667329
43 1 988660189
82 77 345119530
26 28 402084357
1 16 529478173
56 23 973436034
7 82 982202621
83 36 904015435
31 2 470018556
42 17 693367957
1 40 642127609
1 19 759708198
61 5 92960764
7 52 519449866
36 1 178398248
46 22 644974422
17 1 361926616
29 68 957908329
41 1 715964719
49 23 610450674
78 33 328367047
1 79 527371870
4 47 829514130
65 51 678143062
58 53 647406675
72 58 8115105
38 2 413350970
27 80 710788453
31 35 933542765
20 22 598958608
25 28 350694142
33 45 939704474
11 67 886965724
7 8 637758509
83 33 453373704
1 71 507770858
3 59 170939991
15 27 887429986
23 28 293626413
85 37 116254620
1 82 312341586
9 70 564039652
11 54 40340591
1 74 696866713
9 32 297368738
67 24 844950150
24 53 990796284
42 18 774545104
43 1 604888477
46 71 379756382
79 2 991373236
17 36 966434160
17 11 773376323
82 56 481310560
39 33 604419296
1 73 371284061
5 47 593506343
13 40 873080516
14 38 252523496
85 38 682826370
88 30 674983088
85 34 558534935
62 1 563947496
1 26 698897094
80 60 927271951
57 7 804299186
1 39 875896655
1 54 631341702
1 53 283065181
1 88 513445153
38 18 519654669
1 23 579629825
50 21 927012895
16 50 400636866
34 1 133663921
1 21 807582963
32 22 407703178
28 23 414999687
1 21 573029917
4 49 810332536
74 62 489276197
9 20 487974843
32 5 401559757
10 1 24605086
34 31 441979983
25 35 97927636
1 52 459600086
62 27 633595552
43 56 157321190
1 47 309357151
40 2 986613811
47 77 993703979
47 71 676332121
33 61 853905956
61 1 7242777
51 60 538821091
7 35 264911544
27 16 890784022
19 13 722122809
53 1 898597371
73 23 357359346
15 62 785640657
19 48 53578163
47 51 866440540
4 21 433792798
23 60 716892989
22 23 458137382
8 24 485808369
1 53 650358094
52 21 19086906
25 47 554509374
69 1 894237460
1 32 587386164
1 68 370883123
78 16 14664446
12 1 951743075
17 48 908995615
48 40 714364151
48 61 953888707
55 59 437517137
60 24 429360491
1 80 39812009
73 35 742414111
10 5 645457083
55 17 15127552
2 84 928693123
56 50 712453610
1 46 976043995
82 45 941781951
62 8 129433074
20 61 830062068
35 1 317848105
63 83 942156016
1 80 116565909
62 1 865846242
78 1 93667105
15 1 701394859
68 18 591694502
9 54 178532918
68 71 705816550
74 64 340324813
37 1 23446851
25 1 16267929
71 75 628084439
1 87 784963966
56 31 901714140
72 16 191189138
28 1 526543065
47 57 272001027
16 24 487920426
1 27 371916888
2 23 233145293
25 1 54811871
78 58 654292871
61 80 492954882
88 1 278708975
73 1 633770285
66 79 278668736
1 87 965326201
23 1 869667397
34 1 395653073
57 1 531804218
83 77 542552852
51 88 955441338
68 87 946211934
83 64 397484799
57 8 679477696
82 71 382663314
21 65 377299874
53 17 910452486
48 77 822651764
1 43 168406029
38 84 761430685
1 9 146484698
13 55 794845274
78 44 658494432
20 1 9940636
4 35 723223167
10 17 186633349
1 41 95768559
31 8 857292214
1 44 153019025
1 29 494167386
57 54 985359255
73 1 195309283
45 47 604151225
1 31 930776924
19 1 274878003
5 1 454998136
9 45 562412467
56 62 199065526
28 64 779165253
6 68 512614394
22 41 57935130
82 30 568723104
50 36 611009216
85 70 12346810
1 57 875272527
22 46 937091596
16 81 669528537
83 1 359472912
88 8 756969550
3 6 880822873
61 5 3344222
83 75 493723445
56 1 988845507
1 5 536054634
27 44 248855918
35 61 222900356
37 71 568000188
4 23 672269995
77 1 786989924
52 13 415744465
85 77 552748380
51 46 683489548
1 70 61852874
72 66 264190040
1 70 571706580
23 17 203234299
42 1 651899436
88 24 804651249
64 24 435845149
1 16 565396737
30 11 760210861
66 65 133407803
24 54 897310691
55 27 667505699
2 33 744215450
28 37 898756987
19 50 855027941
1 7 503724375
34 1 872891055
6 42 492571266
1 51 960350456
83 2 733004352
62 21 133208880
85 29 664394336
72 64 166636125
48 50 738147170
22 12 143261922
66 1 756815477
28 76 637413049
1 78 494395028
1 78 951778168
1 30 796722577
77 43 761298733
21 13 224404662
23 33 884876690
5 21 683774534
17 1 387777187
33 86 158505904
63 78 810633251
43 28 535994343
29 1 78874698
79 52 782375776
52 36 96068877
74 23 250202325
75 1 731346001
76 85 401243948
1 66 742793107
40 1 119441062
52 1 960093901
1 29 464965137
3 19 899079658
1 33 356700100
6 58 675478662
61 50 497453878
59 5 645607865
36 45 432661630
39 21 311563786
41 26 893024320
40 29 229081368
1 48 943784702
88 85 841862060
82 2 212803885
1 61 471640509
45 40 490038086
81 52 915398781
1 17 508146301
5 37 300514495
72 1 847579584
1 61 786600849
27 71 76451009
29 22 194844525
12 1 370205469
46 1 614205800
85 31 892402820
47 1 803020964
75 80 99843940
88 1 686351832
73 87 399597609
39 40 554041456
76 1 281244486
49 16 77916942
84 2 3192915
2 53 860578493
85 1 763878329
56 74 302668895
7 1 227388579
50 76 434201390
76 58 630301836
1 12 200241713
18 22 344245917
64 25 588269017
1 80 647864882
1 85 583810668
1 67 563010143
1 76 765383824
74 27 254976833
1 20 484993741
40 2 562103133
77 33 98445328
2 84 92792895
31 58 661727748
21 1 146536839
85 1 854425350
41 87 187353160
24 59 462449226
39 41 938273488
10 1 629987662
26 1 454216001
20 4 87044018
87 1 547499608
23 5 830036037
10 1 173631197
5 29 785691348
43 12 886042460
20 40 845723683
32 77 844852195
1 28 54350405
65 66 777482780
1 65 153823195
88 1 426650056
30 54 318669840
1 44 532522357
17 44 639422440
32 42 206419483
38 45 640512794
74 52 186869711
1 29 963878649
16 1 218327307
82 86 837403900
5 21 803400564
74 1 944777356
21 32 972655168
28 1 136264562
82 1 143491490
1 84 266261200
5 81 42319279
15 86 618771741
1 4 784780526
27 37 451248825
19 52 418350145
57 18 981383741
72 71 159037626
52 23 438776145
11 64 957792042
36 1 856899870
1 11 529775649
10 1 346335685
50 78 695473625
8 29 740133272
31 1 8632949
69 39 208140971
32 33 174548172
38 57 810240546
1 8 450683476
1 42 940388184
19 49 73888103
78 70 972960515
56 51 839941148
57 52 771672518
1 65 359597858
72 81 168514565
60 85 69582287
66 7 574350152
67 1 482269337
17 42 571463769
68 1 869359521
30 15 937004114
1 78 4126858
1 53 38636249
20 1 134607714
12 47 426776552
3 65 883808021
48 7 428767232
1 64 97296242
68 26 778949578
75 3 731343770
8 28 186077656
2 50 809168016
61 41 949779162
12 63 637744033
86 1 906223969
81 71 629036844
37 35 288529517
3 40 357533480
24 1 833505276
1 62 323962881
74 1 41184872
59 38 808560929
79 1 294747761
71 38 688436745
55 30 910459830
44 27 99163964
81 13 541412785
1 78 883131470
1 22 544768380
1 20 268710678
10 1 496779669
69 22 265978214
5 1 841835280
1 28 454826673
60 1 84933673
31 28 35985373
1 18 456347307
61 55 764126010
63 15 377220383
9 1 719783213
41 1 501202039
1 40 409700644
19 85 555734695
14 75 486447711
6 36 556592790
18 63 479149983
34 5 548193123
61 69 727462310
82 1 2040850
63 57 428526186
48 67 121180302
71 78 470201535
74 41 116645186
5 19 390789846
28 1 460422224
50 22 846769916
3 1 851248059
1 49 71140028
22 31 886397442
10 11 158583825
1 84 549875720
47 44 741956173
18 43 17066422
1 33 780641571
82 23 734317737
46 77 452345141
71 70 676612301
11 57 671446481
71 43 801741384
17 29 805366941
60 74 831871543
48 1 262625573
1 53 828159277
1 17 677244457
5 1 253698456
77 1 597703749
70 71 996991029
1 19 726589999
1 83 934682919
85 24 332966753
19 70 797148249
1 62 991259112
34 27 397549185
7 15 768629490
64 53 196286932
15 7 885246556
77 15 297005020
26 73 460171206
1 86 573501526
1 75 561225307
18 1 866265803
4 1 615430443
3 1 119719936
62 44 820156689
22 25 527564451
1 67 161769783
57 6 815808113
25 1 177044571
13 86 636990333
28 60 851859601
20 19 309941653
54 1 17766161
5 1 749483623
84 31 266699595
1 47 212186419
15 85 245874536
6 27 526797219
34 13 71230179
1 34 106693906
86 46 378030249
45 50 261516649
60 43 379524335
1 73 375447951
51 71 304788099
81 1 309609428
7 83 571200331
59 79 318099598
62 52 79351184
53 1 3841179
28 79 358247768
30 1 434279542
58 54 117674182
33 43 950772041
1 10 50341071
30 36 971528397
49 69 799094135
56 39 77857095
70 1 546215245
1 4 616695588
68 1 247986760
66 1 423506366
74 5 427449368
81 87 289098378
40 5 64176758
60 86 396469711
1 8 332682369
47 75 313915066
31 21 945225639
33 28 312184868
75 62 679909930
55 22 766996091
37 17 67238859
1 16 978791641
1 31 268466602
1 22 600372267
2 1 695251879
60 1 743244052
29 45 145419239
37 24 289237889
36 29 717854973
32 1 841856010
41 38 590204711
29 47 269981283
75 43 136524422
46 1 331832456
1 72 186062420
1 86 63317447
1 64 972036446
65 43 949038564
44 24 44901490
10 41 749900505
23 50 840323708
80 8 314273920
72 35 167101311
52 47 327079659
42 6 519698896
62 12 250552699
79 1 80032870
46 1 391676289
48 72 429869211
68 36 585835619
1 87 758622436
5 34 456362899
22 16 918409137
37 26 368259179
45 43 16620853
64 49 353059733
26 1 255648006
5 43 579236182
70 14 221734741
51 25 416010704
15 1 810397591
58 64 992349712
36 28 840908353
1 72 506583104
44 82 470418534
75 1 997022409
35 88 124160066
47 27 526018079
20 67 777645585
1 32 709106780
1 18 955045212
45 61 653385850
13 19 123333623
25 50 848691014
57 1 999728776
25 32 914197233
68 1 608229125
1 49 83876878
12 80 368409422
66 1 781708411
68 79 393032219
75 87 494121258
1 43 191398225
71 4 565381694
1 18 645956537
35 46 813969112
8 84 623464992
21 41 419380789
1 9 858742384
88 74 535636115
26 1 756322368
26 1 604183494
45 1 97446986
39 7 569689983
37 70 685672700
50 64 678360633
1 62 319843649
81 1 588269677
62 51 157705669
62 1 10028023
1 64 338927699
3 1 560784215
38 1 414785251
47 83 727821796
36 40 369273922
51 1 949827650
33 82 917344050
23 54 571141656
67 62 421657517
50 75 258328437
1 38 155291036
86 26 8845958
1 10 671988014
60 73 237867466
15 7 297381974
1 62 715222285
51 80 649443641
69 85 584035814
1 81 633604
17 45 683398684
51 37 296034396
7 22 910496677
22 42 410148927
76 86 342238128
1 7 50727696
78 43 228882427
2 1 417424311
34 31 638995996
1 12 168991144
1 25 19927107
43 60 942035068
70 38 907505207
87 61 6703165
63 33 300447451
54 79 300429048
76 14 420644627
24 48 147285525
1 13 151102526
17 61 531558988
24 56 672884868
26 40 448692680
1 18 647881499
14 1 741465932
1 16 347045519
40 1 308568451
83 17 160387854
31 1 440471200
56 9 358968441
15 18 247699330
45 84 800328746
1 65 416967162
6 51 199250458
11 54 943849553
55 22 121338106
15 1 34164955
17 1 657126015
32 1 672251984
23 29 746869505
1 80 590222477
77 1 249269220
5 1 583949164
3 21 935837297
40 83 291058754
1 3 880365571
67 55 61115521
1 80 557519605
1 61 91563481
83 1 576691727
44 19 325127457
4 1 707245287
69 21 811870865
28 37 305237382
16 53 373245503
34 28 209343781
46 87 163446479
82 76 437628260
1 21 596696471
55 36 900607484
82 1 565461885
35 44 213732855
82 41 290367826
78 29 607419403
1 38 448754059
40 33 746521503
1 76 649680157
39 47 780981993
1 46 794266476
20 83 158463050
43 1 388379124
12 42 666587585
1 14 668017918
4 75 103306727
30 32 705139862
78 6 776324759
81 1 715779882
58 87 663605206
54 11 470177721
34 27 653054621
1 18 935979602
1 30 544483323
9 1 9945747
66 1 878820842
58 50 88979827
12 35 881765066
12 1 903566227
87 55 957863870
71 67 971050943
9 54 340724966
31 75 91279094
42 1 647671156
43 1 978664172
69 36 819039061
60 9 614208308
39 29 503493766
6 76 336758139
36 1 400207054
40 1 350960039
65 9 109002256
23 53 380954324
72 64 322694999
1 9 444396099
1 2 753040515
52 2 512900820
46 56 272363476
1 78 724834503
39 54 854482087
68 49 636539491
20 52 635848211
7 69 613922839
1 5 531673632
33 54 944590513
3 59 585520767
17 43 327836405
56 1 991895160
60 38 977651212
52 48 845146406
30 72 982265755
1 8 666500832
64 43 650137036
10 1 240790591
56 1 332167966
1 82 890756718
81 1 480952574
20 18 233549739
54 1 499862348
33 82 796707179
1 60 545189864
57 61 963083280
3 34 729489978
1 18 41994398
72 7 966394479
1 23 278379086
49 84 923082317
1 3 532199931
5 1 703003020
72 1 119760852
39 1 780820040
51 80 771895844
1 30 414541371
6 74 584878294
1 50 456989232
13 23 555159909
84 1 434402281
12 5 665448817
1 63 300011968
67 68 34364260
63 66 372274884
38 2 109340793
3 54 831029753
36 1 130587237
85 32 144482077
45 44 934414887
11 47 560747662
11 58 38828171
79 62 364550117
10 34 784761738
1 34 355446090
23 70 657481175
38 45 348820644
51 48 446014850
17 38 760612178
8 34 416474966
43 49 247176112
1 74 63184587
84 20 457963294
30 87 350306036
19 4 328801980
31 51 664314150
46 82 512561077
20 34 673018375
87 23 657153523
55 1 663222456
69 54 285468126
74 60 632276026
83 48 499719347
5 1 153480125
29 82 687438406
2 81 724391098
88 7 671034550
1 83 452747572
1 84 791635067
45 6 606898542
1 85 989209810
50 7 995909497
10 68 917154319
32 69 464346134
27 85 875869904
50 1 68238907
33 1 425972753
45 1 173035697
1 60 706507104
13 87 455141842
61 45 390278574
88 30 861738250
1 59 374364419
79 49 854699060
1 65 448748881
79 29 543930900
38 41 475676001
62 44 579707889
21 1 837340220
12 84 516426011
13 79 976565676
4 79 768796859
28 4 626644053
22 72 345002714
82 81 826844676
69 54 256193965
71 67 81771949
27 76 522359088
15 19 304405812
73 37 184203929
1 61 823953299
1 55 576647788
1 79 242264330
1 31 816395776
1 54 305079660
1 78 784353839
42 3 220495681
8 26 61163000
1 17 197067112
18 42 607591147
54 62 956262973
1 34 913973356
68 1 820575545
19 24 527401461
6 3 391975017
36 1 510399545
11 7 244988425
28 84 23199282
25 1 339071000
65 1 142611337
39 77 381449536
74 12 571226767
69 77 897893198
1 84 164147240
37 74 320030042
73 78 596509426
13 28 960018927
85 64 675588516
38 28 493022716
78 1 968918723
45 67 32235877
29 48 235864958
32 84 89733520
1 50 115405603
7 49 555697011
30 1 377351827
13 86 504753610
43 81 302969710
1 76 496854952
20 86 163385145
25 16 567030731
75 47 644961421
85 82 624700945
73 1 936748363
78 2 488605001
1 35 912198213
7 60 425764848
47 82 875714279
62 1 296501547
19 55 946317738
36 21 236928286
28 51 224020612
78 52 695484152
33 43 820339237
41 1 753298072
1 5 338521152
62 1 132426478
32 31 983111240
22 1 405596701
24 43 385884301
76 4 490615387
41 28 409189637
1 66 725123801
70 42 790180699
48 8 490809531
37 28 553472460
81 20 186089053
47 10 98766778
4 1 563782760
63 41 730061331
1 71 232217651
1 18 917491379
28 1 931957777
55 88 131146101
75 24 704256957
1 70 326755372
67 88 517209614
83 10 897524221
4 88 805050295
1 3 113529771
1 38 789788997
19 51 953023817
53 82 330824888
60 1 778151992
78 86 953619039
61 63 568878615
11 67 241079467
82 78 499329671
50 22 897915329
84 1 314495944
12 15 834810282
48 17 589074148
1 53 534881177
27 79 83161566
1 57 979025650
43 19 524230
1 73 484304611
2 1 821370213
27 32 599527990
39 25 772956648
26 12 707505421
66 1 508392629
80 1 808481791
12 60 142087514
60 1 344383887
76 77 457178611
72 39 314565903
8 28 108572180
7 35 77571249
87 44 705149761
1 56 578137943
10 73 584582355
61 67 374986171
3 43 108729168
1 88 479610427
1 28 919230728
42 9 648880853
1 13 266850759
1 18 997282674
8 43 678172023
1 23 53394681
52 1 173469965
1 65 539294396
20 36 640230125
1 76 554964079
60 21 301621524
27 23 765612718
58 71 946752922
64 10 937441252
1 60 476315924
30 1 948344696
38 1 932960573
1 25 153522196
61 55 218487259
18 1 946385642
43 79 428548027
13 1 287749802
44 59 80006892
1 75 349381902
1 36 924135689
1 3 296058582
24 28 432286522
1 26 914330768
1 43 921890910
32 1 654934537
22 1 918384
23 1 134044981
1 78 792420813
69 1 111430210
4 60 793475138
1 12 505275278
1 59 380157546
1 74 813042727
15 35 512339266
29 67 91677099
9 69 750251208
59 30 944499579
32 12 686148841
1 76 667229164
29 2 40196366
33 88 440430057
31 53 358535664
80 3 90064978
1 88 928041762
84 34 980251954
38 88 179834030
18 32 794568426
75 20 329457547
1 85 440882354
26 61 259908640
1 14 192626768
1 52 351472897
42 43 583885846
46 4 495062478
1 49 6385081
45 69 882931041
57 5 184876236
64 27 329931041
14 1 978126381
44 67 992270635
87 38 958969479
20 64 726553574
25 6 255430230
71 41 248888223
1 44 656222434
2 1 464813431
18 19 830684177
11 56 840447843
38 1 161421379
13 1 13032671
86 3 945710237
24 43 113238686
1 86 334842651
69 26 716413038
1 4 425989331
33 1 28953577
24 1 153656242
49 37 796252437
14 81 725911982
56 1 409296307
87 55 342752273
20 27 641498904
65 30 648300299
54 70 63368059
83 1 905308040
77 29 717613275
75 1 505053399
34 46 506089550
76 58 845534685
1 67 294434921
11 64 4436662
58 78 646790316
33 1 635667589
34 65 569052781
37 87 680195846
65 70 973201548
21 87 810694947
14 1 637872807
64 58 648035943
26 84 515126503
88 35 43758216
24 2 713792460
2 75 604006296
1 42 678230977
19 1 540521046
36 76 411190939
31 36 30509291
55 1 423422837
25 53 420930893
70 61 749729939
11 1 663826360
41 1 862551334
33 3 147132613
7 85 97983622
49 53 734948945
40 75 448987158
54 80 747604174
88 14 949374130
1 72 822129890
20 27 973666738
22 37 681933436
19 61 235299685
1 8 573530118
1 70 105290286
64 73 855113896
81 69 51609248
22 46 369260759
40 1 46456336
54 67 488617407
87 6 511079012
52 50 92236917
16 1 921765221
48 1 956404799
1 85 18618268
3 25 744176969
84 68 114313460
39 51 652435385
1 64 648763825
38 88 26064134
42 47 364757710
10 52 840906979
85 49 912969944
17 27 444719017
53 1 678785606
5 1 556232721
47 33 479873931
1 11 24312003
1 48 391508279
40 1 525671116
12 56 464580994
14 16 365297096
60 20 547190153
1 52 755536015
51 1 321549580
1 67 31968553
4 75 290060375
86 63 443439359
1 31 466766099
75 79 876051199
50 1 116961016
4 2 425181241
2 73 348231088
51 10 505710580
57 1 821087887
27 81 370491038
2 66 695184464
5 1 864573711
48 3 384773771
45 42 882566
10 65 677500087
35 84 794192130
1 63 788348512
64 19 104535331
84 36 682117630
38 79 522386413
1 30 530220813
79 1 421992343
1 79 465793967
16 75 975448549
14 63 160900368
58 74 51294582
81 63 912015978
16 28 879625400
4 1 140261210
3 62 803108892
5 39 831219248
27 25 187851365
30 80 664304419
50 8 685896786
1 58 360354285
24 58 376547546
78 53 929239907
28 6 132519222
1 28 288932560
42 65 338312612
71 74 406705022
63 1 893100888
55 50 841708722
2 47 254827086
33 85 16931006
80 31 949117666
44 71 108335433
17 25 568844715
10 1 189252364
1 83 836476525
86 1 466042710
38 42 821729434
65 56 221523973
21 45 829047189
71 8 444718600
81 1 653597578
38 1 188153631
19 38 321478718
52 1 865438736
1 68 391828598
47 65 471895801
43 1 194617197
24 15 88285190
17 1 645205806
1 50 318182881
46 1 950671579
1 5 789525705
9 32 928098910
6 57 563768798
52 24 890511836
75 44 255142761
59 73 115054685
51 84 508494293
77 1 688771476
1 26 500925466
1 84 193356971
1 25 452329409
48 66 479975151
43 26 260610061
43 23 362470341
29 23 186949820
34 28 680832257
1 77 683952131
74 28 182877902
19 39 127156071
1 8 536433682
1 35 113944753
70 27 641306614
58 69 608907910
86 1 198479547
49 1 283131758
56 15 668154044
64 14 139548243
46 83 919223565
75 67 30892240
55 28 779407006
79 34 463662443
8 81 712389023
1 82 540210522
75 1 37939599
12 1 454927650
76 57 298237329
1 41 84525830
1 17 136905000
21 27 641414675
31 50 339749915
58 15 425225249
76 35 797540046
36 40 593886507
87 88 232509140
75 21 580770000
1 41 464663685
16 29 485435697
2 46 282899243
45 2 827261518
6 1 116152521
18 10 353623254
1 19 217309413
39 56 768884003
39 83 938577565
77 51 126710138
66 17 292259736
68 3 270160283
50 77 214010866
4 42 948314998
1 49 764764355
72 62 27847434
32 66 306410343
16 18 244611083
1 81 208930681
72 1 614423037
16 56 289149731
1 88 900480960
26 82 681378550
38 74 265811569
56 29 20690996
15 1 944809678
62 5 23390540
83 60 296536301
83 5 512416727
4 1 212903597
17 1 847970611
72 88 121631106
71 46 372800180
60 1 834243842
87 21 692156341
14 64 569946199
67 88 19513379
31 30 449699849
71 45 126220556
60 13 76071940
62 47 229672054
30 21 793393938
40 1 580286453
79 2 930645195
48 74 208859008
50 76 87893504
46 57 305653702
10 80 88249440
14 1 733428474
1 38 35804791
62 1 432338652
17 62 6510842
1 24 336285164
87 62 71593047
52 1 761220513
67 73 690403205
22 79 70561861
80 1 602197877
23 1 38155785
66 32 832170771
16 1 656267348
40 65 341688036
16 1 318346451
38 83 649142874
24 1 623063042
1 5 996403798
33 75 337751239
70 48 125399856
53 21 547016646
80 24 274067019
74 28 511754514
1 15 890275433
48 86 739472003
15 1 146640188
77 83 923450192
79 7 376221324
1 42 598640623
15 77 980850425
81 1 360305004
88 9 54158183
59 1 684337145
36 1 69892969
1 77 74828867
19 82 338471836
79 4 330940115
1 62 368691092
24 38 951239979
38 1 260802739
1 64 59328767
87 81 987136244
72 19 758308452
83 74 251027175
60 74 123400322
47 1 845893850
47 52 265211881
75 1 400006149
61 63 886224746
32 9 429080686
64 1 420132850
1 18 795156517
23 82 131170124
21 30 522576168
1 13 258980294
56 38 707106961
67 50 860207930
34 7 352326483
69 88 706177118
55 59 472168391
16 1 202085831
60 1 990352942
1 72 160407140
70 1 88862834
1 19 522168410
86 1 769266411
43 2 810488695
68 21 687728678
78 49 854101813
25 1 620636398
46 10 975841453
9 77 275463668
31 64 856832091
1 64 920883016
23 51 474600709
78 55 700487718
1 12 190895339
79 1 419467135
58 55 264090320
1 45 561778412
81 45 183826675
31 14 79936891
10 76 857560436
55 62 142153818
1 40 775067810
40 6 125663988
63 1 591052773
83 55 443283403
41 43 977621662
73 70 940046198
31 1 366267790
40 56 519016793
1 8 251821093
66 72 752188196
1 25 650798060
79 1 530686632
59 27 832594238
44 1 835825873
21 28 291216144
39 71 133860993
45 1 296626095
30 11 29777064
11 1 87825150
38 47 582092240
38 56 101186821
17 21 589246251
33 12 128974081
1 10 329632598
34 85 737229538
84 1 196978955
1 18 605397779
41 49 674213133
18 50 152217864
46 87 437658361
32 64 459628385
22 47 492377687
75 1 421706098
61 1 158286279
1 73 754209395
38 1 91917929
83 1 170703576
13 61 362086980
23 79 517799381
75 24 826179276
78 19 764568610
27 65 176005122
78 4 634070
76 19 408441488
35 1 694988109
67 66 19701473
87 1 475667969
27 56 50350802
1 29 484222316
26 1 160898233
9 82 701441454
16 48 649528462
53 1 166243656
40 1 225110526
27 33 302646972
56 63 997340234
1 65 229467258
1 75 806264320
34 55 469285232
19 28 78739904
36 57 295299957
1 26 325762913
1 60 621139361
1 4 277021744
67 82 829565811
25 41 99332268
1 86 215565064
58 53 770786329
22 52 429403344
69 72 112713946
20 3 465069440
70 35 825750897
83 80 171879719
35 68 574533477
11 72 824909023
83 34 888214189
1 7 809830298
83 54 777905299
72 56 459856945
15 13 438246485
26 65 921052508
38 83 738705103
61 5 840170413
1 27 312993676
1 50 324314646
40 1 65473650
69 62 901384552
1 79 721880424
31 15 986114089
17 3 128938863
40 18 391304951
1 3 628539398
44 72 232502377
14 2 527322519
17 68 605218890
75 36 222673940
3 34 969140563
78 86 800491257
48 25 757811993
1 17 271684566
57 1 924387933
79 22 708318693
33 34 266468588
46 10 325943123
1 69 948409600
76 21 679249690
43 42 911155897
17 1 599834417
37 11 203152395
88 57 678523507
83 71 798220865
85 18 455940214
59 45 72911997
42 8 633302980
74 43 393607787
43 62 398447307
66 85 813636096
38 86 948399398
48 33 743267243
41 31 201151378
1 29 323498349
87 69 512961594
85 60 345748304
10 1 565322477
85 29 391579987
56 1 291443557
12 65 518562201
1 16 773896976
10 56 400350288
48 17 433849430
16 1 813059048
1 74 406740902
82 1 181723141
54 50 629160863
15 22 443829405
75 24 69961936
4 82 432065898
70 47 812220933
65 52 913805971
49 1 825264662
5 1 65486220
85 1 314742066
61 26 716747831
84 1 317826653
6 48 222453289
55 5 848374448
1 32 434027132
32 1 719993122
52 57 198506473
20 7 727798230
19 54 825791141
1 12 18904410
77 82 427675347
72 49 893268713
36 6 813557190
7 54 430200571
67 42 448174623
58 80 648031334
42 2 90255530
1 72 154017013
33 10 638035231
68 57 533401465
48 6 444432669
59 31 584038108
76 81 104629172
1 62 324978448
4 1 636170815
1 19 837818701
59 6 434569649
58 80 653036831
44 1 555838762
43 72 772890636
1 45 935503075
1 71 282527242
38 79 205072139
1 82 476745258
8 16 49309783
1 54 761960262
50 1 952592378
8 12 689566675
1 6 622085739
71 1 621590102
78 7 495540897
72 37 687302674
69 55 164042072
1 54 277814950
19 3 757227898
11 37 957301467
85 15 986251738
9 80 134214671
19 29 456083756
1 67 369552291
29 1 884558050
20 1 203925646
43 71 514407570
34 1 698180865
37 39 484921634
38 84 660306
62 1 800191954
12 1 755578962
1 53 5863521
1 72 829207864
67 52 814748857
71 65 695187405
9 47 946020932
64 62 757563488
3 83 314600962
3 1 979713338
35 11 751938388
81 83 844669031
86 28 700733935
78 1 894679551
15 80 484974512
1 82 323184795
1 70 989722835
52 83 61759901
1 32 602713188
82 48 975099956
56 52 317318633
1 73 324194119
34 20 178680702
51 81 868891056
34 1 974171146
39 32 235774134
5 20 159877570
49 39 338368616
41 1 73978450
38 60 258001369
34 1 340342343
83 66 548111841
5 56 786592618
41 43 463537298
57 88 309050787
14 57 120253042
6 72 155090582
1 76 284809371
43 1 166273693
51 55 381117995
39 67 383945903
1 86 426901030
5 51 345118783
1 2 989615904
27 13 328779280
86 43 251428679
34 68 54009649
68 78 634773794
51 33 334014913
1 36 780056231
48 60 41163119
49 52 85003363
57 8 699922968
57 17 292305824
20 1 734927294
4 46 210402860
10 33 152431020
74 5 20921250
71 67 582019870
1 65 152343178
82 65 732518965
62 32 428191485
78 10 830507316
85 32 12979002
25 31 18559537
82 6 238780824
15 10 847538396
24 1 890474683
1 62 97829734
83 66 595843728
59 1 409417098
15 9 61742838
14 74 886030049
53 1 779706154
1 35 134676085
14 15 271896046
42 15 380233887
1 49 181326432
31 86 379167577
1 6 993507599
24 3 793875967
7 70 371908613
32 43 882540785
78 79 141903915
11 1 861775094
34 1 91867431
69 64 911386150
67 44 936744243
15 33 28591545
78 12 560153250
17 20 179076788
64 74 667392308
70 34 610932487
21 20 264581094
8 58 664131463
1 69 574380279
71 7 168953097
41 63 695472704
76 1 526810546
7 1 756799718
1 2 651885040
1 20 229339647
1 28 25352349
56 15 690949905
69 51 632705811
70 1 883208336
5 22 355906457
1 45 225380612
19 43 744381715
70 1 781155229
18 11 204887641
83 1 70433247
28 1 354651026
31 49 688375364
45 46 78738667
51 22 242449424
24 36 660922184
37 70 277319748
20 77 153049946
8 28 883086640
84 1 468560342
1 60 619091708
81 27 162093727
80 1 264595375
49 35 249546336
28 5 398271292
1 88 687181974
86 35 145742256
8 74 681250639
1 20 26850902
32 44 667528703
76 84 436060653
12 20 593284894
41 1 905109231
7 85 230419991
66 23 57547601
82 1 399127733
8 1 475788622
7 43 644246820
1 17 508920541
51 42 79994411
64 18 133997855
31 1 306604373
1 76 904601065
22 1 889220631
1 39 481473575
18 67 440055993
20 53 45136498
13 1 346333662
32 49 34420180
1 12 516658338
27 63 506907655
47 82 86251124
3 1 115436998
1 55 280818465
36 56 27770431
9 2 814444634
65 1 761771119
42 38 750490110
36 1 665689114
25 1 815930531
39 29 359012667
82 28 219890728
84 1 14028201
7 28 485715121
1 64 533960244
77 40 466829592
28 38 427384974
58 3 318849796
78 70 179329070
23 53 269700139
49 6 510889951
60 53 974942352
28 85 872720534
46 1 583363106
8 3 36528583
30 44 819367604
65 60 61779830
7 41 541480796
17 82 526951437
27 1 171816218
57 49 925438366
68 76 208512044
53 81 374900035
28 58 69802112
1 37 977696089
55 21 639639594
10 71 82988368
79 69 50922840
73 1 620414549
70 5 292336114
27 73 944994722
1 5 757842936
18 46 665499201
20 64 330001091
38 77 513236107
5 74 926301725
26 1 291133495
78 5 644761779
57 49 115987901
1 8 119112336
42 7 664457423
88 45 198731431
40 44 849906171
88 84 608974614
16 1 505791417
1 46 735869715
82 86 850046082
1 42 813510058
1 66 364931483
74 67 330019401
77 1 81125462
75 51 761635620
62 7 779204458
28 61 644400332
49 61 394138586
70 3 390987517
55 63 81642736
80 49 67579502
21 79 623684266
63 3 725315643
9 69 17967868
80 84 672596263
32 88 928910080
1 25 812081236
48 38 720494824
1 24 711835764
56 38 805832964
54 1 945636611
59 5 38085663
35 18 667196541
19 52 940841468
1 55 776885199
1 66 430457216
76 44 129570385
76 29 376531882
57 56 705302702
86 76 180816416
56 10 887786432
10 1 663181062
33 55 889049980
87 49 463798206
15 10 136208640
49 57 343405605
72 73 731295871
23 1 634686509
67 31 771402249
32 1 911502957
63 79 560757848
55 1 380377758
1 86 314870722
85 1 807170291
1 76 753879745
1 87 397277121
1 46 239629305
1 54 175036312
47 37 671007994
828
34 13
80 81
76 6
43 62
27 10
77 37
7 16
53 16
62 28
7 9
5 8
82 81
56 12
5 17
1 40
82 34
66 26
32 56
54 78
28 68
48 88
65 35
7 58
4 8
81 79
58 55
74 71
3 32
23 9
1 26
72 47
38 22
12 2
31 9
6 84
43 78
27 12
50 75
64 75
13 85
13 40
26 29
59 36
31 34
13 29
78 20
46 65
25 86
52 7
70 29
88 10
10 83
13 53
34 8
37 79
26 70
74 58
23 13
62 30
85 32
26 19
21 85
85 27
38 14
81 88
22 34
29 14
40 19
74 23
13 15
81 18
12 26
16 13
3 27
78 36
25 36
58 54
39 69
65 64
38 5
45 9
68 60
79 71
36 43
27 69
3 62
7 34
65 87
34 51
59 6
26 7
88 84
37 87
35 88
59 25
78 75
11 72
15 45
74 5
41 53
88 41
37 71
77 83
83 50
73 11
3 63
12 44
77 55
31 20
25 26
23 38
23 13
53 88
29 82
21 87
39 38
30 36
31 41
7 58
43 61
58 28
36 8
33 18
38 52
5 23
49 67
56 82
47 39
62 83
78 15
37 41
9 41
73 66
60 57
57 19
33 15
16 84
52 19
52 46
38 76
46 30
63 52
50 71
55 57
80 20
13 8
30 67
37 70
42 61
62 9
43 33
17 62
24 18
33 36
88 48
47 23
57 71
35 6
13 1
71 5
43 23
26 17
78 70
60 74
2 69
88 79
83 25
13 21
75 1
58 32
4 72
28 20
55 51
19 40
88 40
41 64
83 70
62 5
74 28
88 51
16 11
4 81
25 86
54 7
20 11
82 8
29 80
79 56
38 42
68 72
13 3
51 61
34 51
60 52
1 47
79 39
51 76
54 64
74 28
83 64
2 27
71 49
47 19
39 21
28 52
48 11
1 32
46 9
49 50
9 23
56 66
61 3
50 81
67 75
32 64
37 21
18 10
65 81
13 18
81 47
54 69
38 67
79 36
45 10
38 57
87 44
87 81
11 34
61 65
11 48
43 53
13 7
13 66
78 63
40 30
62 36
70 46
77 55
27 55
31 58
73 26
9 72
47 27
83 71
45 61
16 15
27 1
65 27
69 20
35 85
32 86
24 19
83 37
34 21
47 24
43 87
30 54
21 22
56 67
38 9
81 33
72 86
60 81
44 69
61 86
71 26
67 60
86 38
77 53
45 74
6 1
79 13
67 76
23 87
74 79
66 86
83 56
52 46
24 65
56 4
57 43
20 56
37 33
60 12
81 3
7 13
5 61
72 78
41 33
83 4
73 24
10 45
4 48
67 22
24 29
56 20
18 87
22 1
59 72
39 55
16 32
18 71
18 76
15 80
67 68
35 83
44 21
22 13
67 37
80 61
53 32
21 15
8 75
88 77
48 74
9 51
64 21
61 20
56 53
1 18
12 84
86 42
71 8
11 75
34 53
60 82
69 77
27 58
83 33
13 61
29 76
83 52
38 4
67 19
77 23
71 3
84 46
60 65
36 85
54 19
12 72
78 70
48 23
4 28
62 29
35 49
87 38
54 26
7 59
62 55
61 11
56 33
63 36
72 8
31 27
20 76
79 41
42 29
71 51
18 17
88 51
25 67
4 15
53 75
70 47
27 23
69 78
27 71
57 28
81 8
14 69
68 84
71 26
66 71
64 15
72 88
23 27
1 48
22 64
80 54
35 61
81 37
84 74
49 54
35 1
38 57
28 22
64 12
65 81
9 64
22 45
80 55
19 40
13 24
30 66
72 34
14 33
85 50
52 53
18 75
65 88
2 59
69 44
28 84
74 32
85 24
42 16
68 64
18 3
8 14
19 9
19 30
65 28
21 61
15 44
65 42
17 86
54 83
72 51
15 43
17 7
42 72
17 62
15 31
82 88
64 82
78 45
56 35
63 30
32 31
32 52
45 76
17 12
82 52
74 78
17 4
35 69
88 72
76 8
34 51
46 86
62 61
50 39
51 23
65 73
25 76
61 56
29 61
48 49
14 83
50 43
45 14
6 30
23 45
69 36
66 83
4 83
50 18
1 79
6 43
20 61
70 7
38 32
65 70
58 22
38 40
33 34
45 41
39 11
85 73
50 79
15 18
34 37
59 23
40 8
67 43
30 67
20 33
10 67
84 63
33 79
36 29
10 18
65 33
3 28
47 68
29 57
42 57
4 13
30 77
12 48
71 79
14 54
53 50
43 67
70 50
66 35
35 22
69 16
61 9
61 57
54 19
43 76
42 72
65 38
27 56
7 40
10 72
7 34
44 88
31 50
47 87
63 12
57 6
68 69
24 69
2 34
5 71
52 25
25 81
54 33
8 27
84 76
62 84
81 72
38 69
64 68
68 63
61 63
70 77
59 66
14 52
11 50
43 70
67 2
80 23
18 24
6 4
10 59
12 13
48 2
43 41
10 2
3 81
14 11
8 79
6 59
62 16
49 39
34 61
49 2
77 50
86 67
56 78
75 64
24 15
78 23
78 73
79 60
10 42
69 87
17 42
50 31
48 73
58 1
57 56
31 74
67 43
36 41
10 58
63 23
72 77
10 57
9 2
83 70
55 8
80 30
41 48
4 43
55 26
24 61
17 83
76 21
71 44
87 41
29 2
81 23
60 17
67 31
35 37
20 59
46 11
17 74
10 13
31 27
47 39
43 61
74 9
8 73
33 21
37 19
33 12
11 79
22 62
73 46
59 44
42 85
36 39
53 32
18 10
12 72
62 34
71 26
57 2
19 6
43 12
30 50
32 24
64 17
1 24
22 29
6 43
35 14
27 47
7 24
20 61
79 7
86 44
27 15
11 60
66 27
58 55
14 27
53 24
21 59
17 23
47 79
45 88
18 30
53 5
58 79
14 36
9 57
69 41
62 31
33 48
11 28
25 74
29 43
39 23
21 79
28 11
59 77
11 55
39 32
72 86
45 68
7 43
37 16
54 45
31 76
1 62
84 79
18 82
34 55
58 78
87 40
5 31
82 20
3 23
16 87
6 23
13 25
33 9
87 60
34 42
35 33
72 87
67 80
34 25
87 62
59 88
2 39
14 20
1 69
19 15
77 70
65 61
65 19
36 27
5 47
50 16
76 18
40 6
46 47
5 71
37 15
34 47
50 42
14 76
16 27
24 75
40 11
40 6
11 21
37 80
17 63
2 3
49 76
79 35
81 36
31 64
27 87
42 36
45 37
84 26
48 84
1 29
62 80
31 81
50 67
68 49
44 9
43 58
60 26
34 33
68 16
46 11
30 18
1 80
28 76
7 70
13 33
16 32
87 25
61 67
65 2
74 26
20 16
36 74
14 28
28 9
35 74
18 22
81 38
27 59
68 39
24 27
2 26
19 88
9 16
6 20
58 52
52 77
60 19
41 21
54 42
60 64
1 54
74 6
69 27
47 82
6 67
43 40
75 67
51 40
15 62
54 20
51 77
4 50
33 15
43 69
17 66
50 75
28 85
25 3
31 29
85 50
55 16
55 15
55 76
88 48
35 47
60 80
81 54
46 49
42 56
71 52
86 39
19 10
25 6
26 62
64 40
37 74
33 22
39 65
4 17
75 68
77 27
12 6
15 86
19 59
18 63
41 32
52 7
18 1
21 77
11 38
88 87
37 11
18 44
9 19
34 82
39 58
15 50
34 53
75 9
87 60
14 20
52 34
76 74
24 83
60 67
56 37
64 71
60 35
75 29
50 38
