82 2180
8 80 719189618
81 63 215745089
22 36 720847675
57 1 824426256
56 1 290182361
59 41 848092134
55 45 184768286
27 76 369786277
1 56 647962655
33 62 517242091
24 7 472814899
53 31 75395520
1 72 714508920
19 1 536648132
33 72 754644170
1 82 798657399
72 1 116592633
8 1 480804700
34 45 54903626
1 52 197120131
15 1 839071620
1 28 411759089
7 55 610631099
1 36 608740850
14 1 877624937
44 1 147225797
27 48 633577718
31 72 903899561
1 60 793687311
71 40 207149282
74 30 320512036
27 72 44735996
51 1 585978873
51 15 208096042
1 76 524535376
1 24 503321401
64 1 350654474
1 41 113191722
75 21 92741723
56 23 897365406
26 68 318145811
1 24 681401407
33 20 533737681
1 60 880048272
10 1 976399805
1 5 254548078
66 44 178776059
1 7 851184132
81 40 409076764
36 51 340160356
30 13 952703604
80 1 833533094
79 3 644559672
1 48 443048278
50 67 355926513
1 75 597401891
73 55 594225070
1 69 157090341
36 39 465271492
25 1 622769819
1 66 84172127
79 37 151383810
1 25 541988796
33 1 358715686
17 47 812086164
54 2 616825605
1 65 755315591
1 5 48547991
16 37 73385686
25 13 880013810
23 82 263150300
35 4 934165878
8 1 343845718
68 61 397240763
77 29 320119689
23 1 438953804
81 49 74677046
63 47 32483649
1 50 517264818
1 7 10522904
66 20 620523874
29 22 958648002
64 32 823197185
11 34 854644429
31 3 144430933
14 82 878468263
28 74 323398366
38 1 824554121
10 1 954438141
40 78 682810671
1 56 275931898
27 1 114297221
48 78 613826942
80 1 42583217
39 78 928804614
68 74 643360491
12 49 318172844
23 4 763021167
1 40 191703050
20 15 989272858
8 66 485486058
48 23 714584224
13 1 462891100
46 34 241795644
58 1 615601032
37 39 650670420
15 57 465571202
1 74 165503310
23 55 24478973
79 21 77733488
1 28 678011611
72 1 43061009
10 44 147969419
40 1 271653617
1 43 231702543
59 60 159179549
56 1 157204560
38 15 3505598
25 1 356369822
67 36 670900233
79 1 65983163
2 55 708795072
1 78 65214782
1 6 902677988
41 1 167592030
1 7 236653631
29 8 905743850
43 33 816800776
21 5 601488865
2 42 27946859
17 32 435350635
18 1 950810604
63 18 626166612
67 19 351511726
17 53 729410642
8 1 353182176
79 21 354367124
12 1 943643079
67 78 730500079
54 1 790571837
1 20 860215371
1 29 534506196
49 20 745939624
1 53 411837666
3 15 928866574
1 39 994434770
42 54 166746961
30 33 182465305
14 1 864464073
1 69 844218587
1 57 722779303
40 50 622782542
1 48 898453591
65 77 84291472
32 41 232420225
18 39 523784181
78 32 146456033
54 44 351310183
34 1 226048594
2 32 389942443
9 1 559198883
75 38 24192016
13 26 358398808
27 1 585215230
77 1 414496052
1 36 777445299
1 39 140943450
20 29 670810638
17 11 471655761
18 57 504641158
57 25 208255456
3 60 770850801
75 66 729975805
68 1 416150229
53 30 842961548
1 28 96934422
16 61 527076860
3 14 692081990
32 1 490166503
78 47 535759876
1 9 300540385
37 1 660539889
59 50 486783603
1 9 694059932
47 1 594198692
35 11 515955587
65 1 858121963
72 38 54827900
64 1 443590094
68 73 169673515
46 1 148469720
25 71 837113419
1 45 243163451
6 72 102887034
20 29 338484609
44 28 106554372
1 75 237203654
64 26 184497290
1 26 71950994
55 24 958532150
69 61 581313728
58 72 566308535
82 1 912919550
1 30 902023199
62 1 452481926
61 40 660096449
9 1 364790322
19 51 403967490
50 1 918450827
1 17 51646551
1 13 738144614
25 76 109554233
38 78 690834337
1 63 826886107
57 71 316605977
52 47 752509708
71 74 994580162
25 67 987105312
1 46 393065638
60 7 990653113
69 56 635366141
40 68 142813371
76 80 541480960
59 21 75973007
1 19 814282850
60 76 669348220
49 58 202571267
16 2 56441645
40 67 429866397
1 5 605009835
81 1 815988002
33 78 911303864
16 34 743139426
1 73 93018509
16 4 47019983
35 80 825911649
12 65 98638618
14 43 291831297
15 49 475923548
38 37 991791523
40 29 389417556
1 32 346412436
28 51 667751829
38 1 298353080
49 2 88585906
74 1 468217335
45 78 452058857
9 53 910726963
54 1 345812810
1 26 77050323
11 6 351964132
16 1 259877803
78 69 942558020
1 24 905717565
62 3 782228145
5 61 506806779
7 1 702995545
74 1 262746605
1 27 536602624
78 64 232992611
3 53 850990300
23 58 692992047
37 1 810621184
1 34 572009004
49 1 927282124
53 19 611036100
1 51 693202873
2 65 311827826
15 22 16130666
20 1 339784917
54 1 321856880
19 26 529438886
75 23 916645887
74 22 513988665
75 80 230059413
3 1 856984278
16 70 449597018
59 53 730215179
42 62 385085106
1 13 398787183
13 14 4624128
71 40 250523893
39 14 791563054
1 62 629337089
24 69 956263110
1 53 112177952
34 65 392555101
8 81 581033106
75 1 54341207
1 51 667671829
60 72 408291678
1 53 239545316
1 23 810686913
60 72 752413063
39 26 407328068
75 1 478584704
64 49 782222703
18 68 523879657
1 15 243059196
75 34 247870441
1 61 641691337
54 65 420243466
51 37 820307441
5 60 265743017
72 1 189603372
27 24 223396779
1 82 388372212
51 36 452345698
46 49 716107172
36 1 390393340
42 1 402266701
77 8 335329117
54 80 624973046
1 38 174584850
1 74 303767824
14 15 34759153
8 1 445119115
21 22 229034718
56 22 112795532
17 48 838668041
11 61 989531770
46 43 63862701
1 57 330479230
1 58 240864310
40 38 954260954
79 1 332980560
32 21 690224296
10 73 537514345
1 74 863847502
11 22 214768279
1 17 335843869
13 1 599433934
1 36 203841554
42 1 264131863
28 47 221188011
33 1 542103013
31 1 660194119
19 16 309678686
1 82 976334634
6 2 75847077
75 78 900309939
76 69 330508557
1 54 430927567
26 18 815691927
58 1 1982189
68 34 916820221
32 1 331720056
80 76 313073214
1 35 191319229
81 28 911411929
1 31 385621083
69 82 160142364
66 17 82334192
80 78 558317319
41 29 868680760
6 42 345919692
35 1 612539902
41 72 870233718
1 53 363338201
46 27 241973260
25 49 157132161
77 43 217683913
1 30 985467636
49 52 695925092
27 62 52845173
32 1 997068834
12 41 638753242
16 32 707788495
7 1 125596411
23 58 389177391
58 61 150843677
68 40 824327400
2 30 497088839
1 45 679700669
1 68 419648927
69 32 229624542
73 16 234848188
22 59 468436995
40 21 810140978
14 25 651099320
24 1 503287681
1 61 428027803
35 81 700610452
29 26 96775027
36 59 564385669
63 81 273248046
68 58 647743934
39 1 688529770
73 78 857255905
5 59 743832941
48 63 678414476
1 63 213711840
13 1 692891094
57 77 559341707
45 1 155028542
14 23 559125058
36 28 553850181
1 79 483283029
77 1 901202192
6 77 442120177
24 36 862069073
41 60 718493339
71 64 809057620
1 2 829292876
53 67 981909472
68 36 431556135
47 1 939942645
35 16 809571550
80 1 163041894
43 1 536890701
75 61 659111220
34 1 961928747
6 47 545314504
46 8 436478733
1 74 796423764
56 1 92431422
53 66 358136339
12 6 574618467
9 73 116796352
25 23 992627896
45 53 26528847
13 8 361723243
55 72 128591017
9 66 784741684
79 1 326987382
34 65 971860277
41 51 702769956
40 1 41878919
56 1 212510199
52 1 330198977
4 57 304083278
46 56 802795229
16 47 44287804
73 3 985674292
75 80 995804250
9 2 475439169
1 14 659759889
4 81 274091759
61 36 684955577
1 60 3688057
37 76 8321937
74 12 404411923
9 54 432670677
58 1 791917741
33 27 958880805
1 79 69857785
74 78 574541982
82 31 813811541
3 34 446121289
36 1 117772128
3 75 408708872
77 16 218755036
69 1 895988530
1 38 298522242
68 31 180719233
32 22 365305499
79 69 649249548
76 32 675014421
58 67 296210105
3 21 313335040
7 51 298112742
49 1 802551446
26 13 425482403
34 6 828831101
7 46 262058220
1 3 879677611
14 81 645341329
1 19 396621212
35 1 817104436
56 53 521099058
12 23 808140845
65 3 424010222
1 59 375223584
48 38 89340341
18 1 997849153
73 7 683051361
82 70 961015429
20 28 295250992
34 4 898706955
50 1 867164267
75 23 688109441
5 28 345156056
1 65 319557390
1 58 566061862
29 1 60811767
72 69 895139055
1 65 605302185
4 14 758167858
24 31 287938359
80 54 457560431
47 10 656096084
1 3 378096018
4 35 959093312
60 31 624160141
72 1 964767993
2 25 476001791
43 2 836547601
3 6 502262695
1 8 271300078
23 46 189623275
9 14 934882989
1 4 427394992
1 82 583935128
1 43 539539464
38 24 554723669
1 23 854044133
7 1 26923674
17 52 548030204
24 31 309436813
20 81 358244638
26 33 524674409
45 4 186858033
26 65 138752422
34 25 112697545
15 39 722473945
6 1 379972918
79 48 997677711
48 15 442911557
1 15 851826575
75 70 806682617
33 1 18301539
24 42 620313304
64 39 886877546
24 66 616089308
74 66 265190962
26 19 877112160
70 25 714595588
69 2 153982865
1 48 112619691
62 16 136639519
1 33 114830567
82 3 914273820
5 48 719518528
75 54 211645768
49 12 388790040
25 59 765055036
34 33 623550886
34 1 740011949
36 74 524819346
69 52 896864233
45 1 920216715
52 53 854285970
11 31 534648988
1 68 211780559
57 1 537187631
14 1 528633372
21 1 935917180
70 18 658478094
61 9 843994800
1 55 969063509
60 74 590519319
52 29 760706943
50 45 591312805
1 51 401728446
79 39 535826720
23 47 415801545
33 1 644571769
1 15 81353739
21 43 438649223
79 34 332630530
30 46 692527028
46 21 308806673
42 29 240626529
77 76 148111040
56 61 848191772
1 65 662478895
14 1 377645006
78 17 451703847
40 34 785462763
41 8 929543569
4 28 570585132
23 82 527054485
11 42 710023651
13 48 490528090
25 22 622776043
3 37 54211143
6 72 843991016
51 1 447726207
76 1 39517523
12 18 271624372
15 14 964612894
56 52 328463628
1 53 104823983
37 20 411295655
1 56 856843811
16 1 215699298
42 58 944989608
81 23 87146959
45 41 730430522
10 8 497599312
31 1 760606361
1 25 237858919
6 14 352593664
68 22 72158861
40 1 484170908
24 9 514748336
23 67 748916883
13 3 166481929
62 61 586357037
31 35 843272740
14 4 136841418
82 54 443168556
60 1 86861180
50 47 940190845
1 71 867269634
32 1 503232803
58 59 878336493
25 17 115794874
1 22 545397933
51 46 918553835
57 20 290326017
1 22 984136275
44 25 603634492
19 41 204879139
15 53 143067225
30 45 694216294
75 48 616073418
3 45 298130614
33 11 696492312
39 1 502864419
32 20 469125173
67 29 211436348
23 20 204192947
67 3 691472332
78 75 260688854
27 1 240976567
77 73 166796006
44 78 732672728
69 71 379699954
11 2 121103343
67 13 360651804
7 68 105237664
78 29 996214828
58 78 118021644
33 22 264405200
10 69 13449978
43 1 196062908
1 4 230259907
14 78 227493881
58 2 62414043
74 1 130748646
1 24 183740224
64 1 686982695
69 57 723422029
76 1 439564910
49 30 938275306
45 1 112015056
1 45 192107213
52 62 343605789
1 46 79846437
1 17 831684454
22 47 133183598
43 1 960799056
41 1 504774248
64 1 585824408
1 14 999672685
60 34 382835063
79 37 187676092
41 24 740165570
36 38 81497042
59 82 308364220
69 34 427506912
56 65 995909593
75 26 553301984
62 61 756623457
36 72 239373692
32 45 781554952
12 69 115932806
20 1 160630559
22 17 267857988
53 5 750594371
72 20 20634941
28 72 115306025
30 41 888019234
40 16 661768487
48 45 812964464
70 10 403063355
33 23 781510527
41 71 704189069
29 1 85296477
6 25 45620765
4 64 9209602
45 78 507994659
38 35 283112820
1 78 672012640
42 36 753440446
56 25 893707139
7 65 631308572
4 1 297460459
9 1 600088011
12 1 150120573
1 79 905805135
41 77 368808150
37 55 443283074
20 50 350409854
23 38 44825552
74 16 867795556
32 11 94759921
51 8 982857898
1 60 698706830
41 32 495631081
8 46 358130053
25 69 575441652
7 30 856857718
52 16 627673936
57 55 354599601
22 27 236361683
4 70 589197675
41 81 108491853
8 32 135153163
15 1 881272860
38 1 358480907
27 72 769157123
77 1 676846313
1 52 267502588
25 71 266916164
61 45 996335878
1 3 786464259
78 4 976894611
73 12 660180766
39 76 984251522
62 26 376139457
39 58 434640400
69 1 953007192
62 64 633811222
1 15 692943998
1 43 94511416
39 1 826271314
72 1 692393505
1 71 938401173
1 7 582527458
9 44 625334999
81 26 823614140
12 5 716847406
28 1 3935416
27 45 644691195
59 80 514321486
45 67 307694828
7 58 53746762
54 1 780261131
50 78 336943433
57 8 975739897
43 25 533887409
60 30 916868633
16 19 639656210
26 39 239260778
7 36 160305540
72 31 249622024
1 31 339401351
69 1 524834917
24 79 486773893
53 46 568297916
24 1 214490538
61 65 474337088
55 19 914397680
1 53 75723229
79 76 670516212
75 44 545142554
82 40 46697727
57 74 679090000
46 59 416950793
1 8 401650915
40 29 626720273
64 49 471839472
10 19 780786941
1 82 279800273
21 1 961110346
39 54 110103674
1 32 934220763
1 54 665360512
1 68 565196041
65 24 518732895
1 46 567121511
39 75 248853300
65 74 234530900
61 71 554073834
1 19 711231862
61 48 223925338
31 64 861673711
1 55 381787046
78 4 902995329
4 20 731996020
75 1 491122728
44 2 139995688
1 78 22836988
38 22 627826832
9 22 459401184
33 1 609585813
35 2 322410680
1 16 914930647
26 19 47530271
52 63 921920524
1 59 239775945
77 65 784002623
62 78 844776134
68 43 511511126
68 22 508702125
43 56 585074515
7 1 171655102
13 15 528408942
18 37 429161092
12 6 708542601
43 5 175967282
18 1 852466903
19 72 693069844
1 28 442593121
44 23 903497891
10 2 113509268
29 1 149368586
3 44 207708623
5 73 93403303
73 1 861439175
11 15 182354085
1 5 301932196
80 1 980543727
41 1 855450814
62 1 716349852
39 52 531748750
1 40 554900228
53 23 411569347
19 3 363174260
20 64 546600012
56 37 515334028
1 19 923092115
9 12 925253461
3 43 504002048
1 4 318797881
63 17 997630634
1 13 258483565
41 55 685566954
1 10 801863364
52 72 702206490
74 51 24780081
59 36 585481767
33 34 507387565
18 47 453904829
34 68 268535546
1 61 279384244
31 58 101827716
28 1 14837736
48 29 543794202
2 1 281344945
23 34 4089080
1 11 798785616
50 66 655013061
46 49 508726722
52 1 883995746
1 76 894296275
79 5 382992689
5 1 380082346
9 1 563461136
49 47 492682087
63 16 164565377
33 39 767308222
56 20 143818370
46 21 147942601
42 55 321050767
41 54 314287005
40 47 279167592
62 34 965678581
47 64 704902752
30 9 905150850
28 1 34468838
75 62 171457755
45 68 195916507
1 4 581935373
24 7 638813534
40 53 785084888
76 62 384984293
1 36 73263809
56 1 378249949
1 59 276770707
62 47 233563406
29 34 320848339
20 41 267886050
37 1 312646902
3 26 270067255
27 1 753082973
82 1 35707195
74 14 135162164
35 70 307136030
68 3 233114232
5 1 788480530
36 75 656524369
1 45 911626251
1 82 297934868
72 78 735062938
1 19 460721428
59 27 960399441
5 63 599849617
58 24 656588194
73 1 39680349
29 63 314802788
63 1 770472315
26 1 239276074
32 1 544629908
1 64 288980427
1 67 211100653
63 59 269920564
81 31 342157026
11 26 507141838
2 73 801379728
1 79 929267443
3 1 638410067
16 36 26003348
68 67 509776466
8 55 850718276
1 14 969744658
52 43 337535628
78 6 63235045
15 42 259438244
63 62 776151321
1 82 466519716
20 64 825122704
19 38 203018526
1 42 615905830
71 1 98104093
1 35 807381461
59 71 378748784
1 61 663625375
68 71 941242957
1 31 269533538
65 29 972559360
55 59 289101211
20 14 903903240
52 39 850512442
31 6 140039044
74 1 548500779
17 46 658519980
42 63 974836059
42 1 202964518
34 12 523428103
23 34 122226993
68 67 305029956
67 61 295528637
9 50 562751207
52 56 384228709
1 74 402190114
1 69 323613632
71 1 549783990
53 48 84083308
80 64 68470403
79 68 591289575
29 46 741256461
33 7 240634741
1 46 921399990
79 55 771510718
2 80 227957578
51 1 309074690
4 40 846193691
73 30 787335958
52 1 405836435
14 57 976796921
21 76 149511594
22 63 288218743
1 24 291554888
38 1 915647946
33 24 841665134
3 66 977505122
5 1 270645543
47 1 842473911
69 1 568832994
25 76 931974603
1 36 318654325
63 16 671167812
1 9 929590321
51 38 37313484
33 36 549270411
31 3 620529000
2 30 168259930
18 11 468258903
14 24 710583456
55 3 70850581
31 5 559589860
1 22 151921945
13 1 250104334
59 2 605776274
48 1 305351646
48 60 620307246
82 35 566814555
77 11 916132775
33 28 180143107
17 31 763166149
3 40 115092400
75 48 714325156
78 10 536357573
62 34 23637955
15 68 631972845
1 8 473288408
19 2 526145228
4 3 590186472
70 80 417589715
15 6 564855884
66 68 662381042
78 71 894049771
50 67 207658619
52 25 900369167
76 16 907344397
1 42 162987355
76 42 268175410
1 71 643251522
82 73 902145112
10 70 501706634
50 53 196456268
58 50 429452648
70 16 664487910
51 1 343921439
3 47 485609834
15 25 849859361
1 40 917578075
63 1 325682983
35 2 967863638
35 32 402743137
16 33 22133936
1 42 353351534
61 60 626444742
4 61 516488399
27 70 251931671
33 44 522370993
40 48 742355564
1 78 835715501
4 1 716685874
33 68 566875773
1 4 127693664
55 17 318551288
1 42 862162075
9 63 60947463
21 38 969990804
63 49 393513458
4 65 318368901
1 46 444045505
10 81 73653626
3 42 784453238
1 3 545963908
38 26 159632993
21 1 171499819
74 23 105525442
30 50 676483480
1 13 637528865
52 36 11361127
33 16 285232892
43 70 32123676
42 47 863976256
42 16 490213953
24 68 979884375
67 69 968834501
1 40 525665621
33 75 183929445
76 9 530795429
44 1 68615566
74 64 372693488
29 70 692234361
78 63 745464910
80 39 434655938
16 1 818647956
14 81 362606693
1 41 615540053
1 16 473772745
67 1 966765391
1 37 480182615
48 14 712090980
1 73 964270556
1 16 383179541
12 19 771919676
1 53 167828819
25 1 165329078
19 52 248710283
40 43 905976799
36 3 910266391
15 31 440331923
46 57 742559175
1 6 96171359
31 4 88719754
5 1 251205184
1 46 762689673
1 17 831481448
48 1 413833617
20 66 834806239
55 1 491345372
54 1 291658435
65 27 831124942
31 25 767097156
48 66 404391929
1 18 341692839
6 73 618530911
19 30 818086265
62 56 56058873
17 81 313370848
78 57 167049308
1 35 203148104
11 1 704981814
37 1 499845399
77 59 813452304
55 1 776688128
36 77 773030479
18 29 465064805
67 40 925959922
1 74 686234693
1 57 141200589
8 60 557973181
75 14 240576474
75 36 831691612
32 9 582642749
15 1 544260946
76 1 375351534
29 37 132244868
1 33 549223713
74 21 808523498
66 10 78553782
26 1 214770352
70 1 909740913
24 58 115823088
58 57 376479187
31 27 774571473
45 1 933110161
7 77 920599443
76 48 924421777
78 39 476721371
1 28 957296228
70 7 736837874
1 38 492564034
14 20 371073477
79 1 146611606
25 70 143471030
1 76 340203834
1 39 454410735
32 1 109468099
59 9 35238815
44 1 487827925
50 4 404284108
6 77 212432819
56 64 477871371
34 24 162451446
53 6 46391533
1 62 43217119
45 4 58854396
1 28 180378280
67 28 273551508
71 1 42863036
32 9 697807309
2 32 297202752
53 79 710852526
14 76 764824177
61 1 536563058
50 37 414484784
35 5 122500952
46 27 401818620
14 65 546017848
1 22 603280235
81 1 348966285
2 65 185584599
56 54 515091621
8 7 786282078
16 1 421818866
59 72 943888006
73 79 309953612
82 64 474058454
22 1 776309945
1 16 394699113
14 46 362352315
5 1 898290457
32 20 741439803
15 28 34619269
24 13 485780623
75 7 644755474
52 80 761376112
1 68 16390620
64 35 705598935
1 5 636341823
22 71 915778136
48 16 402849442
53 25 681763512
62 55 560989823
81 80 468841808
1 46 852588741
35 5 793864039
36 8 627612863
6 9 67757371
46 1 946492068
1 81 282604290
26 1 309123122
15 70 209721731
24 36 241045009
61 20 34881551
49 16 38714398
1 30 58757178
27 62 788764784
82 14 451067697
46 13 305227485
9 12 641623281
1 82 795857763
4 52 508822661
71 1 397099995
31 46 429832040
56 40 184862347
26 20 41321699
44 5 986238
7 67 660161300
10 38 909003178
43 73 329133645
5 38 484159929
52 1 727535432
1 80 764102227
10 29 722322368
1 29 140473319
10 76 378331176
23 59 58898497
39 80 747277946
42 44 757406889
45 53 474371847
30 50 517535378
32 81 525387060
41 14 312530321
67 31 72595845
73 1 680861054
59 63 695210454
1 32 371784241
75 1 364284061
60 56 268886586
20 1 182667924
34 62 279185031
25 28 20629898
1 77 397781166
25 1 453265688
28 4 400610679
68 29 127425837
78 49 229206451
40 5 517012338
35 44 859916652
24 9 67340951
27 26 178828761
36 70 738359564
9 1 891492606
68 46 15675407
13 32 2895288
1 8 436896820
32 1 315168513
80 49 103835353
44 37 813777290
21 25 889055426
69 79 565000699
6 1 143724829
1 61 792104297
29 1 907407984
62 1 323207048
70 76 392704343
62 74 179573439
6 36 782807457
20 4 296757437
1 60 951382097
46 1 954219292
11 59 395813501
67 66 558016927
1 54 460679993
78 40 99888418
4 70 268807954
34 77 286666025
65 1 294800599
72 49 229675052
11 46 757949114
6 57 518942843
29 1 496770461
9 55 569228337
20 1 605184967
63 70 674744227
46 56 818666115
33 56 30969616
1 8 715391476
1 59 533797836
24 28 710962851
78 11 915989371
25 31 57880927
2 64 256531690
30 33 314285649
63 12 922677994
60 1 166579734
45 8 675011564
72 59 730877912
17 54 111736137
10 71 174448814
10 1 170932642
1 75 574384147
11 8 978541626
80 52 277527329
49 59 902931048
48 1 958710305
1 43 422703866
82 56 750755692
33 23 70361275
58 50 231700955
66 37 643484051
81 58 841703003
75 41 107155469
34 44 822329039
1 10 545527887
33 7 533689336
12 65 676042197
78 1 252821198
1 16 369216661
38 79 1596623
1 46 613861985
82 1 889930034
47 1 89782753
27 1 528759422
39 31 88007482
11 20 572647980
53 26 972832358
63 26 697748788
64 53 746759168
6 34 472758026
38 23 537359625
1 15 456231730
77 27 529710479
33 4 153184290
73 10 337530733
13 59 503762505
6 40 275152694
28 15 991417613
1 77 51965086
12 40 288329588
20 7 732667650
59 20 843494189
21 61 966740624
74 4 290199709
55 59 604530439
1 69 931902402
20 60 634799241
17 1 782550519
1 80 170778374
1 57 667301739
57 40 53720412
21 71 849994903
66 9 637878100
12 1 823052203
42 8 653684568
1 47 339015850
11 42 165412427
49 34 588264673
50 76 248136963
73 18 512403814
1 22 656215263
35 45 856116984
1 38 927469629
1 42 655552317
12 46 530927670
66 47 994327559
1 15 598038517
27 62 345897538
1 17 55370009
30 25 457176101
9 35 713369419
74 1 159305301
72 1 68126908
57 1 880135463
1 61 110275883
44 1 776550008
66 38 603289538
46 25 413743770
1 49 22327534
78 1 637498993
22 26 744314948
65 46 558516664
4 17 510793238
43 1 928981915
2 1 248152476
20 63 585204474
69 74 469364451
75 1 662435919
1 69 995067386
34 5 872259435
70 60 782626891
29 39 292184659
60 50 6964011
42 58 778077149
8 26 849786883
57 65 604660773
26 56 777894879
23 21 973783342
50 18 680037916
1 80 745110527
69 1 88103028
38 26 532759557
78 27 208791581
59 36 271121511
20 63 950615444
53 1 558080112
1 25 280421167
52 72 494828608
35 44 925021999
8 68 174450338
34 32 516672636
29 1 497839443
1 34 265180405
76 1 812081296
1 48 963956912
50 29 836386272
1 54 591924186
73 15 155784641
1 37 682104001
1 63 508805306
56 55 320155454
82 1 155069420
18 80 637266157
14 79 602164044
28 73 951667947
72 1 161215381
59 28 415442713
74 1 885874291
17 4 327638066
44 1 615660323
64 23 995941895
1 15 64335624
4 1 982005014
72 45 951244526
2 1 383709139
53 24 553199013
68 15 549118158
1 19 650344372
32 23 61890713
61 71 750572317
71 1 338196707
70 1 573314391
16 45 971391426
21 72 576929173
65 14 415903105
3 12 386982657
71 12 459310991
74 66 346410901
35 13 723824701
70 17 128481105
8 58 327304609
40 1 197854386
1 65 938065882
38 1 386178941
76 1 57533731
1 44 700750565
3 48 917361889
71 81 218681876
44 69 170766407
51 1 956280011
22 76 854902217
80 11 153816180
1 76 277770360
47 40 798048186
29 4 448764550
13 47 580175706
42 44 317600337
68 82 962731889
11 82 675603293
1 51 867801758
18 50 614808398
57 52 465711921
4 1 874385186
1 16 257128243
30 57 207714897
1 43 604409295
58 69 22157578
1 18 743530996
18 81 9777021
9 69 208574306
38 54 845056703
14 1 114957362
1 79 134175213
59 78 147489525
11 36 658343743
17 52 493845251
1 73 529322212
1 32 647173656
19 3 438640702
34 9 342626845
39 60 270237682
36 10 197004631
19 77 254367345
28 1 587403054
1 37 566613142
37 53 416081103
23 1 346625518
77 12 545972774
60 22 234177952
10 24 174362903
1 29 495369087
47 11 96638211
18 45 847699277
27 70 328898882
56 29 919906144
7 1 134992897
3 11 972880959
2 1 447001240
17 60 371692431
1 29 571823967
37 76 469770524
58 30 319243888
44 4 760126426
66 56 610498247
70 4 985263400
1 34 665089056
10 48 434251948
64 1 380394522
2 6 886509628
20 52 244413350
70 37 585582504
57 65 303766114
1 12 49283176
63 1 288064163
8 1 236795772
56 8 261775653
1 72 903462319
59 16 469874777
43 69 443387200
1 14 139205051
58 5 763171375
7 12 439350279
51 82 206265143
29 77 837730490
37 1 515103186
14 3 549090785
73 15 150268530
1 15 517279365
1 26 315933838
34 58 495269320
9 6 124120245
82 1 298935574
75 69 762307129
68 47 80338342
42 9 706167769
23 13 288710398
1 46 953907774
78 44 115617794
1 9 527949679
51 69 76976061
11 81 809807567
17 34 247718120
78 53 474253545
31 62 669213577
1 73 510309594
82 70 326920076
69 10 383060208
5 1 95319915
37 1 660305978
41 1 784359384
1 10 495160803
29 65 87199417
78 55 101999745
42 66 710414118
77 24 768630353
1 7 216073963
1 74 823724647
22 1 998472363
1 12 352782080
45 16 173541332
80 3 176011490
49 82 417047099
62 5 455280822
35 18 478205128
44 1 513691292
23 40 674548154
77 58 541361893
80 67 145133641
1 2 164562484
1 7 950342674
72 71 664046571
59 75 404472542
67 35 331136705
1 33 862256452
46 1 902908051
1 9 816238833
3 25 760931211
15 3 818529720
40 2 744975275
2 1 597574695
6 28 78904175
55 4 234199764
69 37 687665493
52 45 362798090
31 28 541287576
29 1 304419841
1 21 677124224
9 41 664170756
57 10 718014287
8 17 357117267
40 45 903840674
60 14 871784102
65 37 953401371
74 77 900258849
48 16 665612602
67 1 571430129
29 5 906276944
1 44 362240867
32 67 149296032
1 71 976546867
12 17 213820808
8 76 8327227
67 5 311605864
5 47 474276162
1 31 721420297
46 28 295857781
57 53 731911293
14 39 190272260
77 16 924515002
51 1 78225402
16 22 355420600
13 5 349180980
78 80 861214841
4 80 12919843
5 21 85667823
70 28 466118889
78 49 762998568
48 75 392265691
46 36 5842437
44 1 74246802
34 77 348846194
10 16 17724526
14 2 855057906
78 28 237514057
78 31 716151531
56 20 816633654
25 1 888538767
1 27 55423085
53 41 325732219
33 21 818304738
72 62 441637428
34 1 565081062
82 1 456792470
70 6 959926412
13 29 748331271
50 1 398933741
12 26 405528866
48 17 7208583
72 22 511530526
1 51 209705778
9 71 18059610
62 1 608924602
19 20 931182990
77 10 139379981
78 58 250719347
54 55 185450022
36 16 248488199
67 73 865078211
24 36 137127690
16 1 593390877
51 30 302170370
15 73 651592049
27 1 40083619
64 24 285722874
23 76 568380575
65 76 287502
31 45 221473995
1 22 351852456
44 2 913528800
76 1 562018131
26 6 233212451
53 77 518980607
53 1 904331412
1 58 899490461
1 74 519721909
1 32 548919869
44 78 376356380
43 46 851649972
8 15 681270725
75 1 22182995
35 26 944650958
28 1 780771369
8 10 708776347
60 35 263618277
23 1 469116896
16 72 371228535
61 66 930734758
40 16 355503724
22 56 921237286
1 5 532409014
82 48 553668123
42 1 153674483
36 1 24330417
5 58 699304187
4 54 364455235
30 1 222497860
7 35 668110530
45 27 599895314
22 31 174002257
5 23 715991707
1 28 567106952
59 8 986299368
11 47 872699374
40 60 321418486
62 79 66980311
1 11 647691137
41 39 42667970
4 1 183304895
8 32 176124627
48 1 544369435
66 1 15390916
74 55 47852318
60 25 129847473
13 19 410499340
1 54 540021023
78 39 805912346
59 1 586521646
43 31 272803767
1 81 448723299
56 44 453774933
31 1 248061159
16 80 77812230
52 81 453932312
57 7 862760980
55 44 677974709
1 31 804002095
1 28 797100073
71 59 245298537
18 8 346039257
26 78 605854754
6 22 954159215
66 61 570306923
34 69 879149624
65 22 543876040
51 66 546334906
31 38 581837958
24 52 834693498
79 29 587281316
1 61 669677188
1 28 802830149
9 77 716775950
55 49 117907677
58 71 16813884
60 82 105748084
81 46 88281574
76 55 582112496
20 51 975916967
1 26 493064241
12 27 601159754
65 7 595863843
68 35 733260408
32 1 330282870
77 43 18702299
73 61 270623485
23 20 129402837
41 14 944010088
57 82 882228242
32 1 581563377
57 55 302855732
6 76 148454877
12 1 47304388
39 3 957011332
1 14 945960163
1 3 716705858
72 60 547966766
71 80 791878806
40 79 922647894
15 13 514318995
26 28 187106575
32 43 466383366
20 9 149574564
52 40 165549390
1 69 734336535
40 26 560294977
56 75 695541199
1 56 862819952
55 38 776678900
76 78 735249266
69 47 901715270
1 36 188819507
1 40 888406445
63 28 249939555
41 12 883010216
50 1 803195469
26 1 975048240
68 17 157679556
39 20 582808502
1 61 661382239
1 70 202081525
30 26 170175670
39 53 929826313
37 33 129113638
8 74 774667774
1 31 46742684
34 1 140567614
6 81 367701832
12 27 387701865
70 25 22704370
2 66 911392422
12 20 112838346
1 69 889062170
24 1 106722510
1 44 722985717
1 11 989857315
52 19 121010353
69 4 719135988
42 16 329483179
15 38 242251734
40 37 728870587
69 1 222992428
62 1 27482820
12 2 426965513
65 15 449831806
1 24 805025069
57 42 215357643
19 44 424119830
72 74 989856884
20 27 685977052
5 49 461648820
13 46 619950588
1 13 6069202
49 12 710790245
49 69 580295886
73 64 235619437
23 6 755697619
67 54 280682858
1 14 485780857
2 36 28521253
58 17 260404296
1 49 557705968
1 17 522651678
67 3 832504583
37 17 533905951
57 1 648805097
24 1 604199918
1 35 62711982
1 73 160333103
20 8 973204486
29 62 57301943
15 31 515916529
17 53 248152477
58 11 707614069
38 58 342879986
58 5 159150004
1 18 125536742
35 81 730079736
56 66 585383614
70 4 736716783
59 10 622352712
58 27 358692636
25 73 490186319
31 29 382839896
9 2 459134986
12 69 382581187
23 71 73948837
51 1 591640780
64 75 320092910
1 13 476805771
22 78 797017391
63 62 8501550
8 22 5656018
49 76 756986966
65 23 592538897
35 51 687769715
16 58 6212349
5 23 376608383
17 18 147562155
8 19 454138990
1 6 40908075
75 42 949441806
14 43 325549422
21 58 961562926
1 21 160524673
52 64 191297413
31 82 846079091
22 75 167895578
26 62 493246450
56 68 880231152
25 62 611589896
35 51 534611310
11 39 664997108
21 27 37216074
7 33 40500325
39 40 905175371
73 48 209215269
68 23 215577003
81 23 890853654
69 70 467996084
77 35 280637304
1 7 618939526
59 3 441267361
43 63 96909677
80 6 33903153
80 1 596315851
25 45 557293867
34 33 821864524
6 51 691098167
82 1 822760286
15 54 466776194
39 13 7460671
36 80 995887626
32 37 891127751
21 81 505963658
1 34 486140705
57 1 288186579
48 3 930254175
78 26 127930359
41 51 582231601
32 75 401043182
23 62 640008989
1 42 744788622
13 69 366529728
72 31 772894645
34 81 417210306
1 57 373736574
12 39 936374680
10 1 60656784
72 33 570613335
36 20 190878287
60 18 483310245
54 33 167120252
63 77 942775737
56 24 499790046
1 40 587724580
1 78 261284302
1 62 573836023
73 82 174276531
1 32 837385408
56 20 472469504
12 1 441756636
58 49 953904087
25 78 185964015
64 63 126852150
39 51 733396855
40 52 870113287
62 1 637486315
1 78 562775412
68 49 97085696
28 22 451214962
72 18 782704154
35 1 307011490
1 23 499541881
44 6 926814740
14 8 385630084
38 4 751921612
24 14 204386576
37 58 510281930
46 69 494810916
26 67 134521047
72 75 959480681
1 74 996191142
39 55 44286636
52 46 482742979
82 56 171519454
53 1 278370028
5 52 747700795
22 1 128884125
55 25 911941885
41 39 773606968
1 16 783658827
30 37 733721872
7 1 490988604
11 34 63905191
79 1 936885651
12 69 496516266
11 1 100551742
7 73 608851036
54 24 486571090
47 78 979081493
32 57 977474798
61 42 824543435
36 59 601367068
42 62 316909494
50 31 561971546
63 70 202526700
71 1 27378690
63 47 116795671
34 52 288082949
1 24 607892651
8 24 239312911
14 68 8247553
63 68 406400930
43 68 914446393
5 1 502450789
20 70 795548779
61 20 475968268
1 35 620472463
52 23 919204437
1 2 423080697
4 50 696103720
36 74 145018173
1 25 130333769
38 8 131997761
32 61 730123914
2 46 71677137
70 1 934929362
12 60 926480894
81 46 412395382
23 38 831068452
1 43 419676518
16 70 890463629
48 45 311848406
51 13 965758651
30 70 599483105
82 6 303486243
65 16 41071686
34 50 360613347
35 3 445831523
16 66 369605874
65 10 94393847
72 1 674363579
67 1 253199547
46 32 941511844
71 12 913464997
37 9 917274938
81 21 487972237
33 49 968939304
15 19 228960447
21 15 111138917
82 48 487922874
1 34 581062495
29 38 490577139
1 35 702278783
77 15 376929510
51 1 452913571
75 66 137091720
1 6 470406856
1 61 33368544
39 3 924892972
57 1 16862130
42 33 181430749
75 2 471977274
1 18 29247815
44 1 844127803
20 39 675423894
29 6 55616880
2 1 77313129
76 1 510796347
80 18 785323956
1 64 362884483
36 1 435661584
80 1 718337559
75 32 109275100
34 1 732414758
12 8 934688130
63 1 880924077
38 1 378614309
53 41 656457950
14 58 746671302
42 74 734069170
55 71 657562944
65 77 468588287
63 21 114674422
13 11 850552458
66 59 107086879
9 1 866337395
28 1 331585020
2 1 159436543
20 8 92759041
1 20 866597426
58 1 69813857
1 68 441768798
54 47 547894717
55 1 384503160
48 44 465704925
72 14 999768644
2 10 305373139
63 1 836910291
43 49 407678341
1 9 10090860
56 1 741589621
65 38 516518170
52 51 658729505
4 23 126320492
58 1 124527485
74 1 681536403
1 59 844259688
76 30 721559982
4 32 484683808
9 39 346599100
65 26 457595918
8 29 236413622
74 1 640773654
6 19 990761927
7 1 162060830
59 1 180868593
50 67 602753033
9 26 684960409
67 33 99774026
68 27 896690274
30 21 640622270
14 60 114163245
15 13 510116918
52 21 329711355
49 5 757958116
47 79 179002860
78 9 194404814
1 70 252390345
47 10 422672987
37 3 117978224
1 53 773882309
4 1 848991781
82 32 729233330
48 67 733319629
73 1 921653178
31 1 874557973
22 43 596704985
1 19 196827252
24 54 904486343
39 1 593871091
22 21 817283594
9 39 489920571
1 64 942520542
7 1 941490091
70 23 459372196
4 31 205034652
30 77 2154255
43 40 583854979
1 52 528275087
77 70 892901158
9 64 935972673
1 25 558644235
1 69 105170205
53 14 563631228
57 22 978652283
26 3 783271454
74 44 208509124
45 76 900767177
39 1 718585061
43 1 572932133
79 6 525697120
57 43 180121061
1 60 324634489
68 52 914576717
22 50 428039735
70 45 74340325
11 65 322490543
17 1 256004110
1 18 985892692
49 15 870114296
10 74 361806697
59 65 288857739
51 33 327860508
71 45 669276001
56 60 983977019
20 23 362132989
42 1 330625601
66 47 480503342
51 44 383745034
1 18 705340113
81 39 220660297
1 7 437511416
60 1 543639964
34 78 293395252
52 74 751440862
50 34 728513448
70 62 673583175
1 2 255849406
39 25 883671247
38 64 203962813
49 64 947995065
11 62 956938280
75 17 975650376
23 1 675235254
12 27 337837376
1 54 371546502
1 35 562433929
80 82 57799556
1 44 988325154
16 64 971661802
43 78 778871714
40 41 624619450
4 1 860089910
8 13 133638058
59 64 41230176
1 73 175380171
64 51 42787213
7 70 985551431
65 68 51370186
76 42 921554178
42 61 107031089
40 67 170771117
27 76 483419913
34 26 532039918
1 53 545105801
66 1 295249758
44 30 480244536
81 1 621591571
1 62 705672706
12 1 326009249
4 20 227431490
68 46 513583597
72 31 476408101
78 57 48893281
42 44 434220730
23 60 85280531
82 34 508436407
1 45 795335323
23 70 504889896
16 18 797336884
108
22 31
76 80
79 12
11 19
45 24
78 55
18 63
49 28
53 13
71 12
10 4
79 22
42 19
30 50
66 51
20 69
54 13
64 18
74 42
41 28
42 80
19 33
26 55
80 73
38 35
39 31
79 77
17 42
11 35
49 41
71 36
2 13
30 42
63 54
34 39
54 39
51 15
46 18
23 77
37 73
6 80
12 56
74 34
6 7
16 46
50 32
39 42
41 29
34 70
42 33
39 26
76 47
56 13
24 66
42 9
61 71
6 41
59 10
60 67
13 40
23 34
79 81
72 41
38 71
55 16
61 18
39 31
66 25
51 18
10 44
31 2
64 51
41 38
79 13
76 26
48 6
24 37
76 58
22 31
8 72
43 7
3 17
20 67
33 3
51 39
59 30
60 51
73 72
12 61
3 49
11 29
6 28
37 22
5 50
7 3
1 9
70 78
17 20
69 37
69 65
32 8
36 41
70 53
47 58
4 27
37 16
70 52
67 49
