100 174
1 52 1
8 28 1
1 14 1
62 27 1
9 56 1
44 15 1
31 1 1
91 79 1
57 62 1
1 69 1
24 1 1
43 89 1
45 1 1
51 38 1
44 54 1
96 81 1
83 1 1
5 98 1
13 26 1
1 98 1
87 92 1
81 32 1
46 86 1
67 48 1
1 49 1
36 2 1
84 40 1
69 81 1
82 86 1
54 74 1
72 59 1
84 90 1
27 1 1
38 1 1
58 63 1
3 1 1
1 56 1
1 89 1
38 96 1
36 89 1
44 22 1
56 1 1
82 1 1
94 23 1
41 1 1
1 57 1
13 20 1
27 1 1
26 88 1
29 1 1
89 67 1
39 78 1
20 52 1
83 60 1
16 1 1
100 5 1
37 1 1
46 24 1
56 55 1
1 75 1
55 75 1
46 61 1
81 94 1
62 88 1
6 56 1
6 54 1
1 51 1
22 50 1
32 45 1
27 94 1
7 72 1
50 78 1
19 40 1
85 1 1
1 27 1
91 1 1
1 89 1
1 20 1
7 32 1
25 38 1
39 19 1
93 15 1
17 1 1
76 75 1
65 1 1
1 38 1
3 24 1
89 20 1
61 82 1
7 52 1
60 1 1
7 1 1
88 1 1
24 17 1
93 16 1
81 19 1
20 96 1
1 64 1
93 95 1
63 43 1
2 1 1
55 47 1
87 10 1
3 25 1
1 16 1
1 26 1
67 1 1
1 93 1
66 1 1
32 76 1
70 49 1
27 69 1
24 66 1
1 12 1
99 19 1
86 74 1
9 34 1
70 78 1
16 40 1
18 1 1
63 40 1
6 1 1
1 100 1
1 3 1
6 13 1
1 86 1
67 51 1
93 28 1
1 48 1
1 42 1
66 56 1
9 1 1
29 78 1
15 55 1
50 16 1
1 62 1
1 55 1
16 53 1
22 24 1
24 49 1
60 52 1
14 82 1
29 94 1
81 67 1
94 42 1
1 13 1
40 26 1
84 13 1
7 93 1
19 14 1
1 12 1
1 56 1
1 30 1
30 15 1
97 11 1
76 98 1
60 1 1
62 1 1
27 1 1
91 27 1
34 71 1
1 52 1
96 40 1
13 97 1
9 96 1
50 1 1
14 68 1
1 100 1
32 3 1
96 4 1
77 41 1
41 98 1
71 15 1
95 74 1
795
5 21
74 19
13 36
93 29
72 18
13 93
20 36
63 11
65 42
21 42
68 71
34 96
40 80
56 69
98 45
12 83
30 57
93 90
35 54
41 59
4 81
3 89
76 52
34 3
73 60
71 93
37 79
86 83
98 30
85 57
69 97
67 74
79 81
70 48
77 61
10 5
84 38
91 30
95 9
23 34
70 1
9 24
72 98
2 13
1 22
85 44
9 26
89 53
71 68
78 14
36 9
64 89
79 78
60 88
17 43
78 88
46 7
81 11
40 98
77 31
82 34
52 96
83 63
63 70
37 52
27 6
38 24
82 39
25 21
67 61
92 31
2 94
37 14
54 95
11 8
83 82
81 45
100 30
33 16
46 19
89 71
83 58
43 14
39 94
78 94
9 34
12 74
82 36
96 44
85 68
26 8
84 86
36 48
81 18
29 27
94 88
73 16
97 61
59 18
50 21
68 48
22 67
92 51
1 85
100 2
89 35
72 89
50 67
53 57
77 57
30 60
31 41
2 94
78 31
30 54
47 14
51 64
98 17
6 34
59 98
39 2
28 90
76 9
57 67
28 13
2 50
19 24
49 79
66 79
100 37
17 50
76 48
20 3
100 25
56 69
99 90
20 32
67 27
97 93
11 45
63 79
38 15
10 84
17 57
73 90
45 56
14 97
28 51
28 73
55 41
89 14
22 54
74 9
9 57
96 52
7 45
40 50
40 95
4 78
8 74
43 3
1 34
71 12
22 63
7 75
32 46
16 73
16 23
24 4
83 22
2 51
30 77
64 17
9 73
14 28
89 96
87 54
76 91
40 50
67 77
50 14
6 46
64 82
93 77
42 49
93 38
61 24
44 100
6 52
4 45
90 81
95 91
30 50
67 38
17 98
45 93
42 35
58 21
79 10
82 37
28 24
39 100
33 81
24 22
77 81
84 30
70 3
91 48
6 8
79 24
77 98
71 45
10 45
9 37
83 13
21 5
82 34
67 15
53 17
88 66
23 60
25 46
86 88
13 56
27 40
88 75
22 15
88 20
38 3
30 9
30 12
72 51
65 69
55 69
31 34
28 58
92 39
67 17
2 33
86 31
89 14
4 61
4 56
30 6
62 26
71 27
99 44
87 86
31 24
60 68
40 93
28 40
21 89
68 4
7 17
46 19
55 11
51 14
45 59
3 30
81 95
68 65
36 33
59 52
20 38
1 24
36 38
78 5
88 29
47 67
97 33
37 42
18 13
85 67
34 97
4 99
41 47
7 14
4 42
4 86
95 34
59 71
10 29
85 34
97 36
68 23
44 22
18 81
70 84
24 5
36 83
50 28
95 72
52 42
10 52
64 30
69 76
94 47
18 71
10 39
15 36
5 74
89 32
53 33
78 58
43 88
63 89
94 29
24 52
94 39
49 88
70 94
79 76
6 96
77 82
79 85
32 41
54 9
13 10
19 4
61 87
50 68
45 68
52 95
21 14
21 50
29 100
49 52
5 14
33 51
4 21
20 45
51 12
40 38
3 6
6 28
29 60
46 2
34 64
40 84
43 56
59 12
58 88
57 56
68 30
5 73
3 66
100 96
12 20
61 66
43 11
86 81
37 2
91 74
32 81
41 36
38 2
74 14
92 11
67 25
49 20
17 97
83 52
19 83
20 26
36 65
70 75
72 58
59 70
20 11
96 63
36 57
78 23
42 23
50 71
67 93
7 74
31 89
11 4
14 47
27 97
95 40
75 9
20 92
40 61
93 5
73 14
66 69
95 60
49 29
37 27
47 58
91 38
97 34
23 60
7 62
29 39
43 60
18 8
65 12
69 87
97 93
3 12
63 91
48 32
46 84
90 60
25 40
38 10
64 39
54 67
46 92
25 89
31 78
32 61
43 65
76 41
79 24
42 20
29 60
31 6
47 82
40 53
97 13
86 16
15 27
67 61
95 74
80 81
26 39
68 83
6 38
69 60
39 10
19 73
68 15
82 9
100 12
32 85
51 77
73 9
59 22
14 98
72 11
57 17
40 19
36 40
32 72
8 37
18 99
50 32
64 19
89 59
65 100
31 36
72 8
14 28
19 39
80 74
57 80
73 2
58 22
77 17
5 10
42 23
87 84
46 87
27 100
79 18
82 60
17 73
55 84
35 57
94 34
48 56
57 41
74 8
54 63
77 38
28 47
89 58
36 82
19 85
71 18
84 74
77 19
16 4
99 59
30 19
84 68
27 24
90 9
70 5
50 11
85 92
75 57
45 4
79 31
85 98
84 65
23 60
37 8
29 80
73 60
43 21
5 97
41 44
38 52
59 27
50 73
62 56
68 62
47 34
48 39
7 66
29 61
68 19
56 44
68 30
43 77
67 66
7 89
30 98
2 100
22 92
24 18
36 57
3 29
13 77
47 50
85 80
7 92
62 57
50 54
52 82
57 67
63 89
66 70
62 37
96 50
27 5
50 91
59 62
97 17
63 10
23 59
38 72
70 83
94 32
43 34
94 34
74 8
32 41
67 94
88 92
50 70
19 64
46 47
13 71
23 10
66 77
21 84
18 26
85 9
12 25
24 69
7 45
78 19
36 48
83 100
89 19
12 63
100 16
22 64
96 49
90 60
17 14
15 53
45 56
12 70
88 72
50 100
13 100
43 71
45 81
99 32
10 18
3 31
4 37
53 65
72 14
82 64
19 20
27 55
33 21
64 24
14 70
55 49
65 26
32 27
68 42
12 24
96 41
68 3
5 31
69 18
38 35
2 57
81 36
56 25
5 76
59 80
97 76
43 56
70 66
57 74
47 61
34 23
41 44
34 6
2 60
35 73
63 81
15 45
72 24
92 15
45 56
86 61
92 85
1 100
96 51
77 83
69 33
29 23
2 11
28 60
41 99
64 62
87 43
2 72
20 42
70 17
72 38
31 22
75 19
5 27
72 96
38 19
6 65
26 27
3 100
54 74
94 64
15 23
48 67
46 14
60 25
21 68
92 54
49 100
65 4
6 84
62 100
87 15
21 16
68 3
2 65
41 86
29 86
80 12
94 41
16 85
80 73
98 41
20 90
81 78
98 18
85 100
82 43
68 65
87 95
39 100
47 12
82 78
42 40
1 8
45 44
26 17
40 2
40 52
94 48
13 94
40 68
67 39
72 40
60 67
35 43
27 40
7 90
80 100
62 86
2 92
70 54
97 6
70 15
92 96
32 98
84 5
90 12
65 85
72 90
70 46
94 40
42 97
4 33
15 24
62 32
29 58
24 82
98 31
73 17
85 27
22 18
13 17
64 24
67 21
99 52
93 65
31 87
52 75
79 67
60 79
19 36
28 87
93 38
82 99
21 90
36 39
82 91
50 59
66 49
80 36
77 12
13 99
59 96
17 3
84 32
67 5
75 92
64 38
55 73
62 70
8 17
9 61
35 84
85 36
15 11
14 84
59 35
17 58
95 9
37 63
15 11
45 95
89 27
23 49
100 37
42 58
79 95
38 21
77 79
77 21
72 58
11 38
18 8
29 75
10 19
52 100
77 85
53 40
35 44
65 12
32 54
29 96
87 90
82 16
94 84
33 44
8 84
74 7
69 33
53 32
49 3
38 27
45 74
