27 338
22 7
25 18
12 8
25 13
10 7
25 10
22 10
27 1
11 5
22 9
23 21
11 1
20 1
23 10
17 1
4 1
25 8
15 12
19 12
25 7
18 4
10 7
21 2
12 5
26 7
23 9
19 2
16 13
16 15
19 13
16 8
15 11
23 18
23 14
19 1
16 1
9 8
23 11
19 6
20 2
24 21
12 3
12 3
15 9
11 3
24 10
21 2
15 11
22 18
13 10
24 5
18 12
26 12
27 13
19 1
15 12
20 16
18 5
16 2
15 2
24 18
16 9
25 7
27 5
13 7
16 3
10 7
12 6
21 6
26 14
20 11
18 6
25 9
20 8
20 18
18 7
10 2
19 11
27 12
27 8
24 5
15 5
6 3
21 20
25 9
20 10
21 8
12 7
23 4
16 11
24 10
16 2
27 16
16 4
15 12
16 2
26 4
23 18
25 23
16 12
24 3
23 1
25 11
18 13
3 1
27 14
22 19
12 6
22 15
22 18
6 2
17 4
6 4
24 10
20 7
12 5
24 8
13 3
8 5
11 1
27 21
11 2
12 6
23 22
20 1
22 6
11 4
12 11
26 1
23 8
25 19
23 13
24 4
26 7
23 1
21 4
26 10
13 5
14 5
25 15
10 1
7 3
8 5
21 2
15 13
24 16
16 14
11 5
6 5
23 14
16 2
16 15
7 5
15 1
25 18
26 23
20 2
25 2
25 4
14 9
19 5
25 15
4 3
24 9
12 6
24 4
16 11
9 8
25 14
18 8
15 12
23 12
17 7
23 13
25 20
24 14
27 10
20 15
22 19
16 11
9 6
26 22
23 17
22 12
16 5
25 18
27 8
24 11
21 6
5 4
22 10
15 4
22 1
17 12
15 11
13 6
25 18
22 19
25 18
23 19
8 2
19 12
10 9
25 3
7 3
5 3
9 6
13 5
12 7
13 9
22 12
8 6
12 6
12 6
24 18
23 7
7 3
8 7
17 2
25 9
24 13
10 6
26 10
22 15
22 15
25 23
22 17
15 4
18 17
13 7
14 8
21 9
9 1
25 14
15 13
6 3
24 7
21 12
4 1
17 10
20 18
12 6
15 10
24 2
8 5
15 3
25 1
9 6
24 3
25 1
11 2
22 5
24 8
14 6
13 4
27 19
25 15
20 1
9 3
27 10
10 3
21 18
19 5
27 17
19 11
24 9
25 8
27 10
20 12
22 3
16 4
22 9
22 8
14 11
6 3
20 11
27 15
26 11
22 8
18 7
10 9
23 6
13 3
17 4
23 21
19 15
26 17
20 11
21 11
25 15
27 21
20 18
27 3
14 8
22 19
16 3
17 12
20 18
25 9
17 15
15 9
16 11
12 5
17 14
20 13
13 1
11 2
26 21
17 6
26 2
22 9
26 5
9 8
16 8
22 11
21 19
11 2
24 23
24 4
26 14
24 17
25 4
25 5
16 11
8 3
16 1
6 5
12 5
24 15
19 5
11 8
16 13
16 7
19 16
27 11
26 1
10 6
15 7
