86 124
78 11
82 74
66 19
78 23
53 29
84 2
55 4
67 1
40 26
52 32
69 22
27 15
72 55
73 7
50 8
83 56
76 16
83 54
34 12
18 6
51 34
77 40
53 8
60 20
30 2
45 30
84 29
50 36
82 79
56 42
83 82
44 31
75 14
86 50
75 14
54 31
42 22
61 30
80 43
69 17
75 47
80 55
81 34
63 57
53 50
78 50
67 19
18 3
45 32
82 18
29 6
47 43
44 19
32 17
16 13
85 33
50 2
20 9
18 13
84 79
79 67
31 15
83 52
63 23
15 13
54 44
26 21
73 29
70 2
64 8
83 25
81 19
71 37
59 47
9 7
73 10
51 16
80 6
77 16
80 58
45 20
35 5
28 6
58 25
78 53
74 10
65 36
71 4
59 8
46 8
71 39
56 1
30 13
39 2
60 54
42 19
82 59
62 10
37 18
58 1
50 39
29 5
73 60
54 17
86 9
59 25
70 49
69 53
57 34
74 36
86 5
63 45
82 41
46 33
18 14
29 1
73 44
18 17
43 23
76 70
45 2
79 24
70 46
8 3
