87 351
84 73
71 45
78 2
23 3
36 26
35 13
75 14
73 15
25 19
84 29
40 9
84 19
38 30
57 34
73 16
44 8
78 24
72 20
38 25
47 7
56 42
85 47
69 52
37 22
67 17
31 20
33 7
73 7
8 3
70 67
86 7
61 21
39 6
74 56
58 57
47 7
76 56
53 30
87 29
82 61
78 22
33 15
52 43
29 16
81 56
78 64
80 74
56 54
49 13
65 10
15 11
75 38
63 37
48 1
25 15
54 40
51 42
86 54
60 52
60 12
64 10
34 4
62 48
71 4
83 6
11 10
74 26
70 47
78 7
46 22
84 60
60 58
38 18
84 65
73 18
71 26
87 9
46 17
73 66
68 39
69 22
87 81
70 2
81 16
82 29
83 36
83 27
43 38
57 23
60 38
64 37
64 32
76 12
55 49
73 42
74 49
28 23
84 50
60 20
57 10
83 53
41 15
32 23
73 68
16 2
50 33
85 67
65 34
41 29
29 12
67 5
55 33
7 3
74 32
60 12
56 42
84 8
58 25
15 2
67 14
69 54
75 56
81 9
58 27
50 1
46 25
84 75
74 48
51 34
14 6
40 25
70 60
54 31
85 82
27 3
33 14
75 23
13 7
82 54
24 15
62 10
86 10
16 4
64 33
43 39
23 22
54 25
26 23
69 57
56 5
65 39
22 14
71 26
36 30
30 13
75 53
72 46
53 15
80 62
81 56
56 19
78 47
51 48
80 13
82 19
47 33
77 46
72 51
62 61
40 29
73 21
77 75
66 30
80 1
70 41
62 35
67 33
53 13
59 11
55 23
86 34
72 39
85 53
85 9
68 1
69 68
57 22
56 38
53 49
35 16
74 10
86 44
47 34
70 17
77 64
86 57
40 18
48 18
87 82
85 35
67 13
68 60
63 37
78 44
49 9
86 23
84 58
66 35
83 77
53 13
31 18
75 16
61 7
65 51
80 35
29 2
22 21
87 79
27 26
62 16
86 32
35 32
65 27
29 8
70 47
34 8
86 63
62 37
59 9
10 4
56 15
34 4
10 7
31 23
49 39
39 24
70 20
49 8
83 73
56 10
67 5
58 42
81 31
12 1
66 54
43 13
75 27
84 2
78 72
42 23
62 1
46 26
82 28
32 29
60 56
80 16
52 36
64 37
46 39
21 20
15 8
47 43
22 17
84 41
84 7
51 49
76 39
80 70
81 9
82 7
29 14
79 21
39 35
27 21
66 30
73 17
65 2
49 3
71 43
84 50
83 16
73 41
37 24
69 47
47 9
31 28
21 14
66 62
50 13
85 21
87 70
28 15
62 24
74 16
80 79
41 5
29 13
72 15
64 6
77 46
87 74
71 31
49 10
47 31
75 72
83 68
45 18
71 4
79 23
67 57
78 36
69 37
11 6
84 11
78 22
66 31
84 49
44 41
58 26
72 50
54 24
47 38
49 42
36 23
51 10
63 24
79 48
62 61
75 44
76 56
31 27
37 26
66 30
75 21
47 15
56 23
63 61
43 33
69 52
69 58
67 23
75 11
47 43
76 15
70 14
74 32
80 1
37 21
62 26
84 26
18 5
