10
452063361509607941 735898733674168788 197570972334927794
551909331758383712 659238619963946186 379761641542827643
780052331179354969 981581619470545345 30397008149716159
560245176604345665 964958963809848845 75167696927409238
577172550514765930 806088644867608604 70507579200350135
18957986940088868 242012407751995048 12481408968204134
259225311996652616 581202620825604240 179520663930649353
263932032937687096 484630623015666295 39261137241990636
394136874190523350 474476550210785588 280315443765081924
39660919531766580 849261841652969886 6295096294969108
