9
652717382350588519 935068537542307949 179765548905544076
55596789463787932 876448424496621059 37455922537274411
115450365284164969 397985231145301465 104830808903773173
373399709071407982 407480623472358590 137232388966015229
214610154711409488 229913101951315113 73771559864113683
104220826179111764 578457609300181945 29327614438954720
228049088163997877 362678356803877899 80954360672124535
259450618207406152 838920972514673498 236309720550590851
191483083805641503 210513628885239222 34961973292530124
