9
240912355946209948 843012272206921189 55323625486241722
60229412781627376 423620955261004595 41584410822710997
173373165419848975 707742561582497738 71936970674612383
70436035272833370 852656718269011869 65240455251912431
127218274779025801 965231457914278337 57603742208634007
302579232242893742 997932293620734453 235862893054780567
505838573142047437 625249600338733410 379649910025285668
14701346864385664 790946622153086611 4372899283649579
22993512476072230 583718398312939738 14653102453701930
