10
752029836535650126 851163807353097797 114602841469770023
774684311636578140 840460601223341099 338803164640829739
562587800012561497 901540658862246273 21826223782015014
89765655286359457 991764959283274069 10980142770017558
750403452483691184 764227804501439039 455645193925734487
254682739731415654 472507681635216596 21727487740286606
470986247552135964 691556399314215938 27040054698911119
924452624037412562 925777961412558119 827464766950248203
779611435628987483 821888658805132464 470026605075766737
182421535460412669 185097370837839267 120760918588341442
