17 640
11 16 1914610
13 16 1572139
2 15 827721
13 9 538973
10 7 276395
13 11 980106
12 4 2648292
6 9 1718159
8 16 1947630
12 2 1064551
14 6 779991
14 8 2009775
3 17 416167
15 13 1966578
7 1 1304935
1 5 1739427
3 9 929370
11 12 786925
8 6 2317816
12 14 1047538
15 11 536637
16 8 1864996
12 2 1206323
5 9 1935467
13 11 2450315
17 14 781544
10 12 1411471
17 4 1019920
2 16 1724776
6 9 927071
11 3 1804614
2 13 204304
3 17 1190531
10 16 387506
13 4 285570
2 8 1254348
4 13 2075763
12 9 702910
8 10 2080541
10 6 2690858
11 10 880922
1 4 2824063
6 7 549667
9 1 1013310
15 13 2097556
3 16 983611
6 15 2077954
2 16 2690632
14 5 1155629
12 1 2688458
13 5 412231
12 15 2782337
17 12 1093511
3 11 2665555
2 5 950795
8 15 1411182
16 14 905023
11 7 129887
7 16 821478
1 6 141627
12 5 255782
3 7 1888932
17 1 391032
16 1 1047712
17 15 948541
3 16 60198
4 1 2026457
14 3 2548378
16 9 695692
7 14 438967
1 17 1594798
5 1 1145694
10 11 514157
4 11 2430672
6 7 2135916
15 1 2235426
15 2 559453
7 4 215989
15 8 2499428
7 14 1219355
11 12 770753
5 1 747835
13 7 721298
6 13 1892405
16 5 1506707
13 16 1116640
2 14 940117
13 12 576993
16 11 765274
16 14 2666404
17 7 1696741
8 17 1749197
7 4 1471991
11 7 2409245
14 4 317197
10 6 830252
5 2 1356396
13 3 462641
8 12 2271353
14 5 1666427
8 5 362245
3 11 1161327
11 17 482840
6 11 1267388
5 11 1732947
11 8 601569
6 11 996040
4 12 269257
6 4 2262621
13 16 830931
15 17 867072
15 10 2465317
9 14 1532801
15 6 2565336
1 5 2017927
9 15 541963
8 4 2683978
1 15 1273720
8 5 1430482
15 5 1890594
11 9 72173
4 6 2900420
8 5 1819916
11 6 2745168
14 1 64607
5 9 1648456
13 2 1833136
9 15 1106937
10 2 428531
1 5 22263
15 14 2312137
4 8 689561
7 5 727799
8 14 1025950
12 1 619143
17 14 1913351
14 9 994562
12 15 2257390
13 11 1672862
5 8 2522119
3 7 186119
7 9 2274683
3 17 496315
3 6 2282163
17 5 2408474
9 13 1855598
17 7 931391
11 8 2168745
14 16 873662
11 3 2491152
17 11 1056876
6 10 2807406
4 3 914056
17 14 751229
1 10 1744843
14 15 1458303
2 14 1052919
3 8 2137956
4 8 1001654
6 8 2204346
11 16 461779
1 10 2720457
13 16 1791201
1 2 2148808
10 7 1854985
14 9 2247111
10 9 1727458
1 9 43392
4 7 979357
14 11 396802
12 7 2587387
12 9 2105521
13 12 1387244
14 9 2536871
10 9 2385464
2 4 508229
11 8 481787
16 14 796763
9 6 2920673
5 11 665945
13 2 2899150
4 1 1963908
3 7 319476
1 7 996020
16 10 2185133
1 6 2407578
1 8 1628329
7 13 1769001
4 9 2767470
11 14 508817
11 17 2945725
14 4 2157018
12 1 2650679
7 12 164464
15 11 1051162
17 14 537577
14 3 2021425
17 9 1464879
11 5 547618
16 17 1436013
8 4 2628317
17 3 786349
3 15 2710751
8 1 625464
8 17 265890
9 10 1619064
1 8 747658
6 8 2870095
8 13 1942555
11 9 277973
7 5 2459189
11 9 1644398
2 10 2305164
1 14 2316062
10 16 1958544
16 2 764983
15 13 1124860
17 12 2450044
9 4 271517
2 7 1277125
12 5 69657
5 1 2678101
11 17 961909
6 1 378110
8 17 2299820
5 2 2712710
3 5 1318345
5 9 1100664
14 17 2790212
8 12 1763197
6 3 1780641
6 10 2585739
2 4 875970
3 12 2005772
6 3 862400
5 3 1998522
4 3 798430
5 17 1932999
16 12 2949816
2 14 366450
14 8 898206
2 11 1691304
7 13 2587279
17 10 1194883
17 10 1342030
9 2 1967354
5 13 19636
8 5 2810964
2 14 809792
10 2 2478896
3 10 1278940
9 2 2124166
17 13 2361650
17 6 2043904
9 15 803790
5 7 114317
3 17 661981
13 3 1870027
15 16 1841445
10 17 1282786
4 16 2740428
14 10 287372
8 13 949026
11 1 1751023
8 10 179929
13 4 2503220
7 2 1554104
7 12 1803237
12 9 159298
14 15 1188893
4 13 2791918
6 15 1133915
17 8 2471385
2 17 1640138
2 5 2146742
5 9 2024142
3 11 1257771
1 13 1275602
8 13 56937
5 10 1048080
5 2 46601
14 2 2061135
2 8 2200290
5 16 1706003
15 16 912206
13 9 2430487
17 7 1460902
15 7 2833465
15 14 218681
10 2 2895812
5 12 2178918
14 12 92695
7 15 2055924
11 6 2417287
9 5 2677176
4 2 2787275
14 17 1383713
9 8 2907668
10 4 2286608
3 17 1813707
5 11 698424
10 17 2526833
13 2 2705049
2 9 460675
17 15 1717451
13 12 1328650
11 14 888573
10 4 1235362
10 7 535194
11 15 2653019
2 8 2463400
8 2 1515233
16 14 43645
11 7 1336784
4 5 1510142
4 1 2346143
8 17 813197
9 11 279286
7 11 2270750
13 12 2755120
3 7 1337383
13 17 1338133
6 7 2837356
9 6 1281558
7 10 718800
10 2 617453
15 1 2020167
3 9 2464557
10 8 1700064
11 16 915516
10 15 782847
10 2 663194
17 5 913900
8 4 2719371
15 12 2949115
5 3 107627
17 4 1283196
5 3 2739558
17 2 33573
11 16 2140053
3 7 2996238
14 12 2390172
14 5 958739
1 5 1642813
7 10 936193
6 9 42613
5 4 2121358
9 13 2251082
13 1 204823
5 12 2196923
15 5 196058
2 4 1617001
14 15 2489258
10 1 693658
16 13 2186431
1 13 2138065
6 16 798786
10 16 337059
16 14 749664
2 5 2953345
6 10 297794
13 1 73227
2 6 223701
7 14 1830234
8 2 2784665
13 14 2650077
4 16 75835
12 10 1961496
12 16 597021
17 12 2143468
10 15 1593208
5 13 208914
13 2 2849402
5 7 762027
13 2 729419
7 4 2474335
7 3 1278230
8 3 321154
16 10 525019
13 12 98017
1 11 1706723
17 15 2700632
3 16 1935082
2 8 1545919
4 5 1711267
5 16 2694032
13 4 243377
1 14 362607
16 1 1038827
13 3 1229656
1 14 673359
16 6 2932075
15 11 516294
6 13 2917741
11 15 1181992
10 14 762085
17 6 46386
2 14 859244
1 12 2482237
2 16 2392151
16 17 1239555
11 2 2577116
15 12 1914793
4 10 402238
1 11 2084220
4 6 878371
3 8 2834354
7 10 947193
9 3 1484317
8 1 469778
2 16 93647
5 7 2035688
11 6 2134395
17 1 2987953
14 2 2749319
2 7 2820673
10 16 734144
12 10 1096635
11 2 2803984
16 6 2906267
17 2 2568865
4 8 1950813
10 1 916978
10 1 726018
10 2 947900
15 17 1850981
17 3 1022346
13 5 1787359
5 6 109270
14 13 2665811
1 17 2168366
6 8 2974901
15 1 2824819
6 17 393628
7 16 2996268
2 6 775430
3 8 1994559
3 11 1369718
6 1 1944573
16 6 2829063
2 11 1492822
17 2 1832546
5 13 1158358
17 11 150231
16 17 278397
5 1 1055816
7 3 2826823
13 9 8110
11 7 2564786
13 9 1076672
7 9 1869433
8 12 2596547
17 16 1042393
6 10 191784
10 1 1197654
2 7 649910
11 2 515444
12 1 2946052
2 9 2563490
9 5 2139188
17 3 2021147
17 7 1752511
17 1 1066607
6 9 2623378
13 8 648234
7 6 78222
14 9 1898075
9 2 527143
10 4 2249707
1 17 1849572
17 7 1259966
15 1 1615824
7 17 204705
12 8 184841
15 7 187969
3 16 339556
6 7 2359877
5 15 2949650
6 3 2982481
4 2 2937159
7 17 410876
9 4 363868
15 4 535844
2 10 1423199
2 11 2510871
4 8 1876507
6 2 1414968
17 4 308829
2 1 1073341
4 5 814926
15 3 2306635
6 13 1731737
12 14 264360
5 16 2042158
13 3 422560
14 7 114406
10 11 1435936
11 8 1262395
16 1 96766
12 11 646049
5 17 138193
7 1 2373252
1 4 2876525
17 4 347034
5 2 713326
4 10 2466961
5 7 1643754
8 2 2747339
2 1 1131585
4 5 2088917
16 15 1728639
3 7 2693646
5 11 216928
4 12 1467650
11 14 1982807
3 11 1470469
4 16 634536
8 14 1551614
16 11 1735762
5 14 28367
17 14 2343079
1 6 567086
9 11 1829378
3 16 1072092
2 17 1757603
15 1 950875
1 5 1832673
11 7 2121975
10 3 888302
17 2 2671787
2 8 2066976
10 7 1985875
2 17 1055514
14 4 1485819
9 8 1745333
15 3 1593391
14 17 1449715
15 9 309260
2 5 791741
1 12 1809044
7 9 1646127
15 9 1833624
4 8 2966419
3 2 2645287
13 17 1814086
7 12 944161
10 14 1144367
16 10 2179432
2 16 2063754
11 10 1310368
15 11 2180817
1 9 2982613
12 14 2826750
7 16 2305014
17 11 1900757
11 14 2754110
1 7 1937412
11 9 2109057
11 7 1604352
1 2 182964
15 7 236170
15 5 1184793
7 5 1650230
17 9 390641
11 9 2250202
12 4 2458980
5 11 308946
6 14 1431805
5 3 935337
13 17 2448064
6 10 2169064
13 2 475708
5 10 2778032
6 2 511888
16 1 1249957
2 15 233284
16 14 2985104
8 14 1647713
11 8 2016475
11 10 1197834
17 3 2740258
13 17 2930347
8 10 2489291
9 12 2072594
6 4 856703
7 4 2901499
15 1 557449
7 9 494939
10 17 1941170
10 8 982664
6 17 458489
3 10 2538666
5 11 2497357
1 5 1011577
17 9 57038
2 10 586917
3 4 531655
16 4 1741754
5 8 649414
17 16 723549
11 10 90871
6 15 1766891
12 3 1514335
10 11 2066116
13 4 2118529
16 4 203659
6 3 2198345
7 3 435725
5 7 292373
12 10 1942624
6 7 833962
16 5 2278772
9 4 309407
13 11 2876976
6 5 1211533
1 2 444301
2 13 1698386
15 8 2508957
15 17 231858
11 10 1959466
16 11 2580343
16 12 1099901
14 4 2703334
3 5 2138312
16 11 2748893
7 15 2612581
13 8 525092
7 8 2266292
7 15 1914661
1 9 1638159
9 11 144833
7 13 928402
10 13 2787718
3 1 2251430
1 7 256036
2 17 1235248
5 1 2118036
13 4 1650754
16 13 906952
10 13 694249
