17 969
1 2 206774
2 12 2193939
1 9 742296
3 2 2073398
6 12 1915299
10 12 2926538
12 2 1214202
8 15 2185634
7 14 1152653
14 13 931990
7 5 1352276
9 7 1882402
11 7 703678
9 7 1262661
1 10 1781815
12 9 863578
10 5 658788
13 8 2865540
6 17 1298913
14 6 2860311
1 9 2406463
16 1 1006327
15 8 1038623
16 14 2581892
1 4 2542477
16 7 1281401
16 17 789725
6 7 1052949
16 15 2355463
3 10 961788
7 17 1982454
4 7 2497182
17 13 1002077
10 5 1127974
1 13 2642023
17 7 2532389
16 9 548829
11 2 2034856
12 6 1824248
2 5 2049022
10 16 2096735
3 4 1115994
14 17 1899621
4 12 2563070
7 4 179687
6 13 849091
1 2 1744587
13 17 2363290
1 6 1043393
16 10 535694
17 7 1253784
14 1 2215543
6 3 2819874
5 2 833663
5 15 324491
2 17 349145
12 10 614480
4 5 791411
15 16 524355
5 13 623689
6 11 1506707
3 17 704531
5 11 107067
3 17 2975769
8 6 2120040
6 2 145452
4 6 2165034
6 3 194654
10 8 1418640
17 2 661900
1 12 794615
17 7 991959
8 5 799491
10 12 1824670
10 7 2354667
14 11 2450617
6 5 1940669
10 8 2369264
12 7 591931
17 8 1141209
3 15 1081136
8 9 2077101
15 5 2579339
1 5 2193936
2 4 1586514
8 2 231970
15 1 504154
7 11 378102
16 8 1545907
5 12 93099
11 8 2906590
15 7 1745975
9 14 136105
8 10 2075655
1 8 2389982
11 3 492788
5 16 2355087
7 2 1156486
13 5 1884326
12 5 2500988
17 10 1621431
15 6 2280023
2 12 993922
9 13 1606861
17 2 287380
7 11 651398
17 2 982489
5 4 1674471
15 17 1312749
11 14 1523506
16 17 1385126
17 8 2875640
17 6 1192305
3 16 1786346
2 8 512472
13 5 199262
5 9 2046406
2 8 221463
4 15 808784
12 6 1849853
11 8 306844
5 15 975450
10 7 149488
2 10 2232579
17 8 1707101
4 12 2721023
16 3 1072964
2 16 2569368
7 15 2198830
12 8 1299248
8 12 1829229
8 17 1236770
4 11 1367270
12 9 2522102
17 7 304827
2 11 1344526
7 12 2532584
4 13 973675
1 17 1226858
9 2 632957
4 1 706744
8 15 1037623
9 14 1624155
1 4 764504
16 5 2608595
17 4 119398
4 16 1392756
11 2 960134
9 5 2482241
14 13 999537
5 7 388004
3 11 1504277
5 9 69333
5 10 2295407
4 2 2733171
4 14 2228045
7 2 1408327
13 14 181506
7 1 2483850
6 1 1497262
16 15 1942371
3 9 2395356
9 11 84658
5 14 320301
4 1 2036212
5 16 2244515
17 11 1834380
2 14 2329361
16 7 2851484
1 12 2264933
7 6 1327658
2 1 1823759
1 3 2173499
6 14 2348511
2 17 1902435
2 13 1608913
17 11 703388
8 17 1635081
13 11 766157
5 13 1641944
17 1 2707733
12 11 1102499
1 10 1422731
7 1 2607481
8 1 2943282
13 11 782695
8 14 353682
1 9 158109
10 8 2580264
12 7 377722
1 17 1874168
6 5 2921801
3 2 478151
6 1 199953
14 12 1174496
1 10 2402579
5 4 2413483
13 7 2854113
8 11 126346
4 9 2163054
17 3 2246908
7 14 2495395
16 11 1624764
2 13 2002494
10 14 771728
10 13 1357998
3 7 1987825
1 6 2159457
16 7 412030
2 6 2983047
4 2 1680089
7 6 402247
4 2 291216
15 7 69690
14 5 1596481
1 13 1659494
4 6 2443341
11 8 412270
3 14 1893271
5 9 2355721
16 6 589657
8 9 2704848
7 1 1975202
12 3 78198
15 2 2477717
3 2 56968
12 15 562892
1 15 2966903
7 8 2691295
17 7 1841013
11 16 607416
14 1 2896773
17 14 2120780
11 12 2834271
4 8 694744
3 16 2518657
11 6 2618958
16 5 536026
9 15 1047163
5 12 2902622
3 4 1981189
8 11 2870631
14 16 1132713
9 10 2935089
12 9 114639
11 5 12296
3 12 2194789
15 6 1153925
2 7 1828338
12 15 1429323
11 14 2626748
17 12 2585756
13 15 2162489
12 7 1331220
12 16 2133568
8 9 640647
7 4 2230182
10 3 1478037
10 15 911647
1 16 554262
13 1 2249301
5 11 1193700
12 8 1030653
16 11 2256593
6 2 480287
7 17 2276298
16 3 423209
7 12 468481
8 1 2637651
17 11 364847
11 8 556542
8 11 2293221
3 17 1964831
2 5 2554525
8 5 2058047
14 6 1753463
3 5 1762348
6 8 262062
7 16 1679441
8 4 76115
17 6 2208227
16 5 2149901
16 3 1835345
3 8 2017979
7 14 667300
12 1 1930352
5 1 664860
12 11 1909824
3 7 2643882
10 9 2913043
17 4 168689
6 12 912429
6 2 2415068
7 9 356679
6 2 1680558
7 15 1695092
2 4 2566682
16 15 899423
5 9 294530
8 4 1046330
4 7 2114734
17 6 1459414
1 9 866385
1 9 2703973
11 13 671665
1 4 508678
12 3 690626
6 9 2636034
15 5 1509623
4 13 1988887
7 14 2331761
14 1 2058769
2 8 1366754
4 13 2907867
12 10 2356287
17 3 416427
13 12 2422544
16 5 282755
12 17 239425
6 14 535945
12 4 1328343
16 5 2970510
3 12 1937294
6 5 482014
7 11 402564
5 7 77920
10 5 2813107
14 5 2706463
14 1 783834
5 11 1452531
2 5 1773767
4 11 540209
9 5 2253403
3 5 2707767
5 17 2800608
5 17 66638
11 10 428546
1 13 2289396
13 1 1283454
9 15 2353274
7 15 1194833
5 16 1611622
4 11 2522306
13 10 1756504
2 9 1412118
16 10 1456606
4 3 2372177
12 17 1977182
7 8 98009
14 11 399743
7 12 2300805
2 8 2528891
14 2 1299440
2 6 2779585
11 15 538859
3 7 1169768
12 15 2247519
7 8 2360983
17 14 2057636
2 13 1846420
11 5 329446
10 3 340268
2 13 2647501
12 2 1969497
9 14 2840764
10 3 2597021
16 3 2351319
6 13 1575941
13 3 2716586
7 5 401616
1 6 2824816
15 1 550838
12 2 343619
12 7 451311
4 9 2224562
2 4 1847519
13 1 235725
3 15 2167082
14 4 1106615
11 8 355129
4 3 749429
11 6 2341065
13 8 1498601
17 13 2421016
5 1 267799
11 5 1017198
10 11 2709802
4 8 2263131
9 17 2697662
5 4 1328703
3 11 1167893
16 5 1147673
15 17 2136854
10 16 2369554
8 1 1204368
1 11 1878722
8 12 1778387
7 12 59652
8 16 2169717
9 6 2610861
14 9 2727633
11 3 1801745
4 8 2224382
13 14 194542
3 16 1545635
5 4 2671125
2 4 931082
4 5 2852011
11 6 1344230
9 10 948296
17 6 746704
15 3 762408
4 8 729277
1 11 2518362
10 2 1481132
5 16 2786842
3 17 1141118
8 11 980006
11 6 313250
6 15 2821473
16 11 2009437
7 8 237832
17 1 1075696
17 10 2705349
16 13 2136885
2 6 1533369
8 12 825444
7 13 1207989
9 16 2768976
8 6 2935833
17 11 57759
6 4 327123
17 8 1265272
5 12 198783
8 12 2774007
12 17 2166821
5 16 2993
8 3 521067
15 13 1318683
16 5 2769267
1 9 182099
5 10 1665655
4 13 1392408
9 16 2097967
4 3 2472659
14 1 2161835
13 15 608282
8 4 2936012
8 9 1882780
17 9 1940185
12 1 570239
15 9 1319834
2 6 1324540
3 8 961975
10 9 2317422
15 11 294384
13 3 450365
5 3 1804049
4 16 2874398
15 9 1773054
7 16 1776353
9 10 1229440
11 12 1932082
15 2 327235
4 8 996669
4 3 443740
10 8 1398743
4 16 2540799
10 7 2315078
7 14 2780710
12 17 1982391
13 2 1851002
12 6 65496
14 10 2370514
17 7 697658
2 1 1551185
17 11 249676
10 12 434066
17 7 1805644
7 17 1294768
11 4 715897
16 12 2004205
9 4 2989636
2 3 1154550
14 6 1817158
3 11 2172560
2 6 323844
14 6 2287997
5 12 261060
12 11 841971
10 7 809795
9 14 1246514
17 7 591965
7 17 166596
13 15 1729743
16 10 696528
5 6 1372113
11 16 249508
4 15 2481591
16 8 1703044
17 10 422037
8 1 2221336
13 3 1350731
7 5 1510859
16 4 1965465
3 16 653279
14 15 285068
10 1 2376129
10 5 1110737
10 5 2857201
13 4 1700114
14 10 1534046
12 7 1303197
7 3 410252
11 2 2588783
7 17 2955478
16 1 2084462
4 17 334006
1 12 550799
10 7 2481499
11 13 1592918
6 14 285986
11 10 685610
7 1 1771517
16 6 1203731
13 3 1163714
16 11 1122414
17 7 861656
4 8 207557
1 11 2766375
3 9 1870012
7 15 1299782
10 17 2292546
1 5 2099139
2 14 1111154
13 12 1100626
8 2 44645
15 12 1175447
15 12 646486
5 2 2303085
17 2 484983
1 6 2877206
5 9 729100
12 6 2637732
13 16 118655
15 6 1293384
10 17 2488980
11 12 1652013
10 3 1038009
12 10 2828459
9 14 1705063
15 13 570465
10 11 1205691
6 10 1131341
16 2 858987
11 9 1105622
12 14 2618770
14 13 2337367
9 11 1558903
7 10 557394
7 14 408743
16 14 1691782
15 12 884767
4 17 879212
7 8 2678901
10 15 1049931
9 2 1379904
7 17 2322359
2 9 2134914
15 7 2192307
16 11 1501522
8 3 2890036
1 17 2341859
14 11 2258715
11 14 1292252
17 15 48818
10 8 1364213
10 11 1178129
16 13 2101361
14 13 1149054
10 3 20448
8 1 1900873
2 14 857763
10 12 2506359
16 12 1643886
5 4 111632
12 2 1998229
2 9 1401411
15 16 271803
13 7 2273182
16 7 1995356
4 13 671408
16 6 2697033
10 4 1856981
5 10 2565733
5 13 2301931
1 7 2488044
16 17 2434121
7 3 1209159
6 13 2444837
16 7 2022060
3 5 382629
17 16 2521032
17 4 1225131
11 14 708532
17 12 403189
1 12 2762333
11 15 2087823
1 7 575649
11 14 1826153
13 7 1563030
14 1 200570
9 11 659194
8 6 1567291
12 14 1244812
6 8 775210
1 4 914513
7 10 1094595
5 8 1157609
1 11 855657
6 12 2244103
8 16 1916747
8 13 648422
16 11 119231
9 17 2216019
13 8 1144140
7 10 1408462
8 13 1658868
5 11 1959985
9 1 2116874
12 8 1363014
16 6 2214707
11 7 1086336
13 7 1242807
15 8 1967678
11 8 207031
15 16 366052
11 7 168794
6 4 129444
7 3 1959295
1 16 1891613
2 11 2210915
3 8 529082
9 13 2768962
10 13 143764
4 2 2905405
3 1 2881440
12 6 48283
3 7 1319006
13 15 1221971
4 9 665172
11 16 1889322
11 13 1475934
10 11 650647
4 6 2364447
2 16 2162062
11 13 114482
9 11 105289
10 13 826963
3 2 1911926
12 7 1115133
11 7 1727394
15 9 2965072
14 2 1702272
10 4 518173
2 5 422818
6 1 560140
1 6 17224
6 2 2129178
12 9 342543
13 2 340872
3 12 42885
14 5 980151
8 15 2835061
15 8 1395421
16 14 450546
4 15 155214
6 9 1632531
13 8 1109506
3 17 2749032
9 12 2053410
7 16 975238
12 8 1909519
13 17 2026202
12 7 1205838
12 7 2910688
10 1 2884620
11 1 906199
13 9 2570375
3 9 2820471
13 15 855264
9 5 1670190
8 4 1092822
13 15 2545908
9 13 2285970
4 3 958960
12 13 430981
2 13 2454385
7 11 1805305
5 7 1945762
5 17 1493191
3 4 1308386
11 10 1012432
12 4 2220110
7 9 911731
14 6 780778
8 14 1808074
17 4 1426930
17 5 1195187
9 7 1265571
6 14 253743
2 14 2485743
14 4 1472070
8 10 1058538
14 4 2030763
13 3 2592132
10 12 2421718
1 12 2093111
2 7 100626
11 13 1250733
3 13 2688509
15 10 276121
17 5 2951652
14 17 2681035
3 1 953324
7 6 1799123
16 15 1263049
4 12 139522
13 3 506043
6 16 2960099
2 7 1844387
15 2 665968
2 7 572410
13 3 1780718
2 8 524272
9 7 671940
1 15 2733656
4 13 1912180
13 16 359716
6 17 835546
15 2 1259622
7 15 702790
15 2 550316
4 8 856527
3 13 11889
6 1 748385
9 3 545591
11 12 967775
15 8 1514347
11 6 2707310
5 8 2690892
5 12 2376178
6 15 1650214
8 5 989986
12 10 1685918
17 8 2260681
1 17 2690546
7 9 260590
2 13 2424637
7 14 2386814
6 8 491394
3 14 2988323
7 12 2451019
16 7 1474965
17 9 1518005
9 2 1019127
17 10 785160
12 11 38402
1 3 1987562
13 14 961118
9 13 2381911
8 7 2535203
5 7 2084067
13 5 1054976
6 4 2732032
15 14 447676
11 3 409336
13 12 2568506
7 17 688891
1 17 1817027
9 6 330498
8 14 807649
15 16 628488
8 13 688494
5 12 1809097
7 12 1549381
12 15 1980819
4 2 1910494
3 12 1386305
14 9 1743120
2 5 1831966
8 5 848744
3 11 1221901
9 16 1529843
15 7 1917472
14 7 469690
5 2 991522
14 5 2014848
15 12 355880
16 5 2672879
15 2 295498
5 13 2092345
5 9 1048796
9 5 753131
1 16 14197
5 14 489556
13 16 2787331
8 14 2532565
1 9 519625
15 12 1682340
3 13 1351148
13 16 1171142
4 2 2745563
1 7 2400392
12 2 2716140
11 4 1645225
13 6 2256525
11 13 2318959
7 13 1978281
5 9 1699874
16 5 1355149
6 15 2002277
6 17 1205426
16 8 2542745
11 17 1873160
2 17 1197730
9 15 1690377
10 13 2643669
5 14 339430
5 2 325440
3 5 2415688
15 10 577342
8 9 1304112
17 15 2992190
4 12 127248
8 17 2475980
17 15 2847238
14 12 324075
12 7 1937923
11 8 1263814
16 15 2370168
10 12 518123
4 2 1501229
17 16 2533526
16 4 1918438
9 5 381889
14 2 1923686
17 12 2625660
5 12 1387980
14 5 1243617
13 2 1767181
7 11 1214734
11 5 1366916
2 6 294747
1 11 591640
1 3 2682735
7 3 1963154
13 5 1426641
7 3 2632509
2 7 2675800
14 6 2699589
13 8 1629085
15 8 13958
4 3 2428871
13 5 1865514
11 8 1802224
17 11 1784687
9 15 2805292
4 13 672071
4 6 399732
3 7 1121392
1 17 9763
13 12 2354709
3 14 23905
16 3 2272371
15 7 305838
12 3 1298973
6 2 1692389
9 4 485755
11 7 313289
16 14 1989451
13 3 1101980
16 4 1808761
1 3 651778
13 17 2237335
2 4 870298
14 16 2422769
12 4 2865226
15 14 91207
3 9 1126510
8 11 473823
5 9 12391
5 16 2480763
3 12 659571
16 1 1336582
1 10 258167
13 1 2556026
11 13 616819
16 17 785050
17 9 625143
9 2 260524
11 6 820471
5 11 2889520
1 8 1392705
13 9 949235
11 1 548510
7 9 2697270
13 10 1193821
14 13 55061
13 12 1331373
4 12 967472
11 3 995546
13 12 604190
7 11 2367391
11 2 628310
13 16 674210
6 17 2000322
4 7 930111
10 15 2195728
14 17 877079
2 12 2694598
15 4 2606150
11 3 619229
2 3 1307277
4 1 947242
14 17 169565
5 12 2557591
15 6 1112428
11 7 2718888
13 11 128193
9 13 2054989
17 9 2869677
7 11 2666347
3 10 66592
7 15 905568
17 7 512688
12 4 1755641
5 14 162096
17 11 2001880
15 3 2128781
3 2 2783312
15 9 2054665
5 16 1181029
4 9 1037426
4 17 341211
3 1 1827582
15 14 2203972
1 4 2123330
13 9 1043473
8 4 1917992
11 4 1264853
9 10 1126176
11 10 2767891
2 3 2661100
17 10 2773517
2 12 2959699
16 4 2215449
2 5 47296
2 4 1021526
5 3 412378
17 5 123326
7 8 494688
17 13 2285360
2 4 2815064
4 8 2960171
9 3 1610386
17 1 1299100
1 7 1447760
12 1 1704411
