17 5328
13 11 2256218
2 14 2872375
10 15 293975
6 17 2130210
3 16 796020
12 14 2995386
16 13 956385
2 10 2924074
14 3 1357042
1 14 996300
10 1 1700440
17 6 1924474
13 4 906883
5 17 2792789
8 16 2881182
1 9 997983
17 9 62835
17 11 2980750
15 10 2681896
17 16 1419668
8 10 1306614
9 17 642351
14 12 2068110
4 16 741962
11 1 1796237
7 15 1002626
16 15 544024
2 14 257986
13 2 1009205
4 1 467342
5 2 2581981
2 11 2980353
2 14 232549
4 3 87613
13 12 1799117
2 12 1570380
17 10 758539
2 5 1760832
15 6 864597
1 16 1325829
11 13 9515
3 13 1710408
13 8 254659
16 11 794382
15 2 1240858
2 3 2996153
16 14 2201609
16 1 2936478
9 17 1860833
12 7 1193489
12 17 2040018
10 4 2843854
1 17 1833883
6 13 1545629
9 11 54873
3 11 2052866
11 1 2113569
11 15 2092607
4 6 2382584
7 16 1376940
7 11 239447
17 2 1754847
12 14 2513564
14 9 2606139
13 15 1444559
10 8 296036
15 14 2512267
12 3 1164661
2 5 209334
16 10 2472172
6 2 35060
9 12 2822486
6 12 1372193
5 3 1211293
15 2 2221782
16 17 910304
13 7 2567057
12 13 442359
10 8 1757079
5 10 758655
1 3 1951072
10 3 1486722
3 6 1086888
14 4 1271668
15 16 1568380
1 12 61410
13 3 2851683
9 4 282193
12 4 1925772
10 13 1421819
4 5 68557
3 6 1280319
4 13 220259
12 11 1646186
17 6 2414728
9 15 852471
9 2 1263110
9 13 404464
12 9 2094547
15 12 2261333
16 8 1077339
13 17 1327348
11 10 261913
6 11 1108484
11 12 1176571
8 10 41036
4 8 448875
15 6 1447667
16 17 716738
7 2 2195400
14 8 2989393
15 14 2293339
8 17 679743
16 11 2530551
9 14 230263
11 16 2599991
4 2 1703500
15 10 347195
8 7 271631
11 8 2489973
9 12 2872365
13 8 2269370
6 7 1802051
10 15 2865337
7 16 2683552
11 4 2643440
1 15 1588883
1 17 1582375
17 13 554053
2 12 2364570
2 12 2375231
1 5 663778
15 16 2830556
15 16 430531
11 8 2926615
3 10 2866105
4 10 73151
8 10 1681429
8 16 9108
6 7 2176444
17 6 480994
5 6 2892517
5 15 2077570
13 8 2268830
13 2 982402
5 6 1665319
17 10 2576136
7 13 199650
16 14 2601437
17 6 1048172
5 7 2470433
2 6 2687124
10 8 1123400
8 4 2375872
8 17 1972947
13 16 2915581
6 16 1103404
10 15 1346002
9 15 2489061
1 10 1149014
16 7 2966319
1 16 1111077
1 15 1650311
11 13 2592709
10 15 2972576
7 11 2681528
3 14 1744470
10 3 2898228
10 2 2177024
8 12 2692118
11 6 874458
16 11 1026179
16 11 2827965
1 5 2511280
3 15 964486
17 3 1287970
8 10 923800
13 14 1504354
14 15 2767268
16 4 1698923
2 15 746713
15 4 488251
14 11 1930690
12 3 2607883
15 5 607201
5 7 1847744
14 2 63794
15 17 404763
8 5 2798399
3 17 2756235
13 11 118902
8 3 2141775
5 14 2911711
15 4 1096506
14 4 1596888
14 3 98230
13 5 2146126
17 15 2185699
13 8 1147126
5 7 1288646
15 16 2226130
15 10 2498091
11 16 339665
14 2 587167
5 17 1927568
3 13 1377180
7 6 1919390
10 11 578592
3 12 1816454
11 12 2313498
2 5 2647931
13 1 2011366
16 13 1767080
14 12 2986043
13 14 589662
12 14 2298110
13 3 2835496
17 5 2059514
10 16 2468200
1 6 1090075
1 7 1979868
10 13 1559489
6 17 2167842
17 12 2703023
2 3 1184335
13 5 764593
16 3 557063
17 13 1365648
14 12 2994442
15 16 1071459
10 13 1325334
16 5 22397
16 14 2538
10 9 2923619
5 7 1175878
15 7 39851
17 1 1765826
15 11 433791
3 11 5213
2 13 75392
14 5 1705011
9 16 1164842
6 8 2368968
14 7 1654034
9 2 1283836
2 10 1981381
9 12 2006576
13 3 1185750
3 7 324673
9 2 1232947
13 17 2729781
5 9 2160270
14 3 429743
3 15 785748
11 9 392050
5 2 1964237
2 8 227554
12 2 1973972
13 1 2927059
10 6 530974
11 9 1606218
5 12 1785659
2 17 1770133
9 17 2429579
1 9 507803
9 17 240834
4 17 421354
7 11 373695
2 16 1598611
5 2 2860682
3 8 1672677
15 16 2570366
10 13 1919938
2 14 212630
13 1 611309
8 15 2824126
9 13 1105660
10 5 1185687
11 5 838142
15 5 1973890
8 1 1382288
7 17 1250061
10 17 1540883
11 8 2419914
9 4 2971811
8 13 802028
2 8 1460997
13 10 350171
11 3 1727326
3 8 1692753
14 5 987540
5 3 1858483
5 16 396131
1 7 2450160
11 8 27467
1 10 1476488
16 5 584020
4 15 2286487
6 8 1343162
8 9 227419
10 16 1598542
16 7 896013
11 14 1614737
17 2 268644
17 7 835806
3 1 2919165
3 1 126635
2 4 894585
11 13 599113
11 6 2720261
2 6 553637
3 10 763179
16 11 1199871
13 10 2611081
13 14 1403079
11 5 1357957
12 2 1668206
5 13 1712377
4 12 2887410
10 4 2866580
8 1 1648716
16 15 1018507
13 12 1204832
5 7 2074772
10 4 2594189
2 13 2657831
6 4 469862
6 15 2018467
8 15 2621826
16 2 2368288
2 3 802557
9 16 2747008
12 17 2246695
3 9 1533634
1 15 156408
3 12 998519
8 13 2683040
9 11 2104507
15 17 1527392
4 13 837128
15 7 2454314
15 10 2926958
14 8 2741943
7 3 2845688
16 9 153453
4 11 882224
6 7 104629
10 13 596579
8 14 2994916
4 7 2572205
11 8 835052
10 13 988565
10 4 1536490
3 5 2070962
10 6 1675166
15 17 2754820
12 11 2185814
6 12 907496
1 10 2521585
15 10 2175627
11 15 385889
5 3 2033991
10 7 1905099
10 13 1189612
9 7 668454
12 6 172764
7 8 817467
4 10 2667702
13 1 510453
5 7 2468496
5 4 660045
1 6 800910
4 17 1177629
7 11 342218
2 12 2082761
6 13 1934588
11 17 282468
4 2 554387
13 12 1845535
12 1 2707256
10 17 699156
13 3 2294756
3 2 2912594
12 5 2045407
13 8 2641914
2 17 2361590
17 9 513080
6 9 1927948
10 16 2964272
9 8 492633
7 4 820854
15 6 1149832
4 6 553615
9 6 323985
17 4 534304
11 4 2170789
15 5 153155
15 7 1809824
11 16 1824893
1 13 304906
11 10 460748
16 13 1543935
2 17 2127531
2 3 1714594
3 6 2493271
9 8 2726176
15 3 915261
7 4 1415365
7 17 1696709
16 8 1400052
1 16 1364617
1 17 894003
6 15 823490
3 2 1882468
7 8 2769273
9 7 2382873
9 3 1183197
15 8 585781
2 6 1432199
6 1 878081
8 4 378598
17 15 2126492
2 3 938314
16 10 2978453
16 10 2404665
1 10 810487
12 15 1948135
10 16 2853324
11 4 350737
2 3 2648175
11 2 2864245
15 11 1441262
2 13 372174
9 17 2051738
1 17 2770580
13 16 993460
5 3 2141387
10 2 390306
17 10 1994682
5 14 2243385
13 4 933955
11 1 1361770
7 13 500256
16 2 268417
14 17 2976388
7 13 1715112
17 16 1825194
15 4 2718849
11 7 2993075
9 14 1235289
9 16 2189657
3 14 2927605
13 14 929728
13 12 2623446
2 8 308307
15 6 1044847
1 7 2341319
4 2 29643
15 7 2844790
2 12 1733626
1 3 1575064
17 15 893628
10 9 2910902
3 4 423720
9 11 275666
12 3 2814829
11 4 27698
7 3 1851656
12 4 2613498
3 9 2228288
13 4 754106
7 10 706560
9 15 1396314
17 3 597442
15 3 2001620
16 13 1538910
5 10 2546777
16 9 2349337
3 17 588529
10 11 2199831
5 10 899985
7 2 575576
11 15 742959
7 11 107999
7 15 152487
5 2 93534
14 15 2768311
7 4 479199
6 7 1285100
7 15 890730
1 2 1028417
3 10 2151330
17 9 1081887
2 13 1478092
1 11 2029120
1 15 2306118
11 5 289285
8 2 822494
4 8 420769
10 11 2909592
9 3 415025
6 12 1213974
12 7 661523
16 10 24414
6 9 2314056
8 7 2685993
5 12 695623
15 12 1301382
12 11 76702
13 17 37800
13 7 2692700
6 9 438247
9 16 2894623
13 6 116861
13 17 1971986
5 14 2569773
9 8 2968474
8 6 654704
8 6 2964798
3 1 621927
17 12 852584
15 13 1823816
6 5 1964102
1 16 171765
5 6 2710380
11 17 2068785
11 12 529522
15 5 2905739
13 9 1623614
1 5 1250680
9 7 1511498
4 6 1288510
16 6 1782742
1 11 848094
3 14 664065
12 11 683318
3 8 767752
13 11 338450
1 11 1370183
16 9 2110014
8 4 1902076
9 10 1124124
15 17 1276519
4 1 642497
14 15 1787485
3 1 2278417
1 10 1435315
6 4 1322659
3 6 2046331
15 7 963028
12 13 459257
1 17 2260672
7 12 1546502
11 9 1479212
16 11 2341528
7 16 2265248
17 4 2175492
2 6 2668537
5 16 1973083
7 12 2673914
16 15 602930
14 7 734034
1 15 2492561
6 3 1635722
16 14 426458
3 10 325518
4 7 1304513
16 17 1502812
10 13 1183132
12 17 81917
2 4 1150908
15 2 1282930
2 11 570226
2 10 432842
2 16 862170
15 10 1002993
8 4 931111
16 9 340080
11 10 2760296
13 3 2442452
13 17 2807182
7 12 2956627
8 14 2006180
11 10 1266908
13 15 2914000
14 2 1944600
9 16 1691372
8 6 2138854
8 14 2341555
16 14 1277149
17 6 1703984
1 7 205480
10 6 1978205
4 10 542783
2 9 314140
1 7 2452567
8 11 2456478
7 1 1354862
10 17 249260
6 15 2312771
3 6 2165323
16 9 2060243
11 7 2618292
7 5 529434
7 15 2865451
6 12 1172019
7 5 577333
2 1 730713
9 13 524855
1 17 1853246
10 9 506288
4 11 669196
3 6 2621704
4 7 2564547
8 12 2992754
10 3 672803
1 9 1741358
17 8 2635031
11 10 1435
12 13 867762
16 4 196805
14 2 2468381
4 3 1677597
4 17 1895696
15 11 321301
3 13 2620171
12 3 2179475
6 16 1571609
9 16 1807532
7 5 1832021
5 8 636408
14 1 2323320
7 11 742041
1 6 621469
11 17 2617565
16 4 1620556
17 11 359949
10 6 1958698
9 16 2255609
2 17 763740
14 6 769431
9 5 1319869
17 14 2796613
13 4 2880566
10 9 1135293
1 4 825973
13 4 2692574
11 15 2505309
12 11 885005
16 11 1106729
16 13 2205475
16 2 1616123
15 8 637221
17 16 1306589
4 9 2528604
6 8 2340976
16 15 777360
13 1 1131531
1 8 890707
4 14 2217284
16 7 2638190
11 8 2207624
3 13 2517665
2 9 2933459
11 10 2399804
9 14 2101951
1 15 336012
8 3 1643865
5 16 2179060
12 14 427283
16 13 730282
7 16 1721943
17 3 840222
13 1 1364047
10 5 2514448
16 5 1762791
14 10 353102
6 13 1299051
10 12 2551798
4 13 1673824
17 16 819748
4 10 482473
14 15 2918629
3 14 815105
10 9 730057
13 12 2975822
17 6 1426559
11 14 182112
17 16 653432
14 17 2192086
5 15 2388186
2 8 312441
7 1 501952
13 10 2544549
14 3 2805408
9 8 2654257
1 8 1246172
1 10 666762
7 6 1340674
10 3 815260
2 5 566715
7 5 1896276
13 16 2257638
15 4 2765411
15 5 43566
16 8 370497
2 10 2309733
4 6 687860
16 1 603429
2 12 1909972
6 8 477657
7 4 582101
7 5 1047825
5 6 2443490
13 12 2274289
9 6 132370
10 3 1007108
15 13 2444243
9 14 1260448
10 1 230636
5 8 682578
4 12 2043513
13 4 1342468
13 2 905464
11 5 1329227
9 6 1453117
9 14 2277673
1 13 111642
9 17 164592
11 5 2597824
2 12 756001
1 10 2058981
10 7 85564
13 4 2297818
2 10 1837116
12 8 1267642
4 15 1337793
2 11 1165554
12 10 2832678
6 10 1599802
12 1 308408
14 4 2880258
3 4 2347699
3 1 2120829
15 14 229244
1 13 1201427
8 17 94818
13 2 1314081
10 13 2268819
12 14 2221264
10 15 2086270
6 12 566377
3 4 2822169
7 8 2331984
10 17 2911200
7 4 567700
9 15 1136057
15 13 1070283
8 17 1908813
12 14 2029514
3 11 1215478
5 12 2611810
9 16 2739291
1 5 165365
8 10 2717631
3 4 887319
3 7 369101
3 12 1837156
15 14 1307467
5 7 2252699
12 4 1965666
3 8 2909008
1 12 1288292
2 4 1112485
12 17 2190077
10 7 1552349
8 10 275993
12 4 937913
7 2 988777
4 11 2021172
6 13 2001512
15 3 17877
13 2 1567850
13 14 1836586
3 17 2759021
11 13 2714933
2 5 1848759
10 5 122223
12 10 2537154
11 10 1272058
5 9 2059732
7 1 1229153
9 6 2614491
9 2 141102
9 3 2735425
16 14 2599788
13 15 1481958
14 16 723480
6 9 2984864
11 12 2722563
13 16 714200
7 4 802915
2 8 1375797
11 4 2919082
16 5 2284932
2 4 1289408
16 12 1795043
5 16 652331
7 2 2835027
16 15 2181284
15 17 327779
17 4 2569617
1 3 1826313
9 1 1902561
10 15 788820
9 13 2897911
10 1 23716
1 3 9004
2 11 99521
12 16 1870912
13 8 887585
10 6 253133
12 13 2231871
12 3 1430428
17 11 34023
6 1 2468078
8 17 2458682
8 1 2243745
9 16 971060
5 13 1927839
10 17 1432709
14 9 639391
13 7 844719
9 16 2564200
16 13 891597
17 5 396945
15 1 58549
5 3 2215099
13 1 717343
1 3 979456
6 11 2050237
3 9 1876553
14 8 2364350
9 16 1330804
15 11 2486839
9 13 1943452
6 5 2080227
14 3 403
15 5 2264803
14 8 271670
3 11 429172
14 13 1812671
15 10 92869
2 1 1115736
15 16 2175009
15 7 102838
3 2 2342642
16 4 831796
12 11 2509773
6 13 2942832
6 4 1311897
8 17 1428864
5 3 589995
17 15 2895084
4 9 930814
13 1 372150
5 3 1400995
3 13 309595
7 3 1290344
4 1 1822262
12 7 2429660
4 15 2092681
12 5 2955497
7 9 488428
16 7 1812960
8 2 2575572
3 4 2488571
1 3 1189573
1 5 2250277
3 2 1338399
17 1 2209860
12 1 2386453
10 2 994004
17 8 727761
17 8 380517
12 14 778709
2 6 1383155
9 10 2716177
6 13 2884639
12 17 1094974
12 5 999358
6 16 2996331
14 6 341290
8 3 14506
13 14 2334438
4 5 772178
17 12 1138164
2 15 2263806
8 10 58026
12 1 1411484
13 5 263839
1 16 2607934
17 12 2060265
5 15 1193982
14 10 1592196
13 9 2002256
6 4 2929399
15 1 1639782
13 8 499993
17 4 644450
15 12 2374165
5 7 1090163
10 11 2429935
3 9 86061
7 10 196030
13 7 1060318
3 10 2656133
3 8 56038
15 11 1880355
17 7 1204903
9 3 2060772
11 14 1272561
10 4 2408715
8 1 2285988
15 6 2129532
13 8 2290091
12 7 2134942
9 3 1871013
14 5 2332075
6 5 1255199
17 7 471952
9 4 1367036
2 13 810510
9 6 1273912
9 3 2345803
15 12 1417286
11 5 135990
9 16 1534008
14 3 384958
14 13 1182544
17 8 539904
3 6 362582
14 15 601417
17 8 1425589
8 6 1388133
7 17 867736
7 4 2587210
5 11 2822726
5 12 1705759
15 7 414580
17 16 2922963
7 6 655301
16 12 2005126
5 7 2610398
5 13 2382150
3 11 2317817
3 2 524051
8 7 2091110
7 1 2775156
3 15 282105
13 9 2842945
1 11 1767890
3 5 1458698
2 5 1573417
14 11 2207280
5 14 1015454
16 17 2660345
10 13 297480
3 5 1469474
15 2 2169433
5 1 2550447
15 7 1054381
2 3 1717388
5 16 2923866
13 11 2854345
15 9 828295
16 17 686979
13 11 2450202
2 4 432384
5 4 2232789
17 2 2085527
16 5 1964396
9 4 1884874
3 6 350418
4 17 919580
4 12 2791947
2 10 1775383
4 3 2536051
15 1 1756839
16 8 1003694
16 14 1654357
14 2 1768555
9 16 2883145
5 12 1890642
10 11 1603364
13 7 2126204
6 9 1716838
2 1 977361
8 14 2494859
8 17 2554189
13 16 2939199
9 15 995073
8 13 1383087
5 14 1286159
8 16 1960738
13 1 1568452
3 2 1938095
14 2 224085
7 1 2776163
4 5 1247766
16 2 49311
13 9 83670
13 17 195542
8 3 1435054
3 9 2367065
10 12 1828731
15 11 2626875
15 4 1072290
10 4 2454440
7 9 1133109
14 1 2521535
15 13 741093
8 10 2069652
10 8 2509223
8 10 1699260
3 17 1325133
9 16 2575424
13 17 2325879
9 1 1192895
17 2 473373
4 1 115674
17 13 884906
3 5 1901911
14 10 2243015
10 4 956152
17 8 2134332
11 17 1693347
8 13 1988850
10 15 1752056
17 15 402847
16 10 629848
12 14 898983
7 2 2159806
14 3 2124668
8 12 2052157
7 9 1230682
10 11 2359426
17 6 2219753
10 15 948245
4 11 1921218
5 8 2105765
1 4 2616211
6 4 2451405
2 5 307068
13 5 229955
11 10 1616301
5 6 2085491
1 4 918721
17 5 1751132
8 10 1920780
3 1 249353
16 6 1041079
11 7 1316466
5 17 1080071
2 5 996106
3 11 2781669
7 3 1063021
17 16 239513
16 3 1639908
8 2 784790
12 11 395818
10 2 197435
9 5 643849
11 10 1787812
4 8 2497850
7 17 2122088
12 4 875482
13 17 1982453
13 6 539450
2 17 308909
13 4 2042691
15 6 761366
17 1 2721616
15 8 2492985
16 1 1366304
16 10 788701
17 4 522992
4 9 2897186
16 17 135260
10 16 1089093
15 3 1516026
13 7 260969
4 15 2273303
13 1 306757
3 6 867461
8 9 2111727
17 5 1391558
5 14 1086641
9 11 211383
8 17 85700
9 4 1015596
11 16 368889
8 17 1712492
10 2 2053805
9 16 2464364
1 17 865140
17 15 301693
2 16 2945279
10 15 527936
5 2 1200436
10 17 715562
4 9 339957
12 6 40343
2 14 2136649
9 8 971806
6 16 1947166
8 5 2016046
9 14 2612459
3 9 1347995
6 4 313201
12 17 1982223
17 12 445059
14 3 2594064
1 15 330078
2 1 2346098
6 5 2364530
4 6 1593208
5 8 293576
6 17 678429
17 10 824431
16 5 1060913
11 14 2903360
9 7 509318
13 8 1569529
2 5 2155345
8 11 1430956
2 3 422404
6 17 1999099
17 2 2683797
14 16 1347640
9 14 2339139
6 9 2642043
12 4 163301
10 3 535503
11 4 2138431
8 10 1018929
3 17 2139494
12 5 174216
13 9 470557
11 17 850860
16 17 1915852
5 4 2479278
13 10 928810
14 9 2045292
9 16 2129946
16 11 463274
15 17 1759848
17 13 537407
14 8 2049926
17 15 322566
14 15 163137
16 15 396126
17 2 736166
16 14 1811958
8 4 2154089
14 12 223642
5 10 1272536
5 17 1309334
6 15 59553
4 3 996152
14 11 810036
7 1 744253
15 13 757877
9 16 2860807
7 4 1229224
8 9 1814589
4 3 1130250
5 15 2287774
2 15 2558
3 2 1749623
14 1 2251319
4 1 1386666
9 16 2309116
17 4 827582
6 4 252354
8 16 78826
16 2 2409394
8 15 2093678
17 6 794654
4 3 364014
16 10 106658
14 10 129567
2 12 2021933
1 15 537759
15 9 803462
6 8 641950
7 13 2571389
10 5 1550472
13 14 526550
6 10 2945950
2 15 1646317
14 4 1729683
7 17 2272304
16 2 1498881
12 16 948643
3 8 2484593
11 7 2338332
17 2 2574535
11 7 2361820
1 3 2130171
13 8 2125164
15 3 1938015
4 7 2132137
1 11 778985
3 7 2792036
5 16 170199
9 16 790576
3 8 734081
17 7 1801654
4 11 695
10 2 21849
1 10 1694288
10 5 941052
7 14 2869103
17 4 582678
17 5 1179258
2 7 433022
5 13 907307
17 12 2699716
5 4 381187
1 8 1277599
8 12 2651847
7 1 1294045
12 2 2729597
17 9 2022548
1 5 512748
9 11 1860437
16 8 1629442
16 1 2782569
15 16 1186233
10 11 2132527
4 17 2075258
6 14 702823
14 2 791621
10 9 2857079
1 13 644205
9 10 345635
6 12 2011180
2 3 488607
5 7 1951328
10 4 1734632
13 1 1308025
5 7 2406386
17 11 1361837
11 4 624595
7 8 2470036
5 2 2001020
14 15 2307631
6 3 2875648
9 16 2301883
9 8 2487327
2 8 1756494
2 10 1675736
2 10 1893123
6 16 1471062
14 2 2446848
3 8 425332
16 11 1482693
8 10 1091902
14 11 2774095
10 16 238590
4 9 328248
5 7 1803948
1 6 1062938
4 15 1710261
15 17 2632205
1 14 399778
13 12 721286
9 8 874852
17 13 278322
5 6 770051
11 4 2415001
16 5 2699562
1 9 1789591
10 4 363975
11 1 1797918
10 1 209223
13 9 1770549
9 3 2566881
10 1 1071932
15 10 752851
4 1 1347028
5 16 1490411
11 3 908613
5 15 2254162
5 12 1614147
10 8 1818305
15 10 1311948
13 8 917673
2 7 1947409
17 10 2003148
14 11 2501866
7 12 2192998
10 16 2747731
1 13 400666
11 14 284686
8 15 1639546
11 15 2754792
11 4 2464211
16 12 2971324
14 13 2891081
12 17 1052006
11 3 2307571
12 8 1813293
10 3 1933033
14 15 1461964
13 17 1001227
6 17 1557115
15 4 1444488
10 12 1786685
17 2 1663007
2 5 2842068
3 11 1193416
12 17 2308811
14 11 1162952
4 5 2509819
1 2 1914066
3 13 557676
5 9 1795514
4 17 2202707
6 15 148758
9 16 173650
14 1 835251
17 4 2046985
5 14 755791
7 1 735129
13 1 2480331
16 3 2265908
4 3 2888704
10 6 2912263
1 17 1536349
12 10 1631011
11 1 1080342
10 16 884714
17 6 2430159
15 12 525349
2 8 2997041
12 16 2257637
17 3 1139298
8 11 205101
6 10 1939135
17 9 850204
17 9 2455851
14 10 1100305
4 8 297200
7 6 2036836
7 10 2357385
12 10 1817396
4 13 937433
5 11 1235187
4 2 2857293
17 12 2567733
12 9 2477287
6 4 714839
7 12 473327
5 7 1756986
14 9 2226200
16 10 1604514
15 4 2355681
3 6 2139894
12 5 493143
14 4 2426973
3 14 1133453
6 14 887746
7 9 292171
7 3 1006034
13 1 2594128
4 3 395321
7 5 293091
12 11 651876
9 3 2311541
4 6 2147155
16 5 94253
16 9 1221961
10 3 1092453
14 10 2868658
17 9 330401
4 8 2476185
4 15 635190
7 3 403292
4 16 718967
6 8 114969
13 14 2254690
16 10 1113507
15 17 638687
8 13 1496462
8 5 799423
4 11 1072578
2 9 1476778
2 17 1822276
16 4 2020547
16 10 2321970
14 4 2015298
10 9 1286022
10 9 182477
12 5 2455529
16 6 881109
16 3 905886
10 12 1165329
12 4 1903286
9 1 2752897
13 7 2171636
8 4 48781
3 16 875806
13 6 299285
3 9 1551865
1 14 918191
17 6 446099
15 12 1267413
9 12 417520
12 1 2434911
14 1 1950297
13 1 1854620
15 11 2420079
6 14 1589938
16 8 2580820
11 6 2864089
11 1 2893558
14 12 2165190
12 6 102568
8 9 731599
10 6 1986655
7 3 1238206
10 16 2060654
5 17 1839669
16 3 2071151
11 16 2719203
6 9 1913889
2 13 1080076
10 11 1709719
8 3 1789423
15 1 484413
10 2 512118
15 7 2730736
11 14 1032940
1 15 931430
3 14 590639
8 2 1143871
2 12 2361028
11 15 2080789
2 9 178393
8 16 59034
4 1 2101985
14 2 144425
13 12 2440932
4 6 1490436
7 4 1719260
9 11 1757124
6 13 2788154
8 13 2456379
13 7 2587240
15 2 2316175
8 10 1092608
12 11 2672580
16 3 911909
8 15 2560369
16 5 718105
17 9 2584721
15 10 2003182
7 10 1333922
9 7 2861099
8 2 2875906
11 15 2469555
4 10 2635232
11 9 2650082
16 6 2569725
6 11 2191226
17 1 2184189
3 7 2938294
10 11 1040266
7 11 512282
3 15 618395
12 14 1393939
15 7 1088324
16 13 1844393
1 3 976106
12 8 1471125
3 2 1495193
10 15 2963234
4 12 621972
3 13 359866
9 3 1996375
1 3 1052628
1 11 1151273
4 14 853596
15 13 2967549
8 2 2532457
2 7 478568
1 13 2126243
8 9 1507700
9 3 2137635
12 16 2060763
12 15 1117685
5 12 1923171
14 16 1524765
2 11 844064
4 17 2242829
4 13 1520491
9 3 141586
16 1 2087685
14 5 1868096
14 9 598859
6 2 236480
14 1 1587416
11 4 803834
1 5 372695
17 11 578434
17 7 1510742
3 16 589951
1 16 947574
11 13 1200989
8 11 2102451
5 7 2267120
17 8 2298494
9 2 49636
14 12 2184798
12 13 2052742
8 11 1927746
1 10 2475915
12 15 496939
6 10 2012723
2 12 1247759
17 11 408358
12 15 516326
7 6 165031
13 9 940517
10 3 2810488
2 8 1842763
13 2 564630
9 3 2093445
13 16 927424
1 16 2276103
16 7 2589212
1 10 1906404
3 7 958842
5 1 1959833
3 5 2620184
17 10 5815
7 1 2869342
7 10 2251230
7 4 1022713
16 4 270022
11 9 1325658
4 6 893106
1 15 2921727
7 9 57320
6 12 1979916
14 12 1467553
3 6 2041258
16 10 2014684
7 12 845441
15 11 2641447
7 12 1851406
9 11 1970913
12 16 796731
11 16 1216253
7 14 2752848
3 9 1692796
12 5 1368905
3 16 1317797
5 10 2043174
2 7 440902
11 10 1678685
9 5 1185907
6 7 1498681
17 15 1613695
11 10 2050005
10 2 2831905
16 5 34695
5 9 2337062
4 11 432115
5 11 1615501
12 1 2826874
6 11 609706
6 10 1976014
10 8 960720
16 9 1883389
15 11 1868403
8 13 2369703
9 10 331044
11 9 291994
14 2 1588054
10 12 1758197
11 5 2857880
11 2 2982407
7 6 234185
13 16 2871026
15 3 71800
3 12 2604210
13 9 1765923
12 13 2079780
7 2 2584497
9 5 670144
11 17 155613
10 7 2481616
15 12 644653
4 6 1189819
14 8 1283247
2 1 2355975
2 11 260300
5 10 2492895
11 9 1398814
11 12 2288690
16 10 1489541
4 5 1354635
15 17 1836129
5 1 2525644
10 15 159135
13 17 1535781
16 9 2725903
1 13 155156
4 12 1629227
11 16 2399395
8 6 2365837
3 2 1298890
14 5 2131864
16 14 956994
7 8 618302
5 10 723605
7 10 1548888
1 8 716510
3 1 2836125
5 15 2747884
11 7 2163155
14 13 1380481
8 6 793289
13 5 2308334
6 5 753204
14 11 542432
11 17 112398
17 6 1591836
9 12 2705318
17 4 2800097
7 9 1060986
7 2 2774874
2 11 1764680
14 10 2546212
10 4 2657772
4 13 2913227
10 15 740547
10 4 2908647
12 6 2960878
5 4 2528001
9 17 896638
2 8 574676
11 16 1034049
16 17 2296906
2 10 1104233
1 10 2056503
10 8 491861
8 11 2078213
4 14 1622833
2 10 532064
11 14 1720372
10 6 1052094
14 17 257074
8 4 2024302
3 13 2130435
11 9 2604497
8 2 2744675
4 9 1425366
7 8 2225448
17 8 571965
13 17 485799
3 12 1290208
7 2 1062699
1 8 1904110
5 15 246413
13 9 499352
7 15 2747520
13 1 198056
8 12 85813
6 5 768741
9 8 2920596
8 14 2635473
15 11 1486683
16 14 1240664
5 6 1630543
1 10 2282268
15 5 2592368
5 14 1727205
15 17 1989836
15 8 1137430
5 1 1649496
15 9 2247277
4 5 2516692
8 13 1222019
4 1 702625
14 17 2299005
1 17 2082265
16 6 1490239
13 3 2760988
6 15 997393
8 9 406705
14 3 364450
11 17 2864177
9 17 449925
11 15 2656527
14 5 2981731
6 2 650070
17 6 1128457
11 10 1402742
3 13 1977958
17 7 2071154
10 12 315317
17 1 1732741
7 15 756293
4 6 2979307
12 16 357475
6 11 2024371
17 14 2479975
17 5 2937879
3 15 2822297
2 15 2472405
14 4 1209088
1 15 1865817
6 13 496191
14 8 2150714
4 16 2455119
16 14 519159
6 14 219715
14 9 2490265
10 7 1676527
5 10 1879201
15 11 799436
10 14 2590221
16 11 2216405
8 17 1093804
3 2 2322094
10 8 982
3 6 1739751
7 8 984780
7 10 20358
2 10 2126178
1 2 2743006
3 1 576566
11 13 2023255
17 14 2388192
2 16 73301
10 8 2828206
4 13 2886365
6 14 452016
4 5 398334
13 15 2106947
17 15 1732692
1 8 89595
4 6 2996757
12 10 286870
10 4 2238210
16 17 1747541
1 2 765274
12 3 2182787
15 13 464935
7 4 2367315
9 3 333414
1 11 153163
7 16 834786
1 13 1390827
11 1 1005730
9 11 19587
4 17 789286
7 13 2680939
17 5 2751174
8 17 2929962
10 4 948207
3 13 2181267
3 2 121820
7 5 1044977
3 15 903623
17 11 589043
14 9 758883
2 5 50782
1 8 988430
4 3 396519
6 3 1696266
2 4 1456499
6 15 2074697
7 12 1474663
7 16 2196313
4 7 957055
16 7 1844149
3 1 580683
15 17 1726857
4 15 2438984
9 16 1547734
12 14 2059032
9 17 2505042
7 5 2153077
16 6 2463526
8 11 2290055
5 7 269330
12 3 2107949
17 11 2195887
14 7 2254853
10 11 1504892
12 2 270982
6 12 1741307
11 8 1602403
7 1 614073
12 1 685432
11 8 114185
3 4 601748
13 1 1514283
2 4 845323
5 1 1740137
11 10 2849621
8 16 2585220
7 15 2923984
1 12 2863094
9 16 2293229
8 4 2583470
16 14 2518086
7 8 1814085
12 15 2336020
4 2 2676092
3 8 1921668
3 7 176594
7 13 466913
11 5 1163777
5 1 1015263
17 1 2044202
17 7 1589835
4 16 2296470
16 13 2126721
14 17 522562
11 5 987455
3 4 2706545
10 4 2916467
1 8 1380049
7 2 2616971
9 13 2728319
10 3 1847961
14 11 2280728
13 14 2362220
5 3 2236329
17 9 801897
17 3 2554603
5 13 902521
4 7 2071150
4 14 601123
14 16 2665898
9 12 14611
12 17 2056087
11 13 1756066
17 3 2311873
4 11 747452
7 3 1349425
7 6 2214176
14 15 1095675
14 5 8616
16 5 2263485
4 9 2025873
9 6 360481
5 16 611612
12 5 1509790
13 12 1489699
3 8 1299554
17 4 1647151
2 10 2561973
5 2 1570847
12 14 2767260
15 5 2461145
10 1 1293836
17 15 438967
7 10 1065367
12 9 634207
5 17 1229806
1 14 2221069
11 3 2314116
16 10 36528
8 17 1663951
7 14 2710163
13 10 1773026
9 15 1647036
16 8 1151622
14 13 1540930
13 4 1765565
17 16 680983
4 13 1145071
11 6 1207631
7 13 1176335
5 17 2456370
1 11 2963115
10 6 1938723
7 16 2225418
16 11 155078
1 4 2531610
2 5 2383607
4 11 2726692
17 2 1099967
13 8 510868
7 10 1735356
11 4 97155
6 11 711292
4 2 2659399
16 6 293741
3 12 178094
13 3 2969912
1 13 1709376
15 11 2533374
5 6 1741279
12 6 844315
2 5 752600
5 14 2649016
12 4 1938313
17 11 1458465
6 8 2182957
15 3 432417
11 4 1706218
10 1 1605680
11 4 934375
9 5 199313
17 6 1258835
13 3 1165200
7 4 337982
15 16 787410
16 2 510215
14 17 1125905
4 12 2602813
16 9 1624985
17 7 2362441
8 1 1137691
10 16 2504756
17 12 1002035
7 11 2839484
13 10 1547927
13 10 2212435
10 6 1840252
4 11 2029817
3 15 2945621
4 6 2545058
12 8 1655721
7 11 167871
14 16 1669018
3 7 519287
15 13 2995644
13 15 399157
14 9 1817359
9 8 2481319
7 16 2424397
10 2 2409434
1 2 978084
17 10 902287
1 3 2699010
5 17 2022749
14 11 850674
7 10 1891624
2 12 1890852
2 6 2508023
1 9 1378334
10 4 1696109
15 14 1907833
8 10 2533889
7 12 1099685
12 13 1357552
11 10 2097117
2 10 2986165
14 9 1363185
10 9 1524166
16 11 886009
11 6 2878680
17 14 1843917
16 11 2847521
10 1 313313
3 5 849945
14 12 1341835
10 7 2825626
11 10 54939
14 1 2512675
13 14 1448415
4 10 2185745
8 4 2154679
13 2 1813106
3 11 1215865
2 3 2789476
10 3 536586
7 17 92730
10 7 2037884
6 14 696447
8 3 2723504
15 9 1461227
17 12 794437
12 11 2497340
3 17 504905
17 5 472563
7 15 856740
6 11 2449029
13 8 917886
4 8 2130197
14 9 942615
2 16 2928526
15 4 403057
3 17 1527547
12 17 2438805
4 16 271061
9 17 605223
8 2 442822
8 12 2135607
3 4 528225
10 3 1928276
12 4 650252
12 14 736556
2 6 2136089
10 9 2578909
5 2 1868953
10 15 1785572
13 8 1985550
10 3 1330344
16 12 2623225
14 4 2324832
7 8 1125880
16 15 2601807
3 8 1535011
8 16 8069
11 15 2104566
14 2 2676689
17 14 352516
1 2 800104
9 4 2781458
11 17 1955612
10 3 1248652
2 3 1070575
2 1 2364729
5 3 1031211
14 9 2210237
5 1 2225456
4 7 989164
5 17 1911782
4 6 2911499
3 5 2291778
14 9 499012
10 12 1521144
10 16 131016
13 14 1447148
14 12 28293
13 3 1475512
8 14 1536446
9 8 1433438
1 16 1507136
8 7 2170176
5 8 2220405
7 14 2822333
13 7 1426859
4 7 266198
11 10 1751366
5 13 2241810
6 8 2850374
4 1 1720894
13 12 963211
2 5 393177
14 1 2352337
1 14 1281488
4 11 895860
13 7 171989
6 11 2032780
4 6 1583214
10 8 2497059
8 2 1017699
14 15 1381100
6 15 482420
1 15 580216
5 3 1658606
1 8 1323248
7 14 2089539
3 11 423716
7 2 1583597
4 13 1150562
3 7 2098942
16 12 2277232
15 9 1660986
16 4 511193
3 2 2556845
3 16 1200329
2 5 2313085
16 2 1787813
12 6 2718510
11 14 1775123
12 5 2702033
11 4 1489264
16 6 1611036
2 14 1321440
9 13 2410934
17 16 789752
7 10 2257258
12 2 246783
15 10 431600
15 12 1193324
4 13 2736666
10 9 1313870
4 5 657210
1 13 2660668
16 13 2862889
14 16 97785
15 17 128644
14 9 474269
5 11 1293865
8 2 2907774
10 14 2289310
4 2 1577107
4 5 2561469
2 1 2310908
17 8 289428
13 6 1075520
2 16 176644
5 6 1810129
2 8 1099662
3 2 309012
11 13 2595467
8 17 1877098
11 8 1587506
13 5 1776046
12 6 2428607
17 11 1991005
2 11 253041
13 15 2966408
9 2 861748
5 8 2443301
15 5 2173312
6 17 2987644
8 12 1936117
5 16 800700
12 1 393599
5 4 244603
16 7 421006
10 5 583755
17 9 935962
1 4 2399027
3 15 2498736
7 16 1664540
15 9 834282
5 8 610455
6 15 1209776
17 5 2240383
17 16 887347
15 13 935151
15 1 206308
14 15 635292
7 1 912737
12 2 1694133
12 5 1961482
2 6 2342676
3 15 464797
3 16 1354757
11 5 149760
17 15 355588
17 15 2025990
8 11 267672
5 16 787178
8 4 1428561
9 13 79967
14 3 1369643
7 3 2384321
16 12 477033
7 16 1797571
16 13 1280856
1 11 1028477
16 10 408510
11 1 2082635
11 14 1029948
12 5 2650321
1 2 1772666
9 10 1502234
15 13 1403009
3 10 77653
13 2 475524
9 8 2601077
14 1 2471378
13 7 2691348
13 9 395277
4 11 1010096
17 6 2433205
4 11 953025
1 15 85427
10 13 488230
3 13 2244824
6 12 1224788
7 13 222810
13 4 2090247
8 3 164324
2 14 2997223
5 7 65812
2 16 124583
12 2 241152
14 15 779328
15 17 279734
4 12 1809272
14 17 1736987
1 5 778117
1 6 2489625
7 4 41533
11 16 514735
9 8 1090380
13 9 2662018
8 11 2615785
17 14 970223
10 12 982346
16 1 241712
12 2 1342820
15 17 2937112
3 16 2623237
4 17 2111059
13 11 231834
3 7 1694012
14 1 1437353
7 12 2566543
1 2 2777122
3 9 916711
15 16 2648581
11 7 2163984
7 8 2927165
13 11 176436
4 9 1915492
1 9 864130
4 3 521986
2 11 1830781
2 9 1848473
17 13 1354902
14 11 626785
16 6 2386244
13 8 2447330
14 11 2444429
13 16 1706258
10 14 2731151
7 8 920278
14 11 147807
6 13 2774651
4 15 1702094
2 16 332750
2 11 1240287
8 10 1318451
14 5 102634
4 9 2541131
8 12 1188011
7 1 1031788
13 16 2073467
13 8 2522948
12 3 2906147
17 1 2102140
8 6 2554220
9 5 2712667
14 1 1467103
9 8 2947706
6 1 2367371
12 14 2557460
1 11 1391350
8 4 2737785
9 2 1227177
15 16 1929281
12 13 1148495
13 9 2479630
9 13 1564908
12 11 2144406
3 17 2075634
13 7 2628848
5 10 216198
16 2 2276456
5 14 1575855
7 3 1495122
6 7 1808722
13 3 494224
14 2 331186
12 15 1008673
11 3 1677014
12 5 2946462
8 14 1479450
8 13 506725
4 17 400021
3 10 1316875
8 12 2250085
6 7 2540815
15 3 1984780
2 9 371758
6 9 1836228
8 12 1394758
8 17 1594949
11 16 1550899
17 4 1055511
8 15 1184632
2 6 2927374
5 17 1021012
14 15 1037160
15 3 2522773
3 14 2755899
6 5 1179590
13 3 80430
11 13 914669
4 17 2671063
11 14 1087183
3 6 1472575
2 17 2228128
1 16 8280
4 13 994866
1 9 1134751
10 6 876850
17 13 1238993
17 12 388921
17 12 1019831
15 7 1765383
6 16 343228
3 17 1389467
16 2 1431168
6 14 97613
9 12 303078
2 14 1372998
2 6 2503933
11 5 955028
14 15 2307937
10 5 154011
8 15 2934910
9 2 1131334
14 16 148992
15 14 1970930
12 10 128142
17 2 389517
17 4 1291692
16 1 2580020
14 4 224906
11 2 2399894
10 3 1948717
16 2 2362718
3 2 2443249
1 6 2733010
8 11 1047961
17 15 861845
7 6 1326293
15 5 2067521
3 1 1439570
14 3 2747898
5 6 386675
2 10 1166236
15 10 1856129
5 10 2293673
14 15 1541779
8 2 1618832
10 3 1963572
10 11 2236204
10 14 243764
14 4 2122581
3 16 2260547
4 1 1030462
4 7 39238
9 3 2564710
14 8 572517
4 8 2899260
5 17 1786475
3 13 1640592
9 2 1702851
4 12 2157573
13 7 1575424
4 14 1446780
16 15 1873781
11 6 2269413
12 15 883205
12 1 1169242
16 7 1382674
10 5 1772078
7 3 2544473
11 2 2396705
14 2 2275713
2 11 2003266
11 16 2658073
17 16 1541163
16 11 431517
12 8 2020904
16 3 1621505
16 10 1162229
14 1 2075060
12 9 2637599
8 14 954287
12 5 944244
17 12 667898
8 13 2211431
15 12 2837895
14 16 2289935
4 12 316144
1 14 1924423
11 4 1281501
9 3 616608
14 11 638911
12 2 1073033
4 1 69232
12 15 225660
2 4 1993496
13 15 2658891
16 9 2967333
13 15 585025
1 4 1796313
15 7 565802
9 13 2389790
6 15 572426
1 13 1895091
10 17 2111073
4 7 2897697
4 6 1613527
1 11 499219
3 8 2485573
12 13 1646726
10 9 2309308
6 13 2228124
5 3 1636451
8 7 2376238
10 3 184360
6 13 2797393
4 8 2392858
8 7 2357969
7 3 1446935
8 12 2078183
8 13 689876
11 6 1917654
12 5 27043
15 13 1871776
5 9 116713
4 3 671409
4 2 1277893
13 6 2196785
3 4 2980514
7 8 309201
14 16 523526
6 11 1171608
12 7 1620606
11 16 1222123
8 4 1473687
13 1 1602711
14 6 1046983
10 15 636398
1 16 2713038
4 15 1190333
16 17 565613
16 17 2461599
10 11 635659
17 9 2376409
1 10 2752231
7 4 1506525
3 14 20554
14 16 119869
13 11 1485324
10 4 1055045
10 17 320853
2 3 1353828
9 8 31483
17 16 398513
11 6 2215306
2 9 1323580
5 2 1189915
6 10 1099839
5 13 984708
5 16 1144086
3 6 114769
17 7 1931352
3 11 602769
11 16 344210
8 7 2203265
17 7 1971140
17 9 672485
4 1 241641
17 11 40881
6 9 1385213
1 7 2050167
1 10 2086447
12 16 2158359
3 10 2771051
9 13 311688
2 17 2643065
13 8 1096537
16 2 1154530
15 1 2674434
7 16 147248
10 9 2453337
4 15 590260
1 3 2693486
6 2 2435915
12 14 676153
11 1 319166
4 7 1127614
11 9 34241
17 6 1575788
3 16 770552
10 12 2202682
15 11 320406
17 3 2234652
16 15 194284
1 16 772346
8 16 1482768
7 6 959241
2 11 1357519
9 8 76778
17 13 1717213
8 3 1757826
8 9 421248
12 11 1860498
6 8 2769828
15 7 1074045
4 1 2358002
3 16 282598
8 1 2669657
12 1 1787268
15 9 1333853
6 10 243365
13 14 2760859
15 9 1663435
16 6 354693
12 4 2832731
12 15 2616109
8 16 949302
12 16 1635163
8 11 1392258
3 17 1165755
5 1 2313626
11 12 1349271
1 17 250829
14 17 421671
16 10 138899
12 16 1430119
5 13 525646
9 11 809741
13 15 638818
16 3 729587
5 16 1386671
10 6 1465504
15 7 2768798
10 3 451912
7 12 2670426
17 1 297755
1 7 2805530
3 12 2331010
8 3 2900871
10 12 838485
5 11 1116450
7 17 2844134
13 5 1057854
15 5 2403270
17 10 521743
4 2 887713
6 2 1797827
12 14 121928
3 1 2928887
3 9 2440176
13 2 2668190
2 12 2251337
2 10 676985
13 17 2567438
14 5 1122722
3 16 2636585
8 10 1120919
12 1 1385152
14 10 2897371
4 15 1823062
17 15 2486828
8 2 1655744
15 8 2776883
5 14 276911
3 11 752945
10 2 1664868
9 15 1802907
6 1 2837349
1 17 983774
10 12 1387023
8 15 1278103
9 15 2973498
1 16 1453175
3 7 1831290
1 15 1528134
10 13 132233
6 13 2048434
17 9 1742961
3 11 529354
4 7 1787399
11 16 1770340
4 2 2129133
8 17 2053392
14 9 2721515
4 9 1003157
4 12 679569
3 12 1080597
7 14 366615
12 15 1730982
11 15 2603774
11 9 1823861
17 12 29678
9 4 1180556
5 8 521138
13 1 1753914
7 15 1305889
8 4 131636
3 2 932774
7 14 1454787
2 7 586388
2 10 345486
11 8 1921231
12 16 1474916
10 2 739101
13 17 2832667
16 17 800009
9 16 2012733
16 5 750740
14 5 2737012
13 9 2188872
8 15 2183514
17 13 943873
9 6 2803719
2 12 1930492
5 1 552908
15 7 2295108
14 1 2919559
14 12 1472636
3 5 1425286
6 14 2448418
10 2 2655312
7 3 1914074
8 10 1930429
2 13 2437803
6 2 2477337
7 16 2044442
2 4 2267046
7 16 1414201
10 4 677282
1 13 1014024
16 7 1496786
12 15 2939294
11 5 2793863
3 6 2390234
3 5 747963
11 14 225092
16 2 111617
4 13 865163
15 6 1635914
4 3 469282
13 9 1570938
17 16 1261819
15 10 2734771
16 10 2702077
10 8 871732
11 13 1012193
15 10 2616799
14 1 2631316
9 3 1038199
8 2 886369
2 14 488973
12 14 2973038
14 17 264562
4 2 2083920
3 4 148153
5 7 645465
7 9 2929057
11 7 244195
13 8 1244989
8 9 1892362
8 4 557952
17 4 1925942
1 13 825029
1 14 1113281
15 13 1151753
11 9 2042533
17 7 1968216
10 9 1578991
9 3 380230
10 13 718330
5 12 1368184
9 1 2227416
10 5 722904
6 10 774974
16 10 671533
1 8 137693
15 13 1635989
16 17 2262766
8 14 822438
16 11 2918679
16 8 1885033
2 12 1318669
7 10 38462
9 7 2302942
15 13 483923
17 10 564010
9 11 1856567
1 5 2557168
16 15 2046200
5 11 745593
17 16 2956414
13 12 954568
11 17 1168283
7 17 471589
3 2 1554752
10 3 2691571
7 6 2805165
4 2 149268
10 4 2460167
3 5 816794
15 9 414966
12 17 2072639
13 3 2471776
4 8 2617062
7 16 2921867
17 12 1020645
12 13 2148587
3 4 1771456
13 14 460279
3 2 1877359
13 15 485625
17 1 1311294
15 14 1719337
15 1 2664342
17 10 1479850
14 9 762334
16 1 155279
14 11 2790743
3 17 1493816
9 17 2053977
14 3 2652836
2 6 1399505
9 8 1919705
8 11 404217
16 8 1204407
10 12 2896952
1 2 2480163
2 13 2601499
3 8 1250314
8 14 13742
14 17 637611
16 2 346963
11 2 1456206
8 5 28322
12 11 1734255
3 2 537731
12 15 827581
13 12 879942
13 3 115222
13 14 878341
11 14 4127
17 16 2380825
1 7 1853828
15 16 1386982
17 16 619637
10 6 2556552
1 11 430423
3 9 742245
6 9 1959096
3 4 2159678
16 9 465415
1 11 71154
9 4 2982753
16 11 2878667
15 2 124778
2 15 938646
5 11 460664
8 12 2814565
8 9 2170085
14 2 2942230
15 12 480481
8 17 842257
15 9 183091
16 6 657461
2 9 2281781
2 4 2480896
16 15 1572382
10 16 1258103
6 1 859762
2 17 751849
11 5 2467565
6 14 1518513
15 17 1530464
12 3 503290
14 1 1702032
14 6 2556875
2 9 889759
2 10 1629998
2 9 2137837
10 5 30180
12 17 345062
4 1 1761817
9 7 5923
10 5 1127928
8 2 2847563
11 16 1834418
15 11 149759
6 9 1778325
16 5 964663
2 8 1900474
4 2 663734
6 11 1116933
3 15 1186273
12 9 1024894
10 6 2051703
3 11 709781
4 14 1816677
14 11 968427
8 14 1907027
15 4 1930227
5 11 2761199
1 2 2766072
15 12 2729539
14 2 612541
7 5 531865
7 12 990902
10 4 580365
6 2 2943202
17 2 1610513
7 8 1881295
15 1 2954156
6 10 2865948
5 11 1338634
11 15 530195
9 1 262474
11 15 1219553
15 16 1854444
17 3 264357
9 17 2212908
13 15 53082
4 9 1592401
4 7 635680
12 16 1462682
6 10 2991266
17 10 520750
10 9 500300
8 13 2920753
9 14 2076086
8 6 1582110
4 12 1875396
9 7 1235429
5 13 1395112
5 11 1125262
10 9 1191356
6 3 2679913
3 6 752197
14 4 1693794
5 16 2317624
16 1 1634636
13 1 122210
14 17 2103055
15 7 1805587
9 17 2404592
17 10 2222813
6 9 1882777
15 6 1868859
10 5 2687541
2 8 1278462
16 3 2004293
15 9 106291
6 9 1290677
2 1 556685
11 6 59307
12 9 2408853
4 13 88267
9 6 2513278
2 8 1966857
7 16 2985711
16 7 2073758
16 8 584697
2 12 1659132
13 15 1362264
17 12 669952
13 12 1065182
15 7 593146
7 15 492066
5 9 2383762
17 3 2866913
13 2 98235
9 12 1144835
8 16 2293411
1 17 917871
13 11 2821109
5 9 2666795
3 7 2900495
13 9 1393993
2 17 38971
3 11 1811229
2 11 1962029
7 15 1356804
8 6 424461
13 4 961642
7 5 2668328
17 1 1108873
13 1 2139377
9 4 2120237
3 11 2729049
1 17 452959
17 8 505028
3 5 823205
1 4 353971
2 10 1164836
2 14 1067234
14 10 1924136
3 13 2930421
11 4 2927439
6 13 2440042
11 15 1591016
1 16 1037910
16 4 1369261
7 4 2253911
11 3 1734999
12 3 78607
9 15 980919
9 3 1190744
14 15 2047210
16 3 994165
16 3 2471473
11 3 1325835
4 14 1560782
11 12 1751303
15 14 1903659
2 12 2414549
2 5 2971299
6 1 1864878
10 14 155312
11 3 789395
17 7 52408
7 10 87324
6 13 2571739
10 7 987610
13 8 72185
6 17 858582
12 6 324230
11 4 2913063
2 7 1057657
6 13 2144376
6 1 92417
10 4 2100572
13 15 1527708
9 1 1479688
17 4 241197
6 16 1544487
13 10 724980
14 13 293449
5 6 2006306
4 2 2197245
9 11 1154898
4 5 1174011
11 14 2676686
16 5 868804
15 3 2092408
2 4 200703
7 6 1178137
12 2 994516
5 9 2626591
4 8 2866229
17 15 2951253
6 10 213884
14 3 1770276
15 10 1149693
4 13 917632
7 15 1186498
7 13 1171404
4 13 747495
2 14 103411
3 15 795079
11 1 953930
5 3 2370181
1 11 1418760
1 8 2407835
5 12 385179
11 5 43129
5 13 1242498
12 11 2608223
3 16 2415851
7 11 1304707
7 16 2223643
15 12 1712703
10 3 1735649
1 5 30109
12 7 1416138
1 11 1606183
4 15 1873121
10 5 1200486
17 1 232235
6 4 633156
15 7 88310
12 5 499793
7 9 2329239
11 12 2651784
3 11 2648312
11 13 2808153
9 16 217097
5 17 1117638
6 16 2704894
15 13 2058660
2 8 2221069
16 2 2590026
17 7 1065719
11 2 2661938
11 1 1780233
9 3 2029316
6 15 139603
8 4 2263420
14 2 2389344
5 8 2031692
9 14 2002922
7 4 132144
13 2 2759223
12 10 2817020
4 6 2949304
4 9 143543
10 14 2817902
15 10 1673472
10 2 2257799
12 1 1482168
3 5 2385872
2 7 2612011
13 16 88401
13 6 307816
12 1 2596060
4 2 2465438
8 10 1363565
4 16 2912502
16 8 1239743
7 16 1337247
3 1 1396079
6 1 2930441
11 3 2056683
1 8 1508558
11 12 1154169
7 11 2334654
3 17 1372330
3 13 1046700
8 6 1815623
7 16 435625
5 12 1756216
2 12 1769573
17 5 2635638
1 3 1312021
7 2 1178220
5 9 2987328
1 10 1019882
3 15 1854395
6 11 1223053
15 9 333822
12 9 2705659
11 5 2293595
1 11 2892245
3 16 1667469
3 16 713635
8 5 1698070
8 5 583691
1 3 2441911
11 7 2955629
9 16 2432650
3 10 88864
7 16 5957
9 12 1135084
12 3 538042
12 14 2158250
11 4 1049068
13 5 1864866
3 6 57226
8 10 1292183
10 12 486868
9 8 2263482
15 6 1020002
1 4 692071
1 7 62220
4 6 512393
13 10 2102449
4 6 2285610
9 13 233065
1 8 2845949
15 5 2693720
1 12 2637450
6 2 1195035
6 5 1632099
10 1 405241
4 5 1917619
8 9 1394214
15 6 2826827
4 16 515493
2 14 1759898
15 14 918399
10 13 967112
14 11 58589
4 3 1061719
9 5 1986499
2 14 887741
13 15 2953630
9 12 253205
6 9 1798367
9 3 65390
2 17 566056
1 7 1971301
11 10 2923027
7 12 1465932
15 11 278830
4 5 1083982
9 12 387257
8 4 1822439
16 11 1968987
4 5 2886523
12 2 2223095
17 8 1954942
11 7 1564662
2 15 858083
1 14 1498915
5 15 1914554
9 15 2220445
2 15 1306817
10 4 663301
5 16 1894712
6 5 2397713
2 9 1896614
10 3 756321
8 4 1806101
9 5 2378421
2 6 466283
2 13 1563652
8 13 173941
8 9 2902330
8 2 1178924
6 4 2407108
11 4 2227385
2 12 1449491
14 10 2370673
10 7 2353436
6 7 1815983
7 15 1466224
7 13 2125482
6 17 1744203
10 7 544652
7 17 1275540
13 14 1087150
3 17 1665841
1 13 872212
9 12 1936404
16 14 169737
11 7 1955686
16 1 2372212
10 7 1311140
4 8 2569835
1 7 1646348
17 1 662247
5 7 26121
16 15 2039757
3 5 383163
8 9 2162131
17 9 1965049
15 3 2113939
4 1 1341848
12 15 896689
10 6 199942
5 16 909995
14 11 1723793
14 13 208812
9 1 1956979
12 6 270053
14 17 1702733
14 2 2146989
10 4 236484
11 14 82034
14 6 517999
13 16 2410106
6 2 1631030
1 15 27067
10 14 2956813
2 12 2068061
16 15 1495424
16 11 651333
14 2 1558783
2 3 1119230
12 8 2058110
6 16 1740363
5 16 1962082
10 7 1955669
15 4 265150
9 6 2776622
17 6 1442070
17 14 2377762
14 5 2092005
7 5 2222399
15 12 1448566
9 8 1353525
1 17 2067647
5 10 1841443
11 13 2122973
16 13 2928939
2 6 1871047
1 3 2494889
8 10 1473539
15 11 2821816
11 5 2047663
1 3 2392632
2 16 2699074
12 8 1241676
3 4 2578507
17 1 1013811
17 10 2346946
15 9 1712862
12 16 578002
6 8 2336030
8 15 2106780
11 2 609754
8 2 615716
3 5 2666868
16 5 1564058
6 12 2222143
1 11 115342
12 7 2218559
1 6 1664717
6 15 556676
4 5 1216581
11 5 2393423
7 13 1821188
3 5 2269597
3 4 422868
16 13 946568
17 6 1737901
2 10 1223065
2 17 1044919
13 17 2891202
10 8 839203
15 4 507520
10 13 1869732
15 9 1477796
13 2 1211624
4 2 248472
4 2 262930
7 10 2354252
3 5 2837186
8 12 2011871
12 9 2138317
7 5 669891
17 7 679867
9 5 2864917
17 1 2342238
10 2 1978875
9 1 2276858
11 12 749748
12 16 1447799
15 11 817938
8 9 795686
12 7 1777616
7 11 2547545
10 11 1782277
12 14 57409
14 16 2406651
9 3 134555
2 1 1265297
6 9 1032377
5 13 895603
10 2 1795318
1 3 2655847
16 9 1249531
8 6 1826140
9 11 1036008
11 1 1355421
15 12 2899555
4 16 271407
7 17 1565594
9 15 2411807
4 2 577212
3 16 1256835
13 11 133585
12 14 264975
3 2 1321561
13 7 2174684
17 16 2927155
17 12 466710
2 7 2746396
4 12 158233
10 6 1598206
1 14 502684
5 17 996480
15 6 2561426
12 14 1790659
13 2 127687
1 5 1553608
6 12 2387658
11 7 2305113
4 8 651585
6 16 526820
1 2 1388207
16 9 178844
15 9 2450487
12 16 1884255
10 11 986639
8 6 383968
13 1 1005051
5 14 823739
10 2 435963
12 10 2552092
2 7 2720612
16 9 1690464
16 9 1324367
12 11 1637702
16 8 58259
13 2 2646278
12 16 661707
16 12 1390833
1 5 1830112
12 13 367242
9 8 2114991
16 2 2866946
11 1 1233173
9 14 946315
16 17 2903078
1 14 24694
8 16 660846
3 9 360431
9 5 1037055
3 9 1342665
4 8 1513493
5 15 2576239
10 9 2293427
1 17 1926976
1 11 1920423
1 17 2388743
11 13 2197149
16 14 4194
13 4 820325
16 11 2772798
5 4 2534150
8 9 1592226
5 10 990293
3 9 199879
14 6 1711141
8 12 1157440
1 5 1330530
2 10 373106
6 8 819545
10 3 2528827
1 4 748140
1 9 482295
17 1 1806365
3 14 1788907
13 15 1837303
12 11 188562
13 10 1302077
5 16 815783
9 10 2780357
16 15 1187726
1 8 556218
13 2 1409777
11 6 2766629
15 6 970692
14 9 1862012
16 13 722832
9 15 23454
1 14 683098
3 11 1525308
15 14 593621
5 7 546924
14 6 1216663
15 12 2234019
14 3 1068584
10 7 467024
17 14 1765297
13 11 2816116
9 2 2755589
6 14 2496738
7 8 1543357
2 1 2635729
1 9 1928756
4 1 2952106
8 16 2660459
12 5 2881242
8 13 2193581
11 2 2946097
1 6 2783097
5 16 2641532
16 5 1443102
17 3 2721327
1 17 278103
8 12 685621
15 3 2266550
1 11 2734992
13 4 1398861
4 2 2483345
4 3 767239
11 10 775113
16 10 1495890
2 5 1979936
7 1 1764408
1 10 1950286
7 17 2582729
5 9 916184
1 2 694578
12 10 1200108
10 1 1649239
11 15 744626
8 9 135197
15 7 1411689
2 8 2309929
17 15 1119206
16 6 1948333
5 13 255108
16 4 350923
6 17 1111287
5 8 1405131
2 14 1659222
6 8 1444272
2 12 2118868
15 12 1940942
2 17 1604176
6 12 1588036
2 13 2276628
2 1 1926104
3 5 1821947
2 9 364238
7 1 360417
15 8 1830459
7 3 1479144
9 10 404420
10 3 515127
15 13 360403
6 4 919525
14 1 2739054
9 2 918344
5 4 2342219
3 12 793847
3 8 2007298
5 4 1429487
8 6 2842922
17 1 1981201
16 13 2245302
12 7 2849066
10 6 2118069
11 17 159620
11 12 1594978
8 7 1419003
13 17 1246159
15 13 2655021
2 16 348475
3 13 444885
3 5 152679
7 2 2330897
5 9 2091647
11 17 837564
11 1 1218386
16 1 1050690
12 15 2125411
13 10 1074605
13 12 1576791
8 6 1244533
2 4 2944752
16 13 1352704
8 1 338244
2 14 994175
8 1 466884
11 2 534434
9 16 79333
12 11 1906133
3 17 620702
5 9 2715650
9 15 1368946
6 1 2960540
7 11 1795910
2 17 1221976
9 8 926233
6 15 773677
14 5 2583098
1 5 1233421
17 7 1882328
10 12 74662
12 1 902099
10 2 219237
4 13 2718820
15 12 2763876
12 9 1330297
16 17 2957435
16 6 309571
3 6 2404408
14 8 2839638
6 3 1179827
10 17 1578814
5 6 1264367
7 6 2175132
14 9 1966552
2 7 1214918
4 15 42524
9 11 71760
10 12 1454422
4 14 105384
6 7 11167
9 7 157079
7 9 2185052
15 3 384843
3 6 2708087
7 6 1543710
16 11 250566
12 9 1715612
5 8 107041
10 6 2292848
16 7 1358021
10 13 2630295
10 5 230495
16 5 1186509
6 12 1628105
6 9 722418
5 12 586851
1 16 1249319
14 17 361819
1 11 1197219
16 7 983850
15 12 567942
6 15 762501
7 12 172901
12 5 2146555
15 11 2429747
1 11 2144098
6 9 1730888
13 8 1619391
10 5 792580
5 14 36367
7 16 1007250
7 4 2797241
14 2 2849711
5 13 1664494
12 5 464327
8 1 805778
5 13 642541
17 5 1320469
13 1 172579
7 17 2069479
1 2 1807802
15 12 1351187
13 14 1095060
11 16 2733517
15 3 155626
11 6 2844320
4 13 2186747
5 1 621043
17 2 485420
15 10 1648392
17 5 2838625
11 7 284096
16 9 2888612
6 16 1851855
11 8 43979
3 5 789553
14 1 2324707
9 13 21548
4 2 1418099
16 4 2563012
4 2 1530760
5 12 1955434
12 15 640376
6 2 764414
11 10 593270
15 11 2196408
4 13 516753
5 6 386106
5 3 1870396
4 1 2012782
14 8 2014538
15 1 1171892
15 6 1246273
1 15 888271
17 4 2863005
8 1 750253
9 14 1385877
14 9 1865054
7 15 2296013
5 14 1911782
1 3 1676607
7 10 2607333
6 11 848272
17 6 2577918
3 14 2827528
7 3 2375185
10 15 2299620
9 6 1502427
7 4 1475509
14 9 425270
6 5 1876683
2 5 631064
11 4 1683015
17 16 2860285
13 6 1153176
6 4 1987966
12 1 336258
10 15 2893573
1 8 1898948
17 15 1337483
3 1 932484
5 14 338951
1 16 1456393
3 13 2750035
2 17 1512629
17 8 1063421
11 17 2993297
8 7 2681821
4 11 2398389
2 6 1612770
4 15 2554543
2 6 234878
13 6 888570
1 17 116799
17 15 675136
4 9 2009062
6 2 1679463
8 9 2708846
6 5 462740
13 3 212631
8 12 1663640
10 2 1918617
13 12 21500
14 2 2727409
2 9 2724562
8 6 101961
2 13 2892506
2 1 2559585
9 4 2343223
8 11 1849760
7 14 401679
5 16 694053
13 17 1145711
16 6 282916
7 14 256625
15 16 1288721
2 3 1047013
5 10 59510
4 1 894012
9 3 2673996
3 17 2544761
6 7 671425
6 8 1029724
12 8 683507
12 5 869526
5 12 2335363
3 1 2090295
14 9 2956067
3 8 1459501
4 11 2193303
10 5 1409533
8 6 1918863
9 12 1384572
13 7 2186901
8 11 2528443
1 5 1492563
12 11 293726
6 10 2877913
10 6 1982145
1 15 1834225
14 10 2821385
3 15 2841157
4 3 553372
14 10 2825687
14 7 265431
16 10 2776505
16 17 1271119
4 15 2907941
3 8 1795867
6 7 2184454
9 4 2483354
15 13 730714
4 1 2113019
11 9 1155926
9 7 114606
7 11 1406767
7 2 138756
8 16 776060
11 6 2020980
9 5 2026547
13 9 2166543
13 8 663017
14 13 2361318
10 17 333567
7 9 2149491
12 8 2398468
13 1 2525537
9 17 439
9 16 2028177
2 10 2355047
9 10 1236670
15 5 1319940
7 16 2611824
6 4 120687
7 16 2259825
6 13 2630696
5 16 2853136
12 4 415383
5 14 694845
1 10 1490015
10 16 1302483
4 15 404783
2 8 624188
2 12 222268
16 9 2478301
15 12 850957
15 4 2995386
10 2 2112574
10 7 2245701
15 13 2037514
11 7 1326223
11 2 1993225
5 16 734419
11 14 554905
5 16 630442
17 1 952959
11 13 2658040
17 3 2415725
11 14 1228122
4 1 1858837
12 11 2013678
16 12 250978
4 3 2639464
14 11 1026453
13 2 1379197
2 5 2853134
10 12 1486969
5 1 1478280
15 1 100404
17 3 1993352
1 14 851329
9 3 2975469
7 10 6065
17 7 950516
6 2 1492279
16 4 2380997
16 4 2209532
5 6 628817
3 14 2871741
15 14 1894437
10 4 1651611
2 12 2444114
8 15 1523236
12 14 2800047
14 5 2034930
7 9 921974
8 11 1704336
9 8 414561
12 2 898412
7 11 1506677
14 11 263100
7 12 1199841
11 17 1391612
7 11 1119718
10 9 1570760
1 5 592679
5 7 1901081
5 8 915065
14 2 2260467
13 14 2319955
10 16 2424658
6 1 1844428
17 8 2351532
7 9 949973
8 10 282306
15 7 2481201
11 6 1262620
14 3 548135
8 3 1985520
2 14 910483
14 3 345646
6 16 519308
10 9 2156512
4 13 523695
1 7 1019849
16 6 2721569
7 10 560653
13 7 1437303
17 4 2135219
11 3 289665
2 4 533588
1 8 1542550
14 1 2085189
7 2 43810
5 14 322918
16 8 1557644
15 5 1045978
15 1 1301638
10 14 424673
6 4 302333
17 13 92689
9 12 1513950
6 9 417305
12 15 2157173
13 8 775007
16 13 1087440
5 14 1027897
10 15 2306581
9 7 1310386
16 17 1133337
1 3 1829938
11 7 1956323
2 16 328418
1 12 455079
16 2 2406306
10 1 2735653
16 11 2592497
8 12 1018125
14 5 926521
1 8 1722714
3 17 68614
9 10 2842959
5 15 1660528
9 17 1007026
9 13 481849
12 10 652929
10 2 948290
9 5 68818
10 4 844319
14 5 209727
3 6 2859786
1 15 2280709
4 1 1701045
2 10 2227236
6 14 1331975
13 8 2105148
13 11 682187
14 7 2720365
10 1 957833
4 17 1090125
15 16 719915
11 8 53220
15 12 1201230
14 17 564902
2 15 135204
14 6 1826123
4 2 1621448
13 12 527993
17 9 1070737
11 15 2824051
16 3 850955
10 2 1533050
16 2 2141188
9 1 2188463
3 8 377759
15 2 1361015
15 9 1334686
14 8 474194
6 2 1612266
12 9 2489346
11 2 571302
6 13 2094638
8 16 2299720
13 5 319988
12 7 2057128
14 10 926450
3 1 1126053
5 7 2578997
10 4 1558205
17 14 1522221
16 7 1559346
11 3 2178908
6 13 553107
7 12 925430
17 2 8300
11 3 2364017
14 9 2115635
16 12 2040442
11 16 153933
3 1 167255
11 15 1797664
15 8 2597281
10 2 207491
2 12 686663
11 16 323920
6 5 2500539
5 13 2970914
1 16 1537332
11 7 1228419
2 10 2210180
4 5 859478
15 5 2878610
10 16 1922884
3 9 848946
5 9 936922
17 4 1591928
11 4 1682814
4 16 1314734
5 2 23069
11 17 2913501
13 4 1682474
12 10 2169587
3 8 689366
12 17 731020
1 16 802848
17 14 1867748
13 3 870174
10 3 1018306
13 1 2110294
17 5 1112447
6 16 1095828
13 14 2193043
14 10 756402
2 17 770483
9 5 1468514
5 17 105734
7 5 1779959
6 1 2873952
17 11 2177603
16 15 509344
15 4 2684600
5 15 1213284
12 7 248445
7 10 165980
12 9 1206172
9 17 1001318
11 6 889525
9 1 2990558
15 2 708704
10 12 1282474
15 13 1369959
3 9 2637896
1 12 2734366
14 4 1654175
4 13 1221699
4 15 1314956
5 1 2117737
12 7 501405
17 16 2050757
2 14 1611819
14 12 761058
16 15 289499
9 13 17857
10 6 2380801
3 11 1277496
1 15 231552
3 17 1552754
3 2 384731
10 11 1583096
8 10 1394527
10 1 1385062
8 16 2196581
1 17 803778
15 8 2005804
1 13 549512
16 8 1888241
17 1 1147532
2 6 2695800
1 7 85000
11 1 929236
12 17 1194114
13 5 2031178
12 4 2191342
17 15 705657
13 9 1713516
10 16 1429802
1 4 2543344
9 14 265035
9 16 1164018
17 4 2763958
11 13 888367
16 14 1319222
17 6 1724035
14 4 1442356
1 9 1870356
15 9 2632868
9 11 550492
9 6 2943462
13 3 2897477
13 4 1667621
7 15 88147
4 3 1314638
2 12 1705859
2 6 2543700
10 11 2041214
14 7 685765
7 3 34185
6 15 931402
16 14 2232741
4 6 1927026
17 7 2491252
16 4 1027606
15 14 462963
11 7 2308331
9 12 688217
1 15 2892259
3 9 161178
16 7 679308
14 4 598807
7 5 303867
10 7 645291
7 15 631344
9 6 352314
16 6 428688
4 14 403184
7 15 2273117
11 1 1787653
3 14 1884792
7 9 1040659
2 9 1161780
2 4 2805398
7 13 539724
9 2 1841738
8 7 852601
9 12 826948
11 5 2999431
12 2 577951
7 8 531550
5 15 2979789
17 3 1652356
15 11 2348696
2 7 2629983
7 13 882187
8 10 1515612
12 3 2600400
6 5 1572593
10 12 2311515
4 8 2669596
3 15 314603
1 9 1284960
4 3 2098763
1 7 2290673
2 7 1722633
14 9 2097392
5 4 698352
2 16 525692
10 1 536459
14 2 111175
5 1 2471513
1 3 2033000
7 16 34230
8 13 523960
14 8 957927
13 11 1008791
17 15 1820575
13 11 854999
12 14 584427
12 10 1032557
2 6 281338
13 17 2199290
5 4 1754975
9 17 1246589
8 12 2398877
2 16 2316507
6 2 1924655
15 3 2377067
16 2 1273628
17 14 260476
11 17 412294
2 9 1705767
10 9 2956155
15 6 2499260
17 13 973297
9 6 2652622
10 2 2216122
9 3 2168484
8 15 339262
17 5 2677708
2 6 2418943
8 12 1915546
10 15 1600299
6 12 745279
3 8 1594907
13 15 640145
8 13 1783767
17 13 945017
2 15 2819235
12 11 2781618
10 15 1377181
14 8 2979776
13 5 1172885
14 16 1591399
9 17 792958
8 2 69601
17 13 1770527
5 17 198017
11 5 864962
8 15 1483973
15 6 297030
7 10 2674446
17 9 1475592
6 17 1648422
12 5 126166
14 11 1419353
11 5 574528
1 16 2243070
12 15 48590
16 7 1308604
3 14 1893662
12 15 809010
11 4 911774
9 8 2119164
11 4 1439965
2 8 2744965
13 17 1174776
15 11 982691
17 16 1257064
9 4 2988283
7 9 2558994
9 8 2923142
9 6 622369
8 5 305772
14 13 1967415
6 3 1775032
12 7 2731223
13 2 2083609
2 3 714900
16 2 424361
3 10 1206935
17 4 284049
11 17 2974221
1 14 118383
1 2 228320
13 14 443154
2 10 24750
11 4 47961
10 11 2361151
1 14 60307
6 9 608203
12 16 842651
10 13 2606056
8 4 121141
14 6 2859399
8 3 392930
4 8 2510553
5 14 757503
14 4 1764183
9 6 86957
4 14 2244323
5 15 1003724
13 12 2630185
12 17 1541566
1 10 2537733
10 14 259306
13 2 2958099
10 17 2251388
15 17 2901690
14 11 2776103
16 10 2118662
15 7 1132133
17 10 1565001
15 2 1478243
6 4 1600183
13 16 1552307
14 2 2531429
5 16 608200
12 9 964803
2 5 1836704
7 2 2669038
8 13 2836272
9 5 1002456
15 3 1788155
11 12 1654002
3 10 723044
1 7 1428958
16 1 995851
14 2 1161459
14 17 2751765
10 11 2811252
8 12 2081669
2 3 293274
10 9 688761
5 16 2247579
1 14 972292
9 15 2304224
16 9 2384952
15 3 113638
9 7 2625556
3 5 1868849
10 4 2360600
11 2 2691184
2 1 575832
11 15 1417599
12 10 902913
17 12 859834
1 11 174314
13 6 1199050
11 4 230453
17 11 1420480
5 14 2591382
17 6 2123808
13 2 2224515
12 1 959807
17 13 1402223
15 6 2282521
14 5 973789
8 2 1852741
17 9 393094
13 11 207801
9 16 935294
11 9 1490677
14 15 1778778
2 15 581399
3 10 2639278
14 10 1682391
5 16 2679190
8 16 2275086
4 16 2568215
8 3 33156
17 1 188031
16 7 2094846
14 3 743517
5 14 2789094
15 5 1331684
16 3 415652
9 8 2306072
17 14 1429287
12 15 1592333
2 7 2702321
2 5 89743
7 10 685503
14 2 1919956
9 3 849714
17 15 1965871
2 14 1091018
6 2 2630424
4 17 1872850
6 15 1448181
4 14 2436849
1 12 1372146
13 8 2585651
17 7 2753244
1 3 481713
9 11 822964
5 4 2925400
15 7 2752385
8 2 784841
16 11 1641142
16 11 62133
14 9 389152
16 14 2932106
1 8 1686164
8 9 644969
11 5 1811166
3 16 1916544
2 4 1176225
14 4 145204
14 15 680506
12 8 1869743
2 4 800613
2 3 2791010
13 4 861190
7 5 2492007
15 14 1982622
16 9 1203373
14 6 1487632
1 6 980452
11 8 1856928
9 6 2812748
10 14 2700848
8 1 1700053
5 10 416567
3 1 1373323
14 2 2407180
8 6 2700196
10 13 1754031
13 15 2004563
7 4 1982502
11 9 2605327
10 16 2547443
1 9 383001
15 10 2815527
13 8 661621
16 6 2486571
2 15 1252793
13 9 2630331
11 16 352117
9 3 1827351
9 10 60746
16 8 2418166
16 1 1506911
9 12 363119
13 12 1005273
15 5 1515872
6 5 2240696
13 16 2945788
14 3 1342596
17 12 628666
2 16 990652
9 8 1253239
4 12 2865002
9 6 993289
2 8 1500428
14 16 39718
17 5 2832936
9 5 2613226
10 6 569036
2 13 571926
4 14 390175
14 6 742602
9 10 2020888
14 3 43790
5 12 1395520
7 17 745710
13 17 272666
7 4 1839589
6 14 1420756
13 7 317864
8 4 1294728
3 11 2412167
8 15 1971871
2 5 1235036
14 9 576598
3 10 2034621
10 6 2918116
14 10 2671067
5 6 2533781
13 5 1700434
3 7 804781
10 9 816497
14 2 1868623
16 11 257170
16 15 854453
10 15 1564204
17 14 1016520
11 8 2794205
17 7 2476737
17 14 1010200
2 8 694525
11 6 1646724
9 13 1362257
7 10 2458513
6 11 1174709
8 14 2997094
5 3 427424
9 14 2864442
12 10 1531905
10 13 2263479
16 6 1266494
9 16 1447262
1 17 2302607
17 11 1840886
14 15 156247
9 15 1912835
14 10 2849916
13 16 30725
16 10 2400551
14 12 1831456
17 15 2741915
15 8 112963
13 7 2475464
15 1 1285196
10 7 2151866
15 2 1190960
12 9 2880511
1 7 1878824
16 11 1031894
12 4 1881397
12 7 588420
15 3 107038
14 13 4464
8 5 1728179
7 8 2402056
12 5 2407922
11 17 351772
16 4 863661
14 17 1297392
4 7 419051
7 3 1697582
10 17 2297044
15 6 686251
10 16 1231065
15 7 2874294
3 9 1309188
15 9 2115674
17 4 338962
5 9 1594284
13 12 2503058
6 8 515528
16 8 784376
11 1 1134300
4 14 925723
3 14 913520
17 11 1074304
17 10 2324187
9 6 385234
8 14 2676455
1 8 923248
16 12 1371477
7 5 472166
15 17 205015
3 1 1883704
17 1 942953
7 8 2625874
12 17 2534782
4 9 1266161
11 12 1280430
12 11 336079
15 8 622156
11 14 1884188
15 3 2853255
6 13 2522853
5 1 1190304
15 13 2111758
2 10 593015
2 9 1244663
16 17 2792985
12 16 1763768
14 15 2297030
5 13 1521153
3 17 961113
2 8 1701806
4 1 272219
2 14 237889
14 13 2438389
9 12 2253209
13 6 831638
2 17 2513763
9 11 2906302
13 2 406999
12 5 2112021
1 5 2649156
15 4 1372698
7 2 1048065
16 5 797140
12 10 312780
7 5 762140
15 2 1160477
15 6 338991
9 7 2007043
5 4 453602
7 14 2936072
10 17 2625397
15 5 855280
10 12 1986978
4 6 739303
15 7 2383524
15 14 1129167
14 1 241508
2 13 139316
13 12 1245175
10 3 2476302
7 9 2053854
14 15 597658
14 17 692491
12 4 243276
5 1 638395
10 1 1377075
8 4 1354808
6 14 2249957
11 14 2812693
17 6 927440
8 12 2078318
13 6 2539373
13 7 2376417
5 16 1709471
5 3 1718390
8 2 198769
3 14 257360
6 8 657996
3 10 278939
15 4 1659104
3 7 1354182
3 8 905046
3 7 423910
5 11 2093495
12 14 1287849
11 9 291690
9 3 2069898
1 4 2375273
7 16 106114
14 4 1914195
5 3 2651941
17 11 1187131
2 11 173335
13 16 316625
6 1 1011434
4 14 2811042
11 8 700655
4 15 704348
5 14 413030
13 12 141672
6 16 2756633
14 11 1901285
7 12 383186
16 6 733488
4 3 1152289
5 3 1230851
8 10 1015422
14 3 1399486
2 16 356264
1 12 1919669
2 9 964150
7 14 1945817
8 9 1578139
2 7 2110253
4 10 2737014
11 3 2139769
2 1 2916326
12 17 2392617
15 12 1866420
10 3 1567646
10 8 2529569
4 14 279261
10 1 622347
14 3 1528904
7 14 218532
2 4 1191058
9 2 799741
12 16 211318
5 4 1957660
1 12 101918
7 9 2773749
7 2 557745
6 5 2608840
9 12 2068947
11 9 823095
16 4 2900713
14 12 2936141
17 12 24566
9 11 2936285
14 11 100644
7 4 1528720
3 10 808027
6 7 1169949
17 7 561723
2 7 72285
15 9 2416484
15 1 2948398
14 6 1815825
12 11 1000459
1 11 1194144
10 1 1577791
16 17 565555
7 3 675506
5 2 1924439
15 9 937357
1 6 2812662
10 15 494501
11 1 1662593
9 10 511785
10 15 202707
14 13 1897696
2 7 2429205
15 8 2183433
8 7 1826377
5 2 2510853
3 9 684636
6 11 497963
10 1 2983399
15 11 418909
6 1 2405679
14 4 2850047
5 10 796418
3 5 2996716
15 3 175357
13 6 1977908
6 13 497008
8 10 1468820
12 6 535480
11 14 78784
4 10 2596130
15 16 2924959
17 5 1061235
5 16 1936879
7 16 1564701
15 13 1789308
7 4 208149
10 12 1537963
14 3 2551527
8 13 994055
4 5 1223091
5 2 2461848
12 1 2833387
6 3 2197106
16 4 1378562
15 6 285390
5 10 688837
2 14 38569
2 11 1666163
2 1 1889553
12 10 1614036
5 10 2110718
2 14 782685
2 10 174031
11 16 2809492
17 13 1246016
14 6 1092578
14 13 885731
16 4 425770
2 16 2273887
3 14 1393191
5 8 250358
16 8 338517
17 2 2843652
14 7 816043
6 14 1773269
8 17 1383242
8 9 1240442
9 12 1663032
14 7 2432743
9 10 2155508
9 10 2179686
10 6 1962724
16 1 107458
10 14 2437215
10 11 2884918
14 12 2533799
11 12 1500465
16 12 2344594
17 10 528305
10 14 1161654
6 15 1912635
8 14 2949206
6 16 2483486
2 5 1842317
4 3 1481846
6 13 1711996
8 17 1225716
12 17 1045349
12 1 91917
4 5 274622
2 8 1381917
3 13 2998182
13 1 1095145
8 3 1848738
7 5 994154
12 1 73294
7 13 1414381
8 4 2233173
9 4 2668928
1 17 2136997
13 1 1490459
9 1 2207472
6 7 445361
17 13 364291
6 16 1592059
13 8 471219
6 5 1544068
15 13 1580446
3 9 2387521
14 11 2857457
2 7 2072771
3 4 1007517
3 2 2261272
6 3 311247
2 10 2320789
1 17 1757860
14 7 160218
8 2 1505110
3 9 1423011
10 3 1606497
6 17 2127292
14 10 2007615
3 13 2038837
6 3 2997884
1 9 2486451
11 8 1110049
5 11 1261900
13 5 2070563
15 2 2157280
1 9 1272076
1 6 1832349
15 9 1597783
16 8 1937488
4 11 1053031
11 3 135706
2 16 1184912
13 11 956963
6 9 76411
1 14 2584692
5 9 2717971
15 9 920495
11 17 2126506
5 14 1346553
1 13 67347
1 6 1300524
9 5 926532
4 16 2989716
4 9 2230486
2 8 644038
5 14 302911
9 1 2976489
2 6 1519229
3 10 334977
9 8 2129520
6 9 395998
1 13 431139
9 6 2684822
12 10 2927487
7 10 894045
14 4 2766654
10 8 1008769
7 5 2326124
2 9 2664559
12 9 554827
9 8 415120
16 14 2613185
6 17 1315569
8 2 2904286
10 11 1028220
12 5 2125206
8 1 2596409
4 16 1050681
10 12 1624782
14 17 828329
6 16 2674442
7 2 2911125
12 6 2891071
5 6 2068188
12 3 1773974
7 3 2209515
10 9 2869190
6 7 1019300
16 2 1031519
11 15 1340911
1 7 2691120
13 17 2190255
10 1 960825
17 10 860882
16 3 1565084
8 5 608938
4 3 445677
15 6 2744500
14 10 2057785
13 16 1771536
7 13 37503
1 9 2066808
8 3 1268427
6 8 2891279
13 10 2076635
12 11 1456108
14 10 2352258
15 3 1085069
17 7 1438366
15 8 215886
13 5 2386577
10 4 2713862
9 12 2004956
2 17 1352500
12 6 563931
12 15 2303928
11 8 2140362
7 12 170119
1 4 2631091
15 10 2231328
9 4 1351645
10 4 457436
16 4 2617790
6 17 1664738
17 12 2229083
3 8 228592
8 9 306811
6 15 451687
4 10 922423
7 16 398106
5 6 1271502
12 7 54758
2 11 1366286
12 16 938884
2 12 1168783
17 16 1478263
12 2 1591665
12 13 2044105
1 15 2089464
8 10 847884
1 6 1434617
16 7 1805561
7 16 1332599
1 4 2216687
1 4 1913876
12 8 825376
9 11 1477890
4 17 468235
17 7 2999271
10 16 2487608
5 14 2408154
15 8 2027601
11 9 397005
6 13 2207864
2 17 81151
1 12 755525
3 14 828922
2 3 385318
16 9 1306902
11 5 1333939
10 16 2840019
11 2 245378
1 11 768580
17 6 2283041
13 5 2021649
1 6 159713
10 5 2344505
2 12 1595778
17 15 1163058
16 8 2086134
15 10 2685201
7 4 1491591
8 2 2257671
8 2 2696220
2 4 1866031
8 15 1546580
6 9 2168684
4 3 1882875
17 14 2478883
5 8 818263
15 1 1370718
11 17 2770738
7 14 167145
10 14 2171423
15 4 1510997
17 10 578676
7 2 2119158
6 16 517821
8 10 8780
8 2 2384673
1 8 608793
15 1 2175964
6 3 1192610
10 11 505824
5 10 2953567
14 6 1921261
12 3 1607730
12 11 685729
1 17 2819152
16 4 1522973
9 11 1994924
10 5 1003648
8 3 1413796
8 10 1633412
5 10 274280
5 2 1023002
9 16 1167137
10 11 1881343
2 8 2521921
1 15 1037501
12 13 2538436
2 1 2495619
14 8 699274
5 9 1980750
17 16 846788
8 5 738328
3 7 1171306
2 6 263927
9 1 707922
1 11 2365420
3 13 656578
3 17 315586
13 3 531916
17 13 1698963
16 6 2321078
12 11 1536366
11 16 882564
7 16 43276
17 14 2057222
9 10 6070
1 11 2513253
1 6 2943303
7 1 2528552
10 3 730363
17 2 1165172
10 1 1023177
16 3 1344531
9 7 1515300
17 15 73928
17 8 123534
1 2 2614189
11 1 1283682
14 11 2720113
14 11 885700
9 5 1534814
14 13 2511314
17 7 70176
4 17 1856539
2 5 2254317
13 14 1246305
2 3 220781
4 5 551087
5 2 1622187
11 2 975949
15 4 1075597
10 9 730889
6 8 6439
13 16 1717710
8 6 1303793
1 15 2391336
14 1 1797003
3 10 2073233
7 12 497265
4 10 539859
8 2 1447676
11 1 817677
8 9 871426
4 12 2095365
1 5 2476645
6 7 1209549
1 13 1363133
4 13 771528
13 3 613465
2 11 2412007
15 16 1634299
3 16 2902832
17 15 967588
3 4 909983
10 17 172880
6 9 146447
10 16 1200568
8 3 872327
16 3 2370759
8 11 1727367
11 12 335631
1 3 2836076
13 15 2960326
6 1 41264
1 16 2643509
10 4 1357228
13 1 889328
3 6 1733995
17 3 1894754
12 16 69227
3 17 2954849
13 14 1089788
2 6 74376
10 3 4665
11 1 683649
4 1 2699847
7 1 2581711
13 2 2467516
4 2 2074543
12 15 1161109
4 1 927570
4 7 288989
7 4 1410485
15 16 377548
10 1 1315229
5 4 1558385
8 7 2721540
15 3 695035
1 14 414883
2 16 2174877
1 4 44049
14 9 1757502
2 13 573257
4 17 2743999
1 8 1909522
17 16 2552640
16 10 176660
16 4 2078582
13 2 1844989
15 9 1046787
4 13 57281
7 12 1254045
5 15 427201
10 3 2992714
9 6 159556
11 5 254311
10 1 1804348
1 9 2257555
16 17 209581
15 4 2619708
4 7 1359606
10 9 401751
10 7 1022834
14 4 196085
14 3 2573927
8 7 1944884
1 12 1518982
7 15 1843713
8 9 335949
9 8 1261308
11 15 1029504
1 3 2142210
15 16 88952
1 4 2827276
17 16 1791499
6 4 1829582
16 10 1321552
7 16 1330355
6 15 1585627
17 2 2418962
11 16 2757969
2 8 1445825
11 12 2729367
3 10 621882
4 8 1000441
8 15 2570765
5 9 1135245
14 8 357472
13 10 2866404
6 10 1526576
17 2 2009766
11 15 1279086
5 9 1817032
16 11 2679292
9 14 2239399
7 4 2872925
6 4 569047
12 5 1518957
13 17 55652
11 8 2622586
8 2 1179779
13 15 2553687
2 11 1291435
17 13 2597324
9 10 213948
11 9 2023771
7 15 622159
9 10 1486015
3 10 2269496
7 16 199982
12 13 1044817
14 9 1736595
14 1 1874114
11 6 2268896
17 13 2897096
14 4 783216
11 17 1097958
1 10 495319
13 11 375969
5 2 1228154
7 8 1194249
2 12 1062443
11 14 2192337
15 11 174222
15 9 1497338
3 13 695072
9 2 1695033
8 3 2554676
9 16 843088
9 12 2632233
4 16 2499747
1 5 674557
9 6 255982
9 17 1597023
9 14 2045595
5 14 2567165
2 6 1975689
4 3 278455
10 14 489981
14 4 2249796
3 11 545119
10 14 1482719
17 4 1519014
10 16 1267786
15 16 991595
9 1 240926
11 13 931165
14 5 2014531
2 5 2069082
7 10 2429784
1 13 866931
4 6 984391
4 1 394766
14 9 390604
15 7 559290
3 7 1365187
3 14 2474759
15 3 1171257
15 17 830506
17 3 876070
16 15 776490
5 7 1037445
7 4 2798360
9 13 2599447
15 2 2500615
2 11 2191178
15 12 1130641
12 16 1964204
8 13 2372034
13 14 2740884
5 12 132142
16 1 608126
6 12 2853141
13 3 66510
14 6 2541386
7 11 2608344
7 9 195495
10 8 1853975
6 4 881004
7 15 2651751
1 12 2519692
16 11 2823460
12 3 764599
14 11 2438639
9 15 1337227
6 3 2866785
6 7 1436971
5 7 2049803
15 17 188790
12 5 1535870
10 2 717587
9 4 2884
7 9 227578
4 9 1510138
7 4 659714
2 14 2646376
13 14 2520801
2 15 1256776
13 14 681365
2 4 2784830
7 11 68674
5 9 727088
16 10 2545098
17 3 1113034
16 3 292434
4 17 100967
12 7 2420863
14 9 494481
12 2 907242
12 6 2930709
8 2 1032725
14 2 1674104
12 2 294001
5 17 1624174
1 6 1461975
11 1 2382544
3 4 864685
16 4 1980481
9 7 2878973
10 15 544119
12 4 2355925
1 15 569480
8 11 861474
16 1 1037637
17 6 634405
9 14 1351971
8 12 1070108
9 5 1022039
10 13 2549946
7 6 2296229
16 7 1993190
2 6 2493893
3 8 2419863
12 2 1441752
1 6 1074830
15 17 2802547
9 12 349332
16 5 2182318
10 16 1961544
8 5 693550
4 9 733957
15 6 611953
6 12 1800498
14 15 1842371
16 11 2459305
12 8 2791268
15 8 1663848
3 11 877077
6 7 828798
17 4 2451580
9 3 40139
17 11 2457168
11 6 2751262
13 17 112065
2 6 2743843
7 14 1684851
9 13 885275
17 4 513751
9 13 2207203
4 16 151537
16 3 986467
11 16 1473322
7 12 1925878
17 15 2034444
11 6 226550
17 1 1684065
1 10 215065
13 17 1040580
9 11 1098012
11 9 1112061
15 8 571134
17 1 2395896
9 10 2404481
13 5 1493455
9 6 2757360
12 14 375975
11 16 1757306
12 14 2103980
11 10 802762
17 4 113642
5 15 848805
8 4 2208438
2 16 704396
16 12 1516535
2 17 2437013
5 15 361359
15 6 89347
4 8 153708
14 2 1383359
9 17 431328
11 17 440427
17 13 1805589
11 8 1101258
1 15 577390
3 2 1034267
12 4 709055
7 12 1913015
5 6 1255941
7 13 93251
10 3 659165
10 13 1200497
14 10 1215316
14 6 271185
10 4 180241
14 15 901761
11 14 1261527
15 17 979084
10 15 2066471
3 5 2962000
12 3 1277173
14 5 209632
1 3 1980971
3 14 611332
7 15 1886689
12 4 572422
4 2 1482472
17 16 1696524
12 2 1296215
11 17 2716533
7 15 2553363
11 2 1601157
16 5 2390935
2 16 2536331
14 17 729119
16 15 1415341
4 1 1989033
7 8 1382634
10 4 185115
13 8 333322
6 12 1162586
9 14 1574450
13 14 2488521
11 3 2884388
10 9 2643287
12 3 2639164
9 16 1080949
10 17 1230883
3 4 2104471
7 3 2927195
9 2 1470261
14 15 2271121
2 3 1025258
6 4 2266223
17 2 2666776
5 13 1026224
4 3 986292
8 17 2791429
4 15 2218519
2 8 2488172
15 6 300935
7 12 2001623
1 15 2646448
17 16 667779
10 9 2729985
8 9 21019
5 14 1305380
12 15 717338
10 13 2010778
14 2 502602
1 2 2096200
7 17 453054
1 7 2350173
1 11 896823
11 15 1218278
16 11 1640359
11 9 683221
1 3 1017870
9 14 1727441
17 16 1006885
6 13 2395164
11 8 1248056
13 11 708638
7 14 1792266
9 14 546871
8 10 2893550
15 3 1165811
3 5 2079058
13 15 1530055
8 10 2581701
14 5 2254413
17 10 1649740
5 1 2997446
4 12 1073160
17 4 1635765
1 9 2536306
5 11 1373782
3 9 2473292
12 15 949099
12 10 1150076
8 10 1808666
11 3 819825
12 1 1745212
13 4 877660
2 13 2896619
15 5 2864235
14 10 780782
17 15 1318970
4 16 944302
7 10 451370
15 16 2874650
4 3 536812
14 10 122913
13 10 711527
10 4 391954
12 3 1987876
5 6 1071975
2 15 2468549
13 17 2259967
14 7 18727
9 8 1815590
12 16 2953588
2 6 2700496
16 17 1692066
7 8 2851316
7 1 2963771
6 16 483283
12 2 937346
2 8 2350552
12 17 2737622
8 9 622502
5 8 22292
17 4 964701
5 10 1477532
4 3 599387
15 14 1548722
4 17 1246165
16 6 2316496
8 10 1379381
17 11 2771218
11 15 279974
15 16 748450
11 10 2765049
9 6 366859
12 8 734694
3 4 999838
9 8 152924
16 2 2912436
3 12 806460
9 11 2298786
13 4 2795699
3 4 1215749
2 14 1460019
12 1 2175826
11 2 1236565
11 16 2048947
4 7 1244183
13 10 682533
2 15 1103014
7 11 1397778
2 12 23834
9 6 1552420
13 2 949419
9 14 2760926
17 13 331470
7 5 1981199
4 2 2494700
12 15 120493
16 3 2421390
9 14 2385243
9 1 1667046
3 10 2457583
