11 1769
3 4 1782622
4 5 143740
8 11 431855
10 3 1532033
1 9 1261656
1 4 691426
6 9 505629
1 9 340795
2 3 2388488
4 6 1870939
11 7 1169963
1 5 2885594
4 11 2811810
1 11 1838101
8 11 968087
8 4 1806080
4 2 2427287
11 1 370577
9 8 1272318
7 9 2719713
5 10 2489745
5 10 1220428
7 11 783366
4 11 1848918
7 2 2033848
6 2 1348252
1 11 1643042
5 4 488242
11 2 2284688
3 11 1424080
5 11 1158899
1 9 1877785
4 2 1562262
2 11 2070064
4 2 1598837
3 1 2070602
9 5 2907816
7 3 2057741
1 3 2204871
5 11 846677
6 10 90314
6 1 751847
9 3 1055198
5 10 862978
3 10 2986700
3 1 2099643
2 8 2434924
4 5 2820637
6 8 1122513
10 11 1972664
1 8 684534
1 9 1218832
9 11 909926
8 4 1085440
8 4 1355101
1 5 2743668
2 7 999795
3 4 2589623
7 6 1319799
7 6 70148
11 8 568678
11 6 1352197
9 5 1803567
1 2 1436914
11 2 2587759
6 9 1217995
9 2 674846
4 5 21159
11 10 1945299
6 10 1055086
10 2 2512462
4 1 2559156
11 1 743028
6 3 2545178
7 3 945747
9 5 1264262
11 1 2259664
1 5 1125614
8 9 93733
10 3 1841948
8 4 306044
6 10 442165
1 8 15202
2 5 2206033
11 10 2598633
6 10 288471
5 6 2519641
10 8 2899303
5 2 143066
10 11 272763
3 7 1413051
8 7 1444211
10 8 2681985
5 6 1032135
3 6 986360
5 7 1506586
7 5 1089448
6 2 1836518
3 10 1562286
2 4 456600
5 11 1819427
7 3 690911
7 1 1156682
5 9 1677863
10 8 947074
9 11 2375535
4 8 412507
9 5 2106091
6 8 790182
2 11 2859893
10 7 2271280
10 7 1615231
6 5 2203861
2 4 2620565
2 9 1793614
4 3 1524838
8 4 2224576
7 6 1642201
5 7 1881481
4 6 404184
11 3 402941
11 2 1946209
7 2 2503855
7 8 305410
9 2 220021
7 4 708442
10 11 815670
9 11 654180
1 6 2363155
7 3 1446778
3 10 932562
2 5 2347906
6 1 2746915
8 9 2079239
3 5 550283
11 10 1426772
11 9 1652751
11 6 2710512
8 1 766125
11 3 682275
9 5 2786895
6 5 1612835
4 10 1276371
1 11 1065583
2 10 2231646
5 10 2463584
11 7 1599784
2 6 981261
2 5 2742272
2 4 2588213
9 10 669925
5 4 602506
3 11 1317653
2 8 2695921
10 6 744016
9 1 1430479
5 6 1284397
1 3 924644
7 2 869633
6 3 2888440
10 11 982257
8 1 780837
5 6 2788468
3 1 855194
1 6 205995
6 8 1855272
4 11 645755
10 2 2471477
3 10 2768467
6 9 51786
5 10 923407
3 2 2762340
6 1 594030
4 11 869678
9 4 16688
1 3 17266
2 11 1023290
3 10 1210490
4 9 1172175
6 4 2847651
6 5 228283
5 10 913030
3 7 2134117
11 2 1683500
9 1 1770941
10 3 2587891
7 1 2442893
11 4 2626768
3 5 1413744
2 4 145355
8 2 1201559
9 4 1563213
6 10 1852658
2 9 111068
1 10 2647582
3 1 2791195
7 9 745856
4 2 1277618
9 1 1136715
3 8 2964913
8 3 2220219
4 5 1117203
10 6 876202
2 11 2737418
6 7 2713189
7 9 1035480
8 10 49489
10 7 1924069
5 9 37002
4 3 112674
5 3 2495494
8 9 213630
11 6 862646
5 8 1708397
8 3 2769243
7 1 926642
6 2 2484075
1 5 2016731
3 5 1551414
11 7 1592925
7 5 1812529
10 4 1144241
2 11 2915692
10 6 2905830
6 3 885614
4 9 432105
5 2 2511694
5 3 2776138
8 6 974454
2 4 1397748
2 8 1597636
4 11 1715620
9 11 143271
6 4 1328024
10 7 2718387
6 2 119703
6 5 1976017
3 7 2742089
4 8 2052237
10 6 976111
6 4 1080731
7 6 71544
11 3 618189
4 10 181659
10 2 2654287
8 11 2211875
6 1 2718615
7 1 1829564
4 2 985587
2 4 2907866
7 1 1208676
6 10 1624195
5 9 920991
5 4 2854034
8 7 1383816
10 5 1864582
9 1 604137
1 8 2878641
6 5 1155146
6 1 2956174
4 5 2228215
4 2 171932
9 4 1848076
7 4 2864805
2 5 2576101
5 2 1814849
7 3 2199267
2 7 2404607
6 2 1413561
8 5 450313
1 7 357928
3 2 241004
11 6 1740305
1 7 2563064
11 9 179807
7 1 257862
4 2 780826
3 11 2085548
4 5 214817
2 10 2169951
11 2 716708
8 10 2973454
10 9 752361
2 7 824626
2 5 162439
7 10 2308056
3 7 1724949
11 2 2099604
5 6 2428764
5 4 2465983
7 11 1934979
2 8 1540504
11 4 2213231
10 11 838850
4 5 429443
7 8 86879
5 2 1398358
6 2 2721961
6 7 118874
7 3 1916599
6 1 1702896
9 8 2373300
4 9 547880
7 11 547580
1 5 1015594
1 3 134087
7 8 1634019
11 8 970042
8 7 2588485
10 11 1334869
10 2 1052545
1 6 86417
2 5 2419479
11 10 2327072
1 11 1784171
2 11 536781
2 8 408663
8 6 617158
3 5 867467
5 4 2475993
9 8 706384
2 1 2241026
10 11 1522413
9 8 2403714
3 10 2781115
9 3 2267774
4 7 2874072
9 2 2056276
5 3 2165202
2 3 1766486
7 8 2458415
9 10 2168982
9 6 2247110
5 4 1642608
2 8 1869506
3 5 2865235
1 6 160802
10 8 754415
4 8 1840483
10 7 241212
6 4 1287045
9 2 100694
9 6 2530061
10 9 185887
2 7 572319
4 7 2784150
10 2 2329630
6 3 1406107
2 4 2544264
4 2 2198421
11 9 2833978
10 11 2873908
2 6 1771637
1 11 1835773
8 3 2791037
5 3 613184
4 1 2937878
7 10 1698072
9 5 396891
1 3 1274792
9 1 1437346
7 5 2118830
2 7 309916
2 8 2484596
2 8 2493516
3 11 2725388
4 9 1394942
6 9 185880
3 5 1349639
2 5 2511949
10 7 819884
10 2 1696255
7 2 264971
6 11 1508477
7 2 1787167
7 1 2408694
1 3 732248
7 6 160207
8 3 1335922
7 1 2332365
10 2 291236
8 10 692103
1 9 2295933
10 6 2899224
4 10 471696
11 4 2713522
4 3 2832906
9 3 1483793
8 5 2775750
5 3 1236827
5 10 2975908
10 5 499487
9 8 1581329
2 4 332142
8 6 1654250
11 7 223359
2 11 893903
9 4 1280667
7 4 2929085
5 3 2083503
9 3 127606
10 1 1292950
9 6 252546
6 1 1662354
6 5 2456254
8 6 2108026
1 7 819700
2 9 539767
4 6 1222065
8 11 654257
1 11 447142
1 3 1144306
4 8 593894
10 7 2904957
5 11 2759550
6 5 1282444
1 6 1318926
4 7 981579
8 4 65467
11 1 1207393
6 10 1149272
11 4 1236556
3 9 1303231
9 10 2756624
3 5 976944
7 1 147080
10 11 1982669
9 3 2868289
10 1 2111718
9 8 2576787
2 11 2539389
7 9 2129901
6 10 2160101
9 5 2164785
10 5 302310
7 10 18762
6 2 2807898
2 10 534470
4 11 1176656
1 4 59116
6 11 202890
3 2 905164
4 8 1279728
8 7 1777682
10 5 2970241
11 8 1187057
9 1 2271128
2 4 2016100
7 2 2665225
2 6 2987073
8 1 1417258
9 7 2318031
6 11 2275596
5 10 1324641
11 7 1900630
1 10 1062296
1 9 630283
6 3 165269
8 4 452112
9 3 1615251
5 3 1866765
5 2 2949273
10 5 1762880
3 11 1323807
9 7 795909
7 8 213840
3 8 4980
8 9 651721
6 3 2327068
8 2 1309372
9 10 1858457
4 10 533632
2 6 925748
2 5 1225757
2 11 2344029
6 1 2946340
8 3 2126059
2 3 1704085
1 2 2700640
8 7 888634
7 11 2679618
9 6 1751492
8 7 233639
1 9 2181570
10 3 1278335
10 2 2915584
4 9 97557
8 9 2925695
1 6 322993
10 5 1994652
8 10 1801657
7 6 2600193
3 10 2634239
8 2 2915857
8 11 1917631
1 3 1842860
9 8 1469777
1 10 2739397
3 4 525624
1 6 2274542
11 10 1365502
10 9 1369554
7 8 1795877
10 3 2499792
3 11 245775
8 1 1735226
11 9 1491211
1 3 2227512
1 11 2310470
2 10 712319
8 1 1717367
6 5 57542
8 5 2121048
2 8 533560
8 7 2631590
6 5 2813320
3 11 1975634
11 10 963793
10 11 2973768
10 5 243039
9 3 1358255
9 4 978457
11 8 2976991
3 9 231197
10 1 2398743
4 8 1630764
3 4 543766
6 4 2817788
7 4 1778875
10 1 1060006
2 10 2182265
1 8 2567763
4 3 836791
6 5 1711985
10 4 492021
10 6 2334569
9 1 1677566
11 6 290348
5 2 1375343
1 9 709989
4 11 1183083
9 7 1313272
3 10 176103
5 2 260204
4 10 142656
6 5 1562731
8 10 1435142
7 8 81407
2 5 2095741
8 7 1138327
5 9 2773240
10 7 2251128
11 8 522709
8 10 10400
3 7 1822916
6 11 2816820
5 7 1021777
6 7 23046
10 9 609203
7 3 486838
3 6 1632456
10 6 1686117
2 3 2278612
1 10 570836
1 11 1500378
7 5 781147
9 3 448113
7 1 1217339
4 8 1106164
1 5 1272303
7 9 1470776
11 9 923991
9 5 1132374
4 11 2821312
7 9 171995
9 2 2673962
5 7 2102287
11 7 1298415
1 4 1238089
9 2 795677
11 4 1698422
8 7 444842
8 4 944496
3 10 127175
1 5 2837621
9 3 2710785
2 4 1836178
5 9 1298876
9 3 1666032
5 11 426770
11 5 1662286
5 7 478006
9 10 2542627
9 2 598111
4 9 1585726
7 9 2505568
6 2 1241371
6 9 71767
11 5 1397204
3 6 2118663
7 10 1154595
3 4 2517066
7 4 790686
7 1 2205408
7 2 1748094
6 5 2347
6 3 1222427
6 1 259430
9 7 1353432
1 9 2487887
7 3 920080
2 1 207732
2 5 822245
5 8 1420933
9 10 664950
9 8 1240619
10 8 1946547
1 2 2378831
7 4 2131363
2 8 2116800
10 3 386826
3 2 674245
2 11 462325
4 6 2652762
10 1 721297
9 11 889355
10 9 2914120
2 7 2955704
8 9 61090
3 7 1472615
4 11 1732280
5 6 2236730
5 4 1476443
11 5 793678
5 2 2777139
11 9 2914144
4 2 955524
9 10 1217518
9 6 1064976
4 6 1823220
4 11 2982415
8 7 1576384
8 5 2521365
7 11 742432
1 11 2692676
11 3 2967625
8 3 2225143
9 3 1736782
10 2 63679
2 11 248226
1 2 2849076
6 1 89311
8 5 450229
6 9 1252805
4 11 1766231
2 8 2993772
11 2 386594
6 4 1278975
7 3 737058
1 4 2161900
4 3 2680489
4 10 79629
5 11 1542885
4 6 2793785
7 9 783170
8 5 1484492
5 2 1170202
5 8 463587
4 2 1087450
6 10 195200
1 5 513475
5 8 2937554
3 2 822049
10 3 1062132
6 3 973262
3 1 2416220
2 6 2598619
4 8 1483990
9 11 2074674
4 3 2265013
11 8 2656390
2 11 1514298
9 3 732396
11 1 2059953
2 5 2294838
6 2 288383
11 1 1800399
4 5 850055
6 3 1809872
6 3 1755608
1 3 2396849
11 9 214412
10 1 1654009
3 2 2230987
7 5 2840010
4 9 241842
11 3 38132
10 2 2909103
2 8 1612913
5 4 2161378
8 3 2026155
9 5 1440770
6 8 1718338
5 9 974198
9 5 1008553
8 2 2988768
1 6 921013
5 10 944480
10 11 2645913
6 1 2801985
1 4 2446183
1 3 422773
10 5 2718988
3 11 2428924
4 11 423184
1 8 249027
11 1 2127617
5 7 154426
8 7 1235730
3 4 1445170
4 9 1117834
9 3 432551
8 4 73718
7 2 29734
4 3 347561
5 10 2163028
3 2 415522
11 7 1962087
2 1 1126629
6 10 2645193
8 7 737071
10 5 2604761
3 9 437294
8 11 1681781
8 1 456652
11 1 2792234
6 1 948482
6 2 1605861
1 3 354633
7 4 2084029
2 3 2189882
4 2 1108877
6 4 1158659
3 10 2860704
2 1 2448607
8 4 140686
5 1 614750
10 9 940598
8 2 2196139
7 1 1784737
7 9 2562764
4 1 2240605
6 3 2010270
11 6 1174754
2 5 1292553
7 3 579357
5 7 745490
6 8 93565
5 3 1192503
11 8 273215
10 9 1900708
7 4 363281
9 1 795276
7 10 244442
1 5 2306412
2 1 1839825
1 2 2780230
10 4 768640
11 8 1555385
8 11 825486
1 3 1180329
2 6 724832
5 3 2221269
3 5 2017271
7 9 2945793
3 6 1065877
1 6 628791
5 9 1402614
10 8 619096
5 10 2677191
9 7 1638773
11 3 2290103
2 3 183931
6 5 1259693
7 9 570788
10 11 1472332
1 7 436807
11 9 732458
11 6 1109822
2 5 1574288
5 2 49318
9 11 1651081
6 7 1731718
5 7 1023129
10 4 716537
2 9 934968
5 7 2597251
4 1 652135
11 2 2254120
9 1 2192736
2 9 1268425
4 6 1614994
8 2 2737529
3 6 1396792
9 3 1794232
7 1 2599048
7 1 2814928
5 7 683550
10 1 181116
8 6 1848830
7 8 1223498
7 2 1713219
10 7 2452723
10 8 1427425
6 9 2056172
4 9 1652140
8 9 2951284
9 5 1108551
4 5 2017333
5 1 2399182
9 8 1218302
7 4 1146417
3 11 1143966
11 2 221084
10 11 674444
9 1 1104824
10 2 846289
10 2 1716996
10 8 1059085
10 1 1567688
4 5 318359
2 1 1133722
3 5 2990920
5 2 1338709
8 2 240275
10 1 357756
6 3 2377102
10 3 2028824
11 10 2561038
3 8 1768913
4 2 563736
11 7 1047864
7 9 1315183
3 2 2803811
7 9 2736597
9 10 1628079
11 10 520371
9 3 1468956
6 10 2526577
5 3 1744054
8 6 659158
7 6 353789
9 8 172201
6 8 2447800
11 2 1659192
3 7 2145717
7 9 1074127
7 4 1415687
2 11 2107019
1 3 62158
4 2 2094560
7 9 384858
8 6 2281676
5 3 944614
11 10 624039
7 2 361520
3 1 868031
3 7 660088
11 9 261106
8 6 2361419
10 7 502380
9 7 492260
2 11 2997173
6 1 2258049
9 7 1366489
5 1 1491428
1 10 690790
3 11 2198888
11 5 2485215
8 6 2120550
6 11 593841
3 1 2941679
4 3 363931
6 4 933350
5 10 1033482
2 11 1473031
4 2 1910289
11 2 279843
4 9 2804366
7 8 1454149
8 1 407025
6 10 8237
2 6 2380524
1 2 2251451
3 4 1070860
9 5 90355
7 5 1707845
9 10 803731
10 5 835388
4 7 1914715
3 1 1629733
11 3 2356819
5 1 882913
11 8 643150
9 6 1740204
1 2 2401725
9 7 1194142
2 11 2897436
11 1 2088184
5 2 1607554
11 5 1512337
4 1 612079
4 6 261872
11 5 1802232
9 4 1643233
11 6 492800
9 1 2385199
4 3 2980159
2 10 548411
5 9 1936917
8 9 425416
6 11 2627709
3 5 2352047
9 4 170820
10 2 112773
7 4 420923
7 6 2708893
8 3 1262072
2 8 1668059
2 6 379424
10 11 1573383
3 2 1452853
3 1 623971
8 7 422307
11 9 2195772
6 10 2637681
11 5 1194823
6 2 2851034
7 11 1757267
5 11 256135
5 2 116338
6 7 625877
9 8 1062862
2 8 2189476
3 7 685894
10 7 2227448
10 2 78679
6 8 2872060
10 8 1577399
1 10 2429157
8 3 2955221
11 4 1986569
3 4 2904284
3 9 2304786
7 6 118300
1 11 370845
7 2 975265
3 7 2260855
5 6 223586
4 10 472866
6 11 975946
2 9 465499
8 5 2024308
3 8 528195
6 10 2453702
4 10 2135094
10 9 2989264
11 5 1557520
6 11 1755252
2 3 725497
6 7 462924
4 8 724677
2 3 899790
9 5 1109835
9 2 481851
5 10 1954975
11 4 1881795
9 6 2864777
8 1 1969254
1 2 924243
9 6 2150305
11 3 2506373
9 5 1684418
8 11 1387441
4 1 1038966
10 11 2658288
11 6 2373689
1 8 2618085
5 3 410360
7 3 347937
7 8 2830584
2 1 2639952
5 8 2038015
4 6 2419658
6 8 759966
4 11 2167167
7 1 123131
10 7 252598
5 4 795909
4 9 1713757
10 11 739539
9 8 83681
4 11 1086218
9 4 1976507
4 3 707950
1 8 2695127
1 10 2004444
8 10 793754
11 2 2762751
9 1 2103641
9 1 172349
10 3 2962623
9 1 1853093
7 6 808208
6 3 2208919
2 11 1603469
8 5 1148851
9 5 2944199
8 4 1774800
11 7 1063023
4 6 1670041
11 3 1261172
10 9 681434
11 2 53959
8 1 84233
11 3 451653
11 10 785864
4 8 2967573
11 1 1861994
3 8 466526
2 7 2728835
10 6 978818
3 7 1525485
9 8 1374031
1 9 2233922
11 1 1855852
5 3 374592
6 8 932361
9 4 1291027
5 1 140595
10 8 2267703
10 2 2959016
5 3 972552
5 11 1814725
11 4 1517048
8 5 1156174
11 9 1851989
5 7 1132586
11 10 879470
7 4 2056529
2 4 321671
8 7 1780933
10 8 1985678
2 7 481462
6 8 207830
11 3 2582971
8 2 234942
9 1 1718519
4 6 857669
5 2 683510
6 7 1096908
2 4 1511134
5 7 2853089
4 7 2092659
1 8 1829709
6 3 1000069
11 5 2701938
2 7 1129878
8 5 849697
10 3 285103
7 3 1514156
2 6 172856
3 4 1477881
2 3 2104419
11 9 2145151
5 4 2531074
11 1 876794
4 6 393764
5 8 2757615
4 3 2929482
1 2 2138017
1 6 1445592
6 3 1452559
10 5 1128681
8 4 1725431
4 3 809824
4 7 2588983
11 10 2107050
8 6 2065384
11 4 2679444
7 1 671661
9 3 903313
5 9 2585923
11 4 595865
7 1 1443592
3 1 1449562
1 9 65182
3 10 1748660
6 10 1406425
10 9 2427030
9 6 2775717
11 5 1477025
8 9 1993085
10 8 1012813
1 10 1260671
7 8 2879808
3 7 1294406
9 3 1067223
4 8 1780727
8 9 2419491
10 2 528233
2 10 1303891
5 11 754815
6 3 624756
9 4 2095039
5 4 142455
2 5 578586
1 7 629802
10 3 1738025
9 5 53695
2 10 2722125
10 2 2513232
10 1 803819
11 4 1299229
9 8 2813359
3 5 1394189
7 3 674989
6 9 445424
1 11 2012906
8 3 2874711
8 4 1271563
3 2 141615
2 6 1822052
3 11 350724
11 5 2198964
3 4 2336103
5 10 270758
1 9 119995
5 9 709512
10 6 2457565
1 4 1167512
3 8 1098114
1 3 2855434
4 10 1399820
5 10 21871
8 6 1877105
11 4 814742
10 7 1137516
7 1 2014180
2 7 17995
3 8 393476
6 9 2488522
2 9 1292639
1 5 467900
6 11 2498792
8 7 2514047
1 6 2326093
11 1 962755
4 1 1368914
2 10 1474577
9 6 1203847
11 10 242317
6 7 730742
9 6 804868
6 8 261403
8 11 2964489
7 6 116556
10 4 1618931
3 10 1877114
8 5 291904
6 7 222168
3 7 1401059
4 7 348093
1 2 717436
10 4 912498
5 7 941636
11 6 1078619
2 6 563836
8 7 2170893
10 8 2456188
2 9 2812878
7 9 893629
4 9 464907
7 5 2588384
1 6 843289
5 3 440812
11 4 2264846
10 7 774845
10 8 1123220
5 4 183070
10 2 2079266
6 4 2909829
1 4 372532
2 7 388751
11 7 2563815
6 8 2200294
9 10 1182894
7 2 319939
1 4 2300050
11 3 93542
1 2 1031028
6 9 1409124
8 4 1613485
1 2 1128043
6 11 1003117
10 5 1515610
10 3 2710941
10 6 2657369
1 6 2455303
6 8 2000728
5 9 540810
4 7 834780
4 11 2631572
3 8 18004
1 2 640675
2 10 2238254
11 3 1539376
4 3 2517774
8 9 1795834
9 1 328385
10 8 392473
6 7 230936
9 11 1888089
2 10 1093967
6 8 2570809
11 7 408873
8 9 14155
2 9 2873001
8 1 302546
5 10 2919384
11 9 2676575
10 1 173700
4 9 2696526
1 3 2320014
9 1 266588
9 5 1117713
4 8 248655
11 1 230468
11 6 1179933
1 8 2093400
5 7 1332079
11 7 1486971
6 4 513209
4 6 775398
9 5 1108899
5 1 319127
3 9 2806400
7 5 508437
9 8 1624575
6 2 1150125
1 7 2459624
6 9 643752
7 9 2295942
4 10 1774479
8 7 2752440
1 6 2207644
7 4 2348895
6 4 2996970
10 1 1291300
11 5 1482985
1 9 559497
6 3 1033410
11 9 359410
8 7 836966
1 11 271553
10 1 2555114
2 7 1938465
7 2 57512
3 8 2498614
5 1 2079485
2 11 2049080
2 9 1118098
8 2 2315074
6 3 1486185
11 2 726017
1 11 1797578
9 5 667200
8 9 1384639
11 5 2520592
2 11 2510085
11 10 1209531
8 4 523333
3 11 726758
8 9 761038
6 7 2549636
8 10 2187517
5 10 2149198
7 1 1214786
7 2 1166135
6 10 1939557
1 11 556718
11 4 118799
2 4 1799542
7 10 787769
3 6 2837215
5 2 617516
10 11 919597
1 7 2828849
8 4 755199
1 8 1714302
4 7 666489
8 7 2677715
2 1 92562
10 4 1638921
11 8 2452474
8 6 1057075
4 10 317370
8 5 826051
3 6 1264064
10 7 1699073
8 7 1824005
2 7 1349382
8 6 814703
6 10 860658
7 9 184780
5 1 858016
2 8 2941918
5 8 2030761
7 3 1493534
7 8 1809614
4 11 2570123
5 3 2597002
2 8 1248089
6 11 1934272
11 9 2377235
3 8 2371744
3 4 1583816
2 10 2082964
11 10 1702425
1 2 2149486
6 9 16149
7 10 2135897
10 4 2139167
7 10 214312
8 7 309853
1 3 329259
3 6 2428316
3 8 1559393
4 1 162565
8 3 2213927
11 3 2220749
11 6 1543395
2 10 2757364
2 4 1815004
4 2 646550
9 3 2282587
5 9 2585220
1 8 1831636
1 11 775930
6 1 2553558
3 11 880108
5 1 2496781
3 11 2081073
7 9 2763237
8 9 1745541
5 7 2993540
7 8 2808198
11 5 1116145
4 3 1998870
3 2 2177553
6 10 1598615
6 5 2649439
2 3 749598
8 4 1964072
6 3 2819480
11 9 1861033
3 9 1117631
4 10 618323
9 10 70120
3 2 939897
11 9 1656351
7 5 583607
1 3 2705839
6 4 1731030
8 7 291610
6 3 1117873
6 7 2266901
5 4 2524911
6 1 1892944
7 3 50571
5 1 1151716
11 1 2001758
3 6 2597764
8 1 2465249
9 1 2160845
1 4 2765155
3 7 2285490
3 10 1360824
2 11 2470082
11 1 260713
4 6 874075
5 11 2235079
9 10 72190
8 5 2077007
11 6 2810671
8 11 1572439
11 2 1489786
11 3 2209762
8 2 2142041
5 7 598614
3 6 190237
7 8 920664
7 9 978493
3 10 2449769
5 6 71487
3 9 150407
9 2 1094512
9 1 2908779
8 10 600022
9 7 158551
11 1 252294
8 9 1585748
10 7 2423916
10 7 750065
5 3 353665
6 3 806804
11 6 724401
4 7 274279
7 8 1416817
8 9 1919873
2 8 65842
11 2 1772698
4 6 2299995
10 5 2486798
4 7 1903154
10 1 2324260
7 5 2743536
5 1 1655695
3 11 1814465
2 11 2499403
7 3 1613918
8 4 1591717
11 2 202979
9 2 2229564
4 8 2978884
6 7 1856128
4 2 1066546
2 1 591901
7 9 1212044
2 8 855169
2 11 2806263
6 2 1456339
1 4 811026
2 11 239689
7 1 1725476
1 2 1687710
8 6 1336631
8 6 1886094
2 9 219173
1 7 1401784
2 3 2548162
8 9 252284
7 9 2885573
3 6 2279159
11 2 832280
4 10 1495963
3 8 2726317
11 1 2683386
5 2 1689121
3 7 891472
9 6 647200
10 1 411859
11 3 850967
3 7 942021
5 2 1152815
9 4 531959
6 1 396376
3 2 1553622
3 1 2657040
9 2 1322900
11 2 2270165
1 9 2232632
2 1 805819
6 8 1310588
3 11 456113
6 1 2124966
9 5 2948840
1 9 459770
5 7 399672
7 2 1887412
9 10 48152
2 10 386701
1 2 1071361
6 11 1819633
3 6 2305711
5 1 2942774
11 1 672410
4 10 2232624
1 8 1127652
10 11 1529470
10 1 2908456
4 11 617419
2 3 1981116
1 11 121698
4 3 2807001
1 11 1443260
3 6 2963731
7 6 928477
3 1 1405807
2 5 320420
3 2 1037818
11 9 2147934
9 10 1121261
10 11 1270509
6 1 2129934
5 3 2979539
1 10 847331
11 8 2026788
2 1 2225043
1 8 1261633
2 9 1800268
9 5 1870831
10 7 2705531
6 1 683615
3 5 2502932
3 11 2632439
5 4 870245
2 4 987631
2 9 1594460
10 9 1773708
8 10 2823217
5 10 50990
10 7 2077408
8 6 1041481
9 3 1988249
9 11 1098858
5 7 475837
3 1 2451960
2 7 1469980
3 1 2581141
4 1 1843280
4 10 175901
5 7 1391958
3 10 1830291
9 8 2763273
11 3 1637539
9 6 1180302
3 4 2922426
10 7 149673
2 3 2272391
8 6 298678
5 6 977420
4 3 2659100
8 11 441142
7 4 1742166
11 10 1881067
1 2 444766
6 5 644487
8 5 338010
10 2 1814928
4 2 2557345
7 5 1388702
1 6 274071
11 7 154698
2 1 2076830
7 11 1249867
1 7 1938701
4 6 1904365
5 7 785343
11 2 1254332
9 4 1048652
5 8 1605510
2 6 2205852
11 3 2362150
4 10 2030911
4 6 2896016
11 5 2967507
9 4 640280
10 7 1078962
5 8 71467
5 3 1106156
7 3 2987986
7 4 1005766
1 11 2033303
11 10 2834007
6 3 2611673
6 7 224898
9 6 1281498
4 9 108122
4 6 649199
6 4 1086325
8 2 2670618
4 9 905557
2 11 1450501
4 7 810970
6 2 935134
3 2 2520040
6 1 891931
7 2 1257005
10 2 807933
3 9 1480854
4 9 2734445
6 1 2565745
9 3 2600764
4 8 780302
11 3 847798
5 2 1856096
2 9 2591707
4 10 810286
5 9 1926778
4 7 1845174
10 9 1898703
11 3 2391324
5 10 1186167
11 10 2385761
6 10 1315658
4 1 1830513
5 2 2957029
1 9 1122204
10 4 2606033
1 4 2313760
1 5 549360
4 1 1025327
8 4 2254834
3 7 1164673
5 2 769540
9 4 428578
5 8 949640
6 10 2155099
4 9 395623
4 3 1541706
8 10 2423561
5 2 2838658
3 7 1605368
5 9 1773525
2 9 653555
5 4 2196965
4 5 2724982
9 7 2243187
1 10 1359018
10 7 2736603
11 9 526222
3 7 227575
7 1 2797840
4 10 873465
11 7 1064821
2 6 2377284
11 4 1808203
4 5 1376766
9 5 2603489
1 9 10740
8 9 2833107
9 3 655216
10 1 2525807
6 9 813109
7 1 2412751
2 3 960455
4 3 41949
1 11 1291803
5 6 1232589
5 6 2922892
2 7 637886
10 3 1445151
6 5 2993969
3 6 2892117
7 4 1878430
8 4 1758980
11 3 2300178
10 6 2043415
3 2 1964824
7 2 2774016
11 8 245338
6 4 2212167
4 5 298061
10 7 1024127
9 8 1852703
9 10 280434
4 9 82196
7 2 1352107
6 9 1050995
10 11 1354399
11 6 419226
2 7 1090330
6 10 757398
3 5 2926815
9 11 1177233
1 5 640546
7 10 1263894
11 5 433244
7 4 2830810
8 10 591891
6 7 1732883
2 8 444746
7 1 1526452
2 5 2150456
4 9 688139
1 6 2815872
7 4 1834135
9 8 105265
8 6 607301
7 9 2050946
6 7 199042
5 9 2367616
4 9 1588482
7 5 477417
7 10 859735
5 6 2362078
5 3 642005
8 6 1503565
8 10 201470
2 3 886065
4 8 2672400
3 7 2750879
4 6 96109
9 3 1812239
7 9 1479417
7 5 217768
3 5 283927
6 9 1855790
8 2 2336641
6 11 496891
4 3 917710
11 6 1720692
4 9 1182751
5 8 633594
7 9 1189235
6 2 46899
6 4 2912890
11 8 2615894
9 7 2518261
7 1 1753888
7 9 627891
7 11 2163418
5 2 2824495
10 3 7895
4 3 1074254
9 5 2649717
10 8 2878184
10 7 2607673
8 5 1425152
8 9 473220
10 9 986889
9 2 138050
2 11 510370
9 4 774947
7 11 2728605
2 5 828951
5 6 785067
1 8 929733
7 11 582425
4 10 1602763
7 5 1128844
5 3 1492367
6 7 1629833
8 5 1432189
1 8 525273
11 6 607840
1 3 199130
5 1 338769
5 2 1170358
8 7 2510713
6 4 2271007
3 8 1956889
3 2 32877
6 9 2724833
10 1 1409338
10 5 2960057
10 8 2741513
2 7 1158862
3 7 1972323
9 1 2173887
1 4 1064173
6 1 126715
10 8 1839778
2 6 361980
7 1 1509003
2 1 2494275
9 4 2212109
3 7 512156
