11 1717
2 4 2654539
8 7 450611
5 9 2637706
4 7 74497
10 8 2113055
10 3 1254579
10 7 317709
2 3 578204
1 5 403661
5 7 2333446
1 4 2438061
8 10 737249
4 2 978113
11 8 2091389
8 10 237757
2 11 1945877
5 3 2237402
6 4 2930652
9 1 2639796
2 8 804445
10 8 1723933
8 10 1539730
2 4 1063939
4 1 616314
8 5 1999658
10 2 1711828
1 6 1455022
6 10 799259
9 5 1259377
3 9 1653222
9 6 866201
1 2 2432452
7 4 1012953
10 4 2598126
4 8 1268444
1 4 1289660
7 10 2514256
2 9 1310695
6 1 2464081
2 1 279708
5 11 2278338
1 9 396564
3 1 336256
9 7 2327862
10 5 1161563
2 11 1874984
9 4 2722935
9 10 53965
10 11 1787783
3 9 2479473
7 1 399865
1 7 442955
10 9 2747886
2 6 2646093
2 9 2330787
5 7 2885430
10 5 51536
7 6 222170
6 8 1472261
8 2 2919979
1 9 821054
1 3 1552421
1 7 206199
10 1 2974001
1 7 2918184
4 10 2626008
4 3 644439
9 3 345676
10 11 41293
3 6 786148
10 2 985118
7 2 2023813
5 7 2326291
5 8 897263
6 10 784135
3 7 633868
3 1 1481364
1 8 827669
4 9 339283
2 3 2330438
2 1 1514830
6 7 2940460
7 8 2517037
5 2 2111533
10 7 2502036
3 5 2147213
3 9 272311
6 4 2586945
8 4 516931
9 4 371439
5 6 729684
4 5 2352016
7 2 593370
8 10 2390613
5 2 290429
4 3 1197298
6 10 1935162
3 2 2828588
3 11 2220296
3 2 2874330
4 8 541864
3 7 2205118
3 2 2582274
8 1 579096
10 1 484918
4 10 2942236
2 8 1322406
8 11 1048633
8 11 1938722
5 3 2078642
11 9 2992196
2 1 2683532
5 1 354053
1 10 2232957
8 11 2600235
9 4 299639
10 4 1668593
8 3 658657
9 8 854613
6 10 241247
10 6 736925
9 7 2792116
9 1 1758650
10 11 832814
2 1 2950601
7 3 1069729
11 10 1024315
9 11 1981783
1 7 1322536
8 9 2897356
4 3 1684186
11 8 1035162
7 11 1646332
3 7 608668
2 4 670118
7 9 801314
6 7 2418140
9 7 1817409
1 7 1208632
1 2 2948390
4 7 106577
9 8 819219
9 7 2874868
5 2 2200514
1 10 603664
3 10 1484888
7 9 717207
8 2 1761116
3 6 731901
8 11 1972355
6 8 144654
2 4 1053054
5 3 2309408
2 3 2282304
6 7 1497394
3 9 381386
4 2 1116570
1 7 409027
5 11 1640706
3 7 473604
9 4 2669966
5 9 2598780
10 3 2613665
2 10 16255
9 10 2215524
11 7 223878
5 1 649735
5 3 1375836
7 11 1042985
8 5 2274183
7 3 2085535
10 8 347225
1 3 710177
9 8 811008
10 4 874810
1 7 1613195
10 2 2589802
2 6 1886550
3 6 1860172
4 10 603741
5 4 2584420
1 4 1180824
1 8 1246006
6 7 1867321
8 6 694719
4 2 1117618
7 9 1865181
10 6 2224241
4 1 637244
3 6 2312812
1 4 1422769
8 1 174821
8 9 1332797
5 10 982599
1 3 506419
2 9 2930771
8 7 2875728
6 3 1307393
7 4 804969
7 9 145507
10 5 1306190
11 6 2200097
5 2 2075468
11 3 866909
4 7 2891454
2 1 177125
7 9 1316185
3 5 2969246
9 11 607516
6 11 2215085
9 1 1935730
6 7 1669104
8 4 406909
6 1 2289194
9 6 150252
3 10 1519020
7 8 1941392
7 1 2281002
11 4 263074
11 3 2190856
5 3 2410504
2 7 2635569
7 8 2828667
3 1 1032019
2 8 2862029
9 2 752846
10 8 835667
3 5 550961
1 7 2680883
7 9 351434
7 4 1598252
2 1 1020122
7 2 2702071
10 6 2133982
2 10 2238515
9 4 2823893
3 6 1334496
10 8 646644
10 7 1330657
11 9 1278354
5 3 2867261
8 7 2533740
4 3 2288523
2 10 889160
5 1 132670
10 7 560134
9 6 494420
11 4 191239
10 6 1791749
2 10 530709
7 10 1696296
5 7 139767
5 7 1673961
9 3 2670449
1 5 1068418
8 2 575583
9 6 1450914
1 3 1907536
3 10 2632154
11 5 2833152
9 3 917527
1 8 581263
7 1 289183
7 2 2409115
5 6 460736
7 2 1259972
5 8 869291
8 4 2409619
4 2 2394051
4 10 513876
5 4 2404990
8 10 2911516
11 9 1719586
1 2 2468222
10 2 1162779
4 3 2420635
8 10 253351
11 3 937490
10 5 1362805
11 4 2799516
8 4 1131337
3 1 2902443
1 10 1128058
1 3 1725706
1 7 1379405
7 1 1017339
7 3 606471
11 4 1939509
4 5 1009536
4 1 1821626
2 10 2421050
6 5 2839499
5 10 2257429
5 11 1800611
5 11 2702577
4 6 1504396
6 3 392621
6 2 2028023
9 8 474658
10 2 97786
11 4 2736563
5 8 2560135
3 8 2857887
11 6 1405994
2 3 360385
10 9 2295778
10 3 487802
4 2 2028869
4 11 42970
1 7 2325765
9 11 2576378
10 11 2717606
1 5 2274258
1 11 1658909
7 8 2357929
5 1 784518
11 9 1657960
1 10 1896693
4 1 1710472
9 10 309320
9 1 927192
7 11 581807
7 6 1672899
11 1 2958890
2 4 1077356
9 10 1911976
2 11 2227348
9 3 526573
4 2 987475
9 5 2643866
1 4 770654
7 2 850303
3 5 1994538
10 4 137744
10 7 1854127
5 4 18716
7 10 2409151
10 1 2081112
6 1 867220
1 3 2056507
10 3 1687605
7 2 1547155
6 10 707269
8 10 236390
11 7 2140937
2 9 2761779
11 8 1571540
4 5 2802404
6 5 1222533
1 3 1822841
6 2 1685542
8 11 1003989
4 10 2720504
10 4 1870967
2 3 1161119
2 6 2571276
3 10 1327854
8 9 1937641
3 5 1152558
5 6 1033109
9 6 317755
2 5 2414703
2 4 1336228
9 10 1877869
11 10 2186451
1 6 1097975
5 2 2788518
7 11 912962
6 5 833110
5 8 2605284
10 6 2342860
4 3 2756308
5 11 165396
4 7 2695918
1 4 168477
2 10 529037
11 5 2984016
6 10 280719
2 3 1504976
9 4 2852797
8 4 526148
9 5 569190
3 6 2634185
1 3 2610988
8 6 525166
11 8 857311
3 7 914751
11 9 2808811
5 11 115769
7 5 1420166
6 4 2048886
8 4 2923750
1 4 746900
2 7 1682845
8 7 2150252
5 9 2169716
8 3 2352701
11 9 2396511
9 4 637652
7 5 2081940
6 8 2218397
11 2 1374362
2 9 2566467
2 6 688825
7 3 1815577
5 3 1208829
5 1 236422
7 6 989452
4 3 1958005
6 3 2609152
2 4 2866180
10 2 2286046
7 8 1805919
1 9 1066463
3 11 95192
7 10 1306737
10 9 1394282
7 2 1222084
5 10 862979
8 3 2859315
6 7 2435018
3 9 978552
4 3 1703372
8 4 1821402
9 8 1759512
1 11 2980358
5 8 539010
10 9 2336117
4 11 2540795
1 3 1759725
5 7 928285
3 5 360071
10 9 962994
11 4 2286379
9 7 2349281
8 7 706099
2 7 2562488
1 8 2111374
6 4 2329282
8 11 1464425
5 8 399037
9 1 992119
3 2 630579
9 8 790239
4 3 662571
2 6 113297
5 2 2119092
9 1 1391004
4 11 2263978
5 7 1792533
5 6 2301271
6 9 2545349
8 7 2219033
4 2 2289222
6 11 196432
1 10 1553395
6 8 1456713
4 3 2854225
9 1 1873411
11 1 2214350
9 8 317396
10 2 836976
10 3 2328397
4 10 1095320
10 11 2614440
5 11 2115719
1 10 1249010
7 8 2928525
4 3 1301903
10 2 697048
6 9 2369809
11 1 1374619
2 6 235513
9 4 1150362
7 10 1166706
1 7 2121522
2 7 338583
7 8 1760946
5 11 1138611
11 6 1400222
10 5 2545453
2 7 928355
5 10 2628957
6 9 2913651
3 7 390065
7 1 750787
5 4 1874829
4 7 930033
6 3 332369
6 8 454939
5 2 2682885
8 4 1709041
2 3 2433003
10 5 1748140
2 6 966235
5 10 468616
7 10 766244
4 10 1478079
5 4 2005950
1 11 831473
4 7 1926607
3 4 2402589
8 3 2147970
11 1 1821429
10 11 2966190
10 4 773775
6 11 2438105
1 9 1192257
4 5 393004
11 9 2984724
2 10 2145593
9 11 1339948
6 2 1442191
3 2 5835
9 5 2772723
3 2 1545066
11 2 2441597
3 9 1248771
2 1 1858941
10 1 201866
7 3 1136421
2 9 1434996
6 8 431887
2 6 136337
2 6 1679051
4 5 2841487
2 1 2033840
5 4 704908
7 4 2293827
2 9 2595389
7 1 155016
5 3 2778380
2 10 518598
11 1 676879
11 3 739352
1 9 522084
9 5 2337569
8 5 2053234
10 7 36140
2 10 1464165
1 7 2018987
1 8 1353260
8 3 2638339
3 1 388869
6 10 1450091
8 5 530288
6 3 830025
1 4 2343168
11 8 181971
11 6 1655370
6 1 226081
9 2 2358791
3 2 2686444
8 11 1851680
4 11 2205449
6 5 2892796
4 9 2647105
8 4 1637949
4 1 928830
3 9 585172
8 6 2867260
1 11 1066760
10 11 1434255
4 11 127767
6 4 378362
4 11 1392342
3 1 1834205
8 6 1943290
10 8 1294002
8 4 422539
8 3 2460680
9 10 2009066
10 5 1577401
10 8 408443
1 3 1008449
9 7 966460
1 6 1814343
11 9 2812623
8 10 761628
2 10 1933302
5 2 362007
2 11 973489
7 11 633086
5 6 2659363
8 7 1066355
4 3 2418973
2 3 1629649
1 6 98640
6 11 432859
4 11 889862
4 1 515480
9 2 385040
5 3 2857513
1 4 2580587
2 4 2747802
8 4 1477994
10 3 727133
4 9 2481518
9 1 1698914
5 10 2948505
10 11 418532
2 3 2298940
3 2 695831
8 6 2195627
8 11 2574237
4 9 2657433
10 7 1249502
6 4 1283264
3 1 278777
10 9 1284307
4 9 1784547
9 1 1527598
1 10 2859687
1 6 2135370
11 4 2642578
11 9 732548
5 7 1008622
6 7 126538
3 4 496330
2 9 1034183
5 9 2386322
6 10 2108079
1 11 2048644
9 3 1817869
3 2 2130200
4 6 2923766
11 7 2722665
11 6 2024339
1 4 2905520
7 2 2421990
2 3 1750372
4 10 1448718
8 10 2364530
1 5 1103068
1 3 149421
7 6 2757460
8 4 1379567
4 8 236172
10 4 2449709
3 11 2900778
4 2 1734594
3 9 2586827
6 10 1748208
11 1 228658
2 6 1692172
3 10 2375819
4 11 1656956
6 9 941587
8 11 734838
8 4 1584455
11 3 2001473
6 5 1802210
1 2 1252672
11 1 1464568
3 11 678459
8 5 1874179
5 3 2771622
2 6 522636
11 3 1286136
4 7 1031726
9 8 1588281
8 11 631474
7 1 1371166
10 5 431530
8 10 836166
11 3 887628
8 1 2860560
8 7 2238590
1 3 1862358
6 5 1044791
4 5 796856
7 2 63218
1 6 75039
1 2 2664719
4 2 942845
10 2 361858
2 11 879855
8 11 1112182
5 2 881642
8 11 2942064
10 6 672944
7 11 224965
8 7 2087070
5 8 576191
7 3 1509043
1 6 513578
8 1 1867584
1 9 2618209
11 9 146606
4 10 55192
1 6 97991
4 8 2254132
8 3 773555
3 1 1246903
2 7 2094841
6 1 1359834
10 2 1023045
3 10 109322
9 4 2765951
3 8 1640623
4 7 623613
8 11 1351231
10 2 2707036
8 5 287497
5 6 1107496
10 7 2274296
10 4 2247856
4 8 1916617
7 6 1929850
7 8 434842
4 6 2760246
3 9 778560
7 3 2442557
10 2 2633567
1 4 1610225
2 4 2409901
6 11 573969
6 11 2092254
1 11 1047492
2 11 1371837
8 9 701329
6 5 1058527
1 2 2753002
2 8 352127
11 9 2352254
2 4 2106195
3 4 1297443
10 6 2796429
11 8 2047210
9 1 1230778
3 4 1330787
10 6 997248
4 3 2194024
1 3 326520
4 7 1025701
1 8 1172959
2 5 2886229
11 7 2279614
6 8 105326
5 8 273377
10 1 828179
5 10 1193367
6 3 2516419
2 11 2390970
3 6 945106
11 8 2015668
4 2 308113
9 1 2856178
9 2 207661
2 5 2652810
2 9 556947
9 11 2616454
4 3 2739169
6 3 1442158
3 4 2037931
8 7 2593877
11 5 942932
8 4 1901376
5 1 1531490
9 11 2247441
11 1 1969647
3 5 605483
7 1 2373696
3 4 2205856
10 11 2233253
5 2 919811
5 10 2312850
5 11 1974854
9 10 1280569
6 8 207404
9 3 1161050
1 5 865776
7 3 2039369
4 5 2299333
11 4 1666569
2 6 1474833
4 8 788426
9 7 2437012
11 3 1548916
10 5 2141219
3 5 693575
8 2 1903691
7 9 2210892
9 10 2303109
10 4 191746
2 11 2966214
10 6 112909
5 4 592118
2 10 370441
11 10 1572613
9 6 1959002
3 4 784411
10 4 287755
1 10 2948151
6 9 170126
3 8 2549450
1 2 1733924
10 11 1656764
10 7 2879519
7 6 2571744
10 2 2711250
2 8 2631387
5 7 2938133
3 2 2020210
7 2 1479786
8 7 1763458
10 2 1218592
1 10 1435673
1 6 2934640
4 9 747397
7 2 2531026
6 2 1745076
7 6 2340671
4 3 2230307
11 3 618510
9 7 2235021
3 2 1559166
5 6 2907410
3 6 698373
9 10 721450
4 2 293506
1 6 2989167
10 2 1041430
3 2 2579517
10 8 1906085
10 7 1009890
9 3 1488728
10 8 357397
1 2 100375
7 9 871221
3 11 2107090
1 8 1357673
10 8 2369816
8 2 881457
4 5 2277718
5 4 2619005
9 5 1127984
7 3 2019018
6 4 1345386
11 6 1777836
11 6 1231026
3 1 2993596
9 10 957925
11 9 1953666
4 11 1228880
2 5 2763201
11 4 1658618
8 5 2958719
10 7 1709056
10 8 2648572
8 2 793536
2 5 2256583
6 10 1122056
8 9 10336
5 6 1979768
1 2 958793
6 7 277544
6 8 1135920
6 1 1285805
4 3 393432
4 1 626167
8 1 954530
10 7 1999034
7 6 2058034
3 8 550461
4 7 2020340
11 9 655772
5 10 271869
3 11 2890694
1 8 994820
1 4 2379513
10 11 868708
7 10 792311
6 4 2786622
7 8 492786
11 5 2308156
5 3 1497767
1 2 711523
3 7 2120058
6 2 1156789
8 2 6926
3 6 200667
8 10 1852511
5 3 2201993
6 4 2702408
9 2 1057822
11 7 853376
2 10 2266551
4 6 1800035
6 9 1209762
5 9 13131
4 1 2882306
2 4 2445239
9 11 174031
10 8 754144
11 1 1840582
8 9 1539104
10 1 643029
4 8 2184419
2 9 1350578
1 10 853838
3 10 285307
2 1 256241
9 10 895708
2 4 2370989
8 6 678850
11 1 2675383
11 8 105895
2 3 1336996
11 7 704821
10 2 1444959
5 3 2002894
5 2 1928621
9 3 1045161
7 8 770055
7 3 15645
11 5 1329091
2 7 822738
10 2 1180661
8 2 2634690
3 9 1556422
9 3 1593943
11 3 1465943
3 11 1028796
8 6 636035
11 7 303626
2 8 1403297
7 1 2442061
1 2 393918
8 6 2599298
2 1 1253851
7 1 2165636
4 6 813826
2 5 942009
4 9 1206867
4 6 1833683
3 7 2606147
1 5 1718192
1 3 158088
9 10 150152
11 2 2342931
10 5 2848792
11 10 2242665
9 4 2607313
1 10 1082628
1 7 1732849
10 5 849160
10 2 1411613
7 9 1114305
10 2 1042614
7 8 1844948
3 10 1966164
2 6 180611
8 5 2471885
3 1 1991390
5 11 99452
11 4 1269766
9 7 396825
2 11 2965887
9 11 2970683
5 10 284139
6 9 385317
10 2 615759
10 2 843332
1 7 534816
7 1 117612
8 11 413538
10 11 357777
3 5 657488
11 3 947873
4 7 591436
11 2 1534488
9 2 318267
5 2 2216758
2 4 160901
11 7 1111691
5 2 1831331
7 5 1990782
10 8 354632
10 7 2240059
8 3 1431775
10 6 542711
7 2 404351
1 9 1786553
6 5 232910
7 2 1426022
8 10 2707953
7 2 2300184
10 8 6326
3 6 683518
11 8 2422170
1 5 1850360
11 1 1657769
6 4 1817535
7 11 2023212
7 1 2129081
1 6 1321035
9 11 2249305
7 11 2040996
8 9 1606117
4 2 2651551
8 9 1539376
7 2 2771896
7 9 1781979
2 10 2245977
2 11 1208395
3 6 1199152
7 9 2803909
8 7 2017706
6 3 405458
2 11 1411345
8 6 1314318
2 9 2273746
11 6 1114821
2 3 2644448
6 4 2371725
3 10 166334
2 5 1952026
10 2 1153026
11 1 115914
9 2 978491
5 4 2589156
5 4 818041
4 10 990891
9 4 2761088
2 11 1186984
1 7 561409
4 2 1579774
8 3 696179
2 7 870058
8 7 527917
11 1 1209334
10 2 2257775
10 1 707892
8 11 145779
2 6 2243722
11 6 2886803
2 6 2014105
3 2 1092962
8 11 2136775
10 4 247708
10 9 2327458
6 2 1697247
9 3 1061715
3 11 74097
1 5 2380082
4 2 723994
3 1 834768
3 4 1613322
5 10 843573
3 6 592626
6 3 574286
3 10 693064
1 2 2242154
11 10 939650
1 2 1149767
4 3 342786
7 3 2576069
5 3 2821335
7 10 1552012
1 3 2452918
11 8 1068308
1 4 2726325
8 3 502394
7 10 1693941
2 7 1087770
2 7 2245487
2 5 689350
2 8 1908008
4 11 2671311
11 1 769318
2 7 849690
7 11 843639
5 10 291934
5 11 2005871
2 10 647943
2 5 764021
5 8 2572641
2 11 2923633
5 9 1211365
1 8 1612395
7 10 36504
2 11 807434
4 9 1973870
1 5 136859
9 1 354123
11 6 345395
8 6 2418899
3 5 1153990
3 5 1745966
11 6 596617
2 5 360684
7 11 2284404
4 3 902640
2 7 1675877
6 5 2763411
9 4 709246
11 1 253518
1 2 550225
11 8 272210
11 1 36198
9 10 1205975
6 2 1116037
1 4 1209237
10 7 502245
5 4 1551948
4 1 2102902
10 5 1800367
9 5 1939480
3 7 2501680
2 8 2426350
1 3 1137235
9 5 967387
9 6 51919
10 5 1254167
10 9 1211372
4 2 1091056
3 8 882518
1 4 1064963
4 7 914685
2 11 120073
3 8 312485
10 7 545773
10 8 1679179
8 10 1018354
2 1 1035518
2 8 724379
10 8 1485541
10 5 323627
9 7 2408591
11 5 1424376
11 4 953027
11 10 328867
9 6 891293
2 4 65659
3 6 1693570
10 5 1710655
8 9 1745110
1 8 1941091
10 6 1338643
3 4 2742716
7 1 470270
5 6 1190522
1 3 150362
2 7 2505759
6 4 2368138
11 7 1957036
4 5 2951325
3 2 1643020
6 8 660342
10 4 891418
2 9 2439403
10 4 1960991
3 2 216357
4 5 2239131
5 8 2743270
2 4 853715
7 4 2141400
10 3 1474767
2 3 1201078
11 8 385428
8 5 15653
6 7 2900394
5 3 2520023
7 4 2548718
3 8 393291
9 3 478511
8 5 187812
1 9 667033
5 4 1847294
2 6 1796530
1 6 1944740
7 10 435739
1 10 2152712
8 1 2777121
2 7 830542
10 8 775220
6 1 836569
10 11 2956915
9 8 327431
7 6 1728337
5 8 789856
2 8 1086331
2 11 1792361
11 5 2918820
10 2 849440
10 3 2213570
7 6 923564
5 3 8879
7 9 970281
2 9 516475
11 2 714935
11 8 1509436
4 5 2067250
6 2 2038179
1 5 84271
4 11 625543
8 4 1197986
2 9 1648156
3 4 1899992
10 3 1490206
8 2 1827518
1 7 2720980
2 6 1269877
3 2 477762
1 10 125138
5 10 1249502
11 5 2460663
7 9 1990477
3 11 1217088
11 3 2777410
4 11 666293
3 10 1243596
10 6 8065
8 10 2096629
4 6 1467676
4 5 1443476
1 11 2397816
1 7 2227075
10 11 171348
7 8 652516
9 3 2290429
5 11 377787
4 11 2517418
3 10 1149852
9 11 1131811
8 4 1123683
11 2 1766965
3 8 2374012
9 8 246940
4 1 1561809
4 2 542366
1 6 655407
1 11 1803306
4 10 1460244
6 5 2407062
3 11 2970835
5 7 2364353
11 6 2652080
2 6 1943712
1 8 1242170
10 8 438520
2 7 1336273
6 1 2748339
2 3 2879767
7 11 2516004
7 8 1856529
2 10 153895
9 8 1707460
9 1 2895727
7 11 1776836
7 4 631251
10 1 2485485
2 10 1075959
6 1 489272
9 10 2544525
7 9 714622
8 11 2724262
7 5 966756
8 2 2946860
11 7 2731688
2 6 1557830
10 1 2235310
7 10 65363
10 5 1806678
1 11 2176119
10 4 2158987
6 7 1793088
2 1 2129134
10 11 2514911
11 10 741792
5 2 2906685
3 10 1667633
11 2 263645
2 8 2602726
1 11 2846723
10 11 1353689
9 5 1265459
1 4 1072744
7 8 2810669
8 4 1692973
2 4 238249
4 2 1280815
5 11 1259568
6 8 1852249
5 1 64456
7 6 1422018
4 1 763575
11 1 500241
1 3 1792154
8 10 2651203
2 8 2013943
1 11 895345
9 4 2873777
10 5 1604440
3 5 2393174
11 8 2378607
1 3 1678939
7 2 1636765
7 2 1941157
9 8 846358
10 6 1478589
7 3 2877329
2 8 1227723
7 2 2966952
11 1 1167525
3 11 1452312
1 5 2843261
7 5 518356
4 5 1921385
10 8 1639672
7 4 2891986
8 1 354453
6 5 2652299
9 6 150185
11 8 1186844
1 2 341339
9 2 1300595
11 6 163617
10 6 490795
6 8 1181936
3 1 1381257
8 10 711951
3 1 1789944
11 1 2956876
4 6 1952723
8 10 1008758
2 3 648707
10 1 565971
10 6 1127047
2 10 143346
8 10 670340
1 6 2006520
2 7 2939638
2 1 2866363
1 5 2496757
11 1 2638793
9 4 1981073
9 2 190809
2 7 1905000
10 11 1770401
11 5 2886979
1 7 2191520
4 2 1434030
11 7 2602591
7 11 200710
7 8 322156
7 4 1438082
10 2 760169
5 11 2433689
4 2 428935
7 10 1739123
2 1 470318
2 1 2206229
3 5 365478
10 3 341554
3 9 784075
9 5 79590
6 8 2262179
10 3 1929600
4 2 1384474
8 9 315075
2 4 352002
1 2 2658441
4 8 912043
11 7 2241238
3 10 1979531
1 6 4920
9 3 662391
1 2 225271
4 11 2740316
7 3 2203308
6 7 1271633
11 5 1511563
4 3 1965355
3 4 974521
9 5 967640
1 7 191872
8 9 1123680
5 2 2002564
11 3 1853550
4 2 2862177
11 6 59506
10 9 636983
6 8 553532
3 11 2044221
7 9 1143343
7 5 1047157
11 9 437341
7 10 2749179
4 10 85637
5 6 1766589
9 5 2698566
2 7 1198894
5 10 125518
10 11 2972384
2 11 2356242
3 10 2581227
10 5 399114
4 1 1680789
11 2 497112
11 9 2401417
1 5 1993270
5 1 213540
9 8 2706320
10 4 1226478
9 2 1286194
9 4 2218192
6 9 946966
11 7 140247
7 6 2517941
9 4 822884
11 9 2993828
8 2 178699
10 1 731528
10 9 1578761
6 1 696524
10 2 489513
3 10 277154
2 8 483442
2 1 1553742
10 5 1413964
10 5 569068
1 8 1093502
6 8 2934807
9 7 1325608
1 6 164690
1 6 1907854
3 6 1889831
9 6 2136786
2 4 2763827
2 11 1799738
5 8 2405900
6 3 1671643
1 10 1807633
4 11 24503
4 7 2811196
11 5 1823490
10 2 956035
6 3 2563094
3 5 1438774
2 4 2943138
1 10 705948
5 9 51960
5 8 1680883
7 8 614540
9 6 416591
7 1 1095724
11 5 186247
5 11 2567317
4 10 309784
9 6 1694307
10 1 2028043
8 9 1708968
6 10 2180861
8 9 340950
3 11 956520
11 4 2439458
1 2 717174
1 2 37145
3 5 2960611
10 2 1291270
8 10 448268
9 5 639895
4 11 1802991
9 8 1678612
3 8 2378646
2 5 662477
3 5 1083120
11 7 2226224
5 2 2112656
1 8 1125713
8 5 2514013
9 2 1518802
11 1 684586
10 7 124831
4 2 937568
6 10 2811828
6 7 1576040
4 7 2791738
3 2 2467086
7 8 2930926
1 7 2368979
4 3 2038680
11 9 372121
11 3 1335712
6 5 1568479
8 10 447650
10 4 103570
10 9 1285275
1 10 1522073
9 1 505293
2 8 1360275
11 8 2467504
3 9 172823
7 5 1591230
6 7 1492281
4 7 363625
5 3 1034438
8 4 2044427
7 8 2099780
10 9 1448193
10 3 281403
8 11 1384217
9 10 1808219
9 10 2034835
6 9 243183
6 2 2821572
4 1 495760
1 6 138057
6 1 2975421
9 11 2981326
4 9 2244490
3 9 1058488
11 10 1484766
10 7 2332893
11 2 1799110
4 11 1834592
5 7 471238
3 2 1027541
2 7 2997976
5 3 55856
9 4 1967822
8 4 612177
2 9 2367412
8 5 2065073
6 10 2471744
7 9 2658711
4 7 1546197
9 4 1247524
10 1 69913
3 1 1875977
9 1 2598004
1 11 592870
9 4 632291
8 6 1905030
7 4 2796770
8 10 95338
1 9 988518
7 11 1546242
9 5 553789
6 1 2835921
8 3 441068
10 6 764185
8 3 1835788
5 10 567302
10 6 1111588
8 3 200795
8 4 2401450
8 11 1944507
9 4 339258
11 7 503810
5 4 496924
10 9 1990944
1 4 2292772
1 11 1849384
5 2 1934971
3 2 2110841
1 7 1715615
2 4 2905501
1 4 39336
3 11 2423046
1 10 1519222
10 7 1687868
1 4 1812708
1 7 869767
3 5 971766
11 6 2414961
9 4 1846580
8 5 1741765
9 6 449513
4 10 2399283
6 3 1849481
8 5 1189266
11 7 1773860
2 3 1913960
6 9 782386
4 7 301872
1 10 318078
4 10 1107648
9 6 720205
2 10 1669877
2 7 525211
2 11 1962916
5 10 742905
5 6 1496360
10 3 1750387
1 10 262477
4 5 185680
1 11 1487371
8 3 1840968
2 9 183068
5 6 1396263
10 9 1933576
5 9 563977
1 3 2797397
3 1 2930902
7 3 613018
2 1 2710053
1 3 1372424
11 8 2925779
1 6 254117
10 11 1875633
2 7 602003
9 8 2289787
4 5 1091079
9 2 669335
11 8 2154571
7 8 25304
11 7 2464816
11 2 1236578
6 10 210915
7 2 2930192
2 7 1934874
10 3 1787134
11 9 2607017
11 10 1821482
2 8 529451
5 1 697563
4 8 942316
9 11 1078968
4 11 2612308
3 11 2600967
10 1 2682380
2 8 2110693
9 11 2098075
8 9 1142973
5 6 2712408
10 1 1997987
3 6 2814880
9 11 2393907
5 3 442316
5 8 411468
1 8 2356514
6 2 794318
8 3 49192
2 10 1711128
10 11 65221
1 3 395441
2 5 2559400
9 6 2756783
5 6 2099323
2 5 2464089
6 5 502244
3 6 1031114
8 10 1130085
4 7 2198806
7 6 2623921
2 5 2441998
3 1 964983
5 7 2729457
9 7 247634
4 7 2969598
10 1 1413977
6 1 1779821
5 9 1859848
2 6 427667
8 5 2845238
7 3 393635
11 10 2815663
3 6 1463668
2 9 2927500
10 9 1673671
1 7 2486629
2 4 584642
1 5 232795
11 10 2326360
8 10 1740973
9 6 331790
5 2 1805674
3 5 719459
3 5 1431001
5 9 2354704
11 7 2281061
10 4 2038045
4 3 1787252
1 5 192248
4 11 2247974
1 11 2342813
2 10 2464125
1 10 447020
1 2 2726915
1 2 1271143
9 6 777045
11 1 61103
11 1 1940563
10 3 1371737
11 9 79917
10 7 938993
3 7 2450571
11 7 2657479
5 1 2460630
2 8 2501581
3 11 2532198
9 8 1321218
9 5 1029672
3 9 1712887
9 6 2756644
5 6 1932597
10 4 2653516
11 4 1966183
2 4 752305
8 1 286712
1 6 2268409
4 1 235220
7 5 1892959
7 6 217136
3 11 1019772
10 11 464432
10 9 1430955
9 3 939663
9 5 1920403
6 10 2348140
11 2 1737864
1 8 2141826
1 7 72196
2 3 97044
