17 3715
1 14 402950
11 4 2035326
13 6 2420937
4 12 1778928
5 15 2409247
8 7 1929006
4 11 2614382
9 10 2519509
8 10 2509565
4 5 2662327
14 16 1923574
4 2 1096016
3 10 349490
11 13 1518559
4 5 683772
5 1 1552357
16 4 2279788
8 13 801389
8 1 821489
15 9 898533
10 12 2735773
7 9 1778983
10 3 2598483
17 11 2026926
12 13 1361196
3 17 2493516
11 2 1508107
1 17 662070
12 3 933243
8 2 2021482
5 2 904256
9 7 414534
16 12 1620792
17 14 1212529
8 2 1500479
1 16 94102
1 14 1157293
15 5 541073
13 14 1875001
1 5 2686769
14 4 2222207
17 7 2376267
12 4 1286269
15 1 769766
2 10 551103
17 14 2111308
14 16 255129
15 14 2715551
13 8 961844
3 8 1955304
17 10 2541923
5 17 16539
17 12 1667361
16 14 2341949
17 3 2113594
1 4 1859299
10 2 2275238
2 4 1383882
14 11 439486
11 17 2094413
2 17 626320
8 6 829754
10 3 1138234
15 2 1337209
17 4 994724
11 8 448734
12 11 2076095
12 9 877149
5 13 1095664
5 14 661089
13 16 264856
4 7 2562350
15 4 609459
3 12 1606874
5 11 2542044
6 16 2478179
4 14 735791
13 15 2162904
6 15 1464904
6 17 2660407
7 1 2549021
2 15 1999833
9 15 1035678
11 10 2943348
12 6 1624188
11 1 2505919
14 3 403498
13 8 1635299
1 9 2743782
6 2 2158180
4 3 1768799
10 6 1972491
3 17 1875097
7 17 880546
2 7 615739
11 3 494142
3 8 1047674
15 1 188347
4 10 2946657
12 13 230036
17 12 1202157
11 5 2491963
4 12 1690978
13 5 2767707
8 9 328731
4 6 500899
3 13 1841640
15 4 1137575
17 9 2896957
7 4 2043961
17 10 2239898
8 13 1016298
13 6 2117727
3 17 679694
14 4 1323260
7 14 1180266
3 1 301583
6 16 1580832
9 16 983406
12 10 2663584
13 12 2559849
5 1 1072274
8 12 370205
4 11 1529172
16 6 1529731
5 8 196507
13 7 2217173
15 3 521000
17 1 1216832
2 1 1946571
11 3 828324
7 10 2844521
12 6 2383245
3 5 974073
14 7 2310544
15 9 1256348
6 2 1602250
1 5 479226
7 14 2535331
5 11 1090004
12 8 208845
17 16 240822
13 1 709451
2 10 368472
7 16 2942734
3 12 46103
6 10 1739692
15 4 330195
4 16 2489274
7 1 2345432
2 12 861983
17 14 310775
5 13 2784362
6 3 1301692
15 7 771668
11 1 1535292
12 10 2279829
6 1 720969
3 5 1459604
1 5 780641
16 6 1923366
8 14 1319761
14 7 1508665
14 5 912121
10 3 2907294
3 10 132961
5 1 675834
8 15 2200618
3 8 1612956
2 7 1222431
6 7 2699895
17 10 765924
11 7 1005517
6 3 2340958
3 1 1360902
10 5 1240421
11 15 852997
8 9 445662
12 5 2349848
2 3 934142
1 17 1481193
2 13 1769538
1 11 1288974
7 12 1582890
8 7 1073132
7 9 656027
9 1 1953904
4 11 1857824
6 13 1344083
9 5 367837
7 12 1468028
17 7 1173711
10 13 1043866
6 15 146202
15 9 1640381
2 7 1062995
5 2 2491994
1 15 967004
2 5 622717
4 10 1981885
14 15 424131
16 5 2837427
17 12 1187987
5 8 2639347
10 14 1257042
7 15 1465063
1 5 831366
1 14 1058625
13 12 746550
16 2 2522903
7 3 1062474
15 7 1217914
15 13 542488
7 8 2114380
1 13 893430
4 17 1837052
10 3 2843405
1 4 1144024
7 1 1581798
9 14 1600793
5 16 432622
8 1 896641
12 9 2155300
17 9 2943106
11 13 1166507
17 10 2430212
3 11 239176
2 8 358438
7 8 2558535
16 8 255516
17 5 1034982
1 9 2832713
6 3 1946076
10 16 2661719
14 3 2536894
4 15 2021636
11 7 2346531
9 7 1680458
11 17 437811
9 3 879965
5 2 2822496
9 17 136126
8 13 1793814
14 2 2752193
11 16 2762667
2 6 843585
8 4 2147381
16 11 1424989
4 9 986955
15 12 1455460
1 5 1179961
9 13 1086910
6 5 1970918
17 7 2203844
15 4 1843958
10 9 1772799
9 17 154574
14 1 1438683
16 10 2798139
8 13 134002
6 2 1872547
1 2 476701
11 14 2535925
13 14 2546778
15 4 1271809
15 1 775805
8 1 1772086
5 12 1266736
10 8 1732818
17 15 1314893
9 14 1675589
14 3 2547573
5 6 1207897
8 6 252376
9 2 262991
14 11 2498918
1 3 1377024
7 6 877457
8 16 1901511
13 9 957011
10 6 397603
3 7 2613592
14 7 2802714
2 3 2815116
7 2 292669
15 13 1746271
10 3 224336
9 8 1069108
10 8 2764833
5 4 1746131
3 1 151830
2 12 838925
7 14 2409847
17 6 941992
7 14 433047
4 16 2229597
5 11 2959063
4 10 800028
15 10 932582
7 5 2073566
10 5 1467883
16 13 600799
7 16 357398
8 13 314725
17 1 2893274
1 12 524470
11 6 312374
13 12 1746866
17 8 1539586
3 10 2259479
7 9 909465
11 7 198535
16 12 1092446
12 16 2451436
3 9 1253307
14 6 1702844
5 6 1865537
8 6 562068
6 7 1402136
2 16 1252386
8 12 337546
3 2 2448246
11 16 2572832
1 6 2565348
3 15 2427261
12 2 2724039
12 10 562887
8 9 2391311
6 7 2509558
14 16 1460237
2 8 2406935
9 10 2765512
16 6 763098
8 13 251393
12 9 1964339
17 1 691469
6 9 239771
17 2 196378
16 4 892181
11 13 1370587
11 6 2138757
3 6 842427
17 5 697183
15 5 672038
12 4 2251361
7 10 2505783
7 4 2480714
8 14 1788271
2 6 2731807
10 17 283373
14 9 533719
14 11 49184
2 11 781447
14 1 138209
10 8 463004
9 16 2602055
6 4 763453
11 5 1017644
3 8 1511501
16 7 1655439
2 17 2958070
16 12 552132
3 5 670070
2 15 1625084
5 1 1410547
3 9 2951760
12 16 2158302
17 14 377132
14 2 2998252
6 8 1176803
9 13 266123
16 2 233416
13 7 2206426
7 4 2829172
16 12 762467
6 17 1752653
3 15 2444961
17 7 1459423
11 6 1794307
14 15 1968013
6 12 1294237
2 11 2596245
2 16 861349
10 3 2085856
15 17 1505439
11 15 208662
13 1 655925
8 17 2174273
2 8 564547
7 5 2733733
1 6 713486
14 10 1064393
4 14 1152560
8 16 108258
2 9 846228
13 16 2525321
1 13 1406214
3 8 2181070
4 12 2982492
2 17 2694172
16 12 2413237
14 3 1128440
15 3 2297460
9 16 1200330
4 16 1305865
8 4 1189368
3 1 2867935
13 5 632629
1 11 395540
3 11 2020331
4 1 699944
13 14 2205869
12 14 431183
10 7 1754982
14 5 2377626
2 3 569339
11 14 2177295
9 17 539896
13 8 142693
4 3 1038809
7 1 2035013
1 4 893206
4 13 1005447
13 3 2742602
9 17 460259
8 10 2433472
15 9 790200
10 13 335749
12 16 1021788
15 11 39423
11 15 2563383
2 7 928717
4 9 86721
15 11 1710446
17 12 1913070
4 14 1863238
17 14 1995241
2 16 766949
13 9 1610635
11 9 2006043
6 8 2323810
12 4 411101
5 17 2885523
15 17 1851043
5 6 210377
9 10 2260020
10 13 1962804
2 4 2648233
12 5 1876029
2 9 2151542
14 13 1212879
16 12 651383
3 11 1238254
11 17 2888823
7 1 2388428
7 3 2496914
5 9 2425565
11 17 1952690
15 6 1384572
17 3 964518
5 16 2644019
9 17 1314167
8 10 1058181
4 14 1656227
2 15 606655
9 13 460361
13 14 2914488
15 16 2815077
7 17 280302
17 4 1695739
11 2 2142440
8 11 194879
1 8 343455
9 17 183548
11 7 784692
6 9 213324
9 2 2460582
12 11 1851168
17 4 169501
12 5 2375194
1 3 386918
4 5 581550
8 12 1092205
10 7 2354474
14 5 1501903
11 15 1238123
7 8 178834
4 7 2643070
3 1 2542056
13 5 54003
10 3 1719692
2 14 2714954
4 10 2130275
7 2 8927
7 8 983863
16 9 2215718
8 10 293653
15 10 2118626
14 7 935887
11 12 1639546
7 16 2107802
7 4 228930
9 4 2590244
9 15 24871
14 16 462229
3 8 1857984
2 12 2899467
14 3 735675
7 4 2750874
14 11 932397
10 6 273485
4 5 2752972
11 9 1720955
2 1 853814
15 6 1227663
8 14 373148
15 11 11623
16 3 2645751
4 16 2980951
2 5 1158059
2 12 1634762
3 15 300252
9 6 1027823
4 6 101874
13 8 1682533
4 9 491820
12 15 1248105
12 4 1800855
9 17 2950190
1 14 640693
17 10 1641738
15 10 2171618
7 1 2059350
10 4 2252287
10 15 1220471
13 9 281027
7 8 2818671
13 3 1962315
5 8 2105138
10 4 1703160
5 12 657431
3 7 2650806
4 3 859010
16 12 873653
10 3 2954722
7 4 1783108
5 10 1838431
9 12 1478198
7 8 1017040
11 8 468658
8 13 545346
14 11 1166940
7 10 2462022
1 8 56442
6 14 1812997
10 5 2125411
11 8 1106444
4 14 2068500
2 1 466416
14 11 233154
14 6 2131458
1 11 1174044
2 16 2344132
14 15 2560920
3 13 1584318
10 3 240534
14 11 2055660
2 15 1499580
6 14 2447360
3 5 1147173
10 9 306386
9 2 2333405
10 5 1340920
11 3 1576528
14 11 1615696
9 10 1109920
1 2 2056060
12 3 300079
2 13 2275578
5 8 2317107
11 4 1372538
2 14 22730
2 13 1444768
4 9 1581118
17 7 1542402
5 13 390231
3 17 378828
10 14 213036
16 14 2467775
16 17 287037
11 7 2744931
3 15 31315
16 17 482938
17 8 501713
17 1 809557
7 4 1466788
7 4 452452
7 8 869
2 12 337134
1 12 689685
8 17 2551519
15 4 2320003
2 9 2249233
5 16 422796
14 9 435022
3 9 2072062
15 14 1046503
1 17 2194598
4 15 63944
6 3 2136125
6 10 1533780
13 3 2099009
6 10 2132489
9 8 57755
6 2 158585
7 4 2668084
3 9 394592
2 17 1697552
3 5 168192
6 14 2663182
5 15 67786
12 16 1442270
7 9 2224346
17 5 1601031
2 16 2838973
10 17 2802504
6 1 762323
4 9 1412535
2 5 2222137
13 14 1558751
12 9 56310
13 5 2320632
5 15 2446672
4 5 974163
11 7 643858
4 16 793240
11 12 410504
10 4 2276374
14 16 2735587
1 13 604906
5 7 979031
5 11 2361289
4 7 982573
6 5 717852
11 12 1678361
16 3 1933410
4 11 2796201
1 8 1725396
7 4 453493
9 6 1917861
4 1 322575
4 12 1703653
11 10 2905978
13 11 1916028
7 8 2570058
6 5 232846
14 11 2395054
13 9 2903202
1 10 2400270
1 6 544999
6 12 2175425
6 15 1556152
16 17 654997
17 4 1522922
16 13 86962
1 13 2037199
13 8 1157374
12 2 1969464
15 1 529075
5 13 2939296
15 16 291553
1 8 2041124
11 6 2759332
3 12 2620725
4 2 297266
8 13 2938232
3 11 1876449
8 13 2504724
10 7 1128493
3 6 2123492
9 15 1212430
10 5 2132877
2 12 1992361
4 15 140080
7 8 2127468
16 15 2520979
17 14 404624
11 14 205459
3 5 287307
7 2 1889832
17 3 1333329
9 13 1591576
13 4 1547173
6 2 621207
5 6 263017
11 5 24452
7 9 8470
15 4 2676627
14 16 2161812
8 14 2302754
6 11 2068607
8 5 843106
6 17 2223829
15 9 1373561
17 8 1467282
1 10 2344360
4 8 1445077
9 10 2537226
2 1 1332785
16 10 1501267
14 1 1775182
6 15 214543
3 5 1070892
17 16 871530
14 2 2906178
1 10 223610
12 9 2455655
8 10 1573724
5 4 2328699
6 16 56064
4 12 1573260
17 13 222154
6 3 1708666
9 4 271878
9 14 1826948
13 4 1463226
8 3 2136236
4 2 851531
14 11 2141373
2 7 60721
15 3 1152795
7 2 1842788
7 6 1629483
15 14 412266
8 6 1582814
17 1 545144
5 8 2204940
12 7 1902316
2 14 1940825
14 1 2563161
12 9 570113
12 2 2523953
3 4 565765
4 6 2297328
2 4 1188808
5 6 1803533
5 14 2968595
9 12 2381622
5 8 433958
12 15 2872226
4 14 1820099
16 9 1279552
17 11 568890
6 3 1127433
8 14 1461891
15 1 2177203
9 12 106354
2 11 1192433
9 8 1173147
12 5 1806280
10 8 27579
11 14 2760008
10 13 922294
17 1 2950213
14 7 2002384
9 14 1265748
14 3 1881767
4 2 673041
10 4 1915877
17 12 19353
17 8 1840609
1 2 2125611
11 15 1176205
7 12 229584
5 17 2456297
2 15 2012900
16 14 1234038
8 17 1308646
17 11 362654
2 10 1186672
6 8 1568717
17 13 2865330
16 7 2574153
14 11 2051289
16 5 2818774
10 11 1629261
15 3 1609548
5 10 2802233
2 1 1259571
4 1 1421331
16 1 2442503
2 7 188491
13 4 2262720
4 5 1727013
1 16 2068410
1 4 1704269
17 1 1188631
17 8 2424284
7 17 1391933
16 17 1818928
7 17 247542
2 16 467523
6 3 2356592
17 16 545615
1 5 1140304
13 5 663215
2 16 2109568
11 2 753536
7 16 2145825
9 2 746556
13 15 1090095
8 7 1535719
17 2 2222688
17 5 225558
8 9 2282820
7 2 1107720
16 10 1189626
13 14 304644
2 5 2297061
8 15 1907756
13 6 2890844
4 16 1996158
11 17 1183646
6 12 1368753
11 4 1807011
14 13 223694
6 15 2115547
1 10 297679
8 5 2307168
12 4 2958295
16 17 1956714
13 1 621532
11 9 2818027
11 8 1667687
2 6 1775685
16 9 2768514
1 4 1737370
14 12 1843001
10 3 2586600
16 6 2332954
17 5 38559
4 11 623343
12 14 1664339
9 11 957010
13 3 2818792
15 4 641349
16 12 2108722
5 7 1426066
13 17 1948122
3 14 729230
9 3 1081613
13 11 2985873
11 6 1914117
1 12 1095252
15 13 346677
2 16 1291486
3 10 931225
6 2 1471520
2 4 2416438
14 17 122906
1 7 1402212
2 13 2581665
12 5 2858760
10 12 2074537
17 2 1599610
8 14 1514075
13 6 2378635
17 9 2923151
17 10 234197
1 3 2408663
6 1 2273820
1 2 1012947
11 7 95913
5 8 1003636
2 15 777442
7 11 1526118
11 7 1575848
8 12 1283853
5 14 1756994
4 6 2941247
11 16 996502
5 12 1430221
13 5 663591
17 9 1076655
8 6 388837
1 6 790468
9 15 2740864
15 7 2859941
17 2 1809879
12 3 2980486
5 8 776996
7 16 2415783
1 4 2957109
10 16 2744345
17 11 1570879
5 14 359491
1 14 255562
12 8 1728152
11 3 2676223
2 12 2685957
6 16 404415
6 15 451323
8 11 1755408
17 5 483803
14 5 659220
16 5 1482670
15 6 1790260
7 12 530934
2 13 1476431
8 13 649022
13 5 2080196
5 6 1760545
8 10 2082109
15 6 1576362
11 17 1540669
11 13 2425897
16 4 699469
2 1 435731
7 2 2053820
9 12 132924
7 11 1512923
6 16 294559
16 1 2448068
6 3 2841475
11 2 2274594
13 5 1949900
3 10 1664610
17 11 1547881
15 13 1065678
12 13 2190354
10 15 1189867
16 3 2185285
16 17 1072993
6 15 2103315
10 8 1156641
14 17 525590
5 13 1354978
12 11 1246305
17 5 2629170
11 15 2862492
4 5 496478
16 10 200615
15 9 2427300
11 9 2563674
12 5 1221335
6 7 1704115
5 6 1498269
7 14 2190992
10 15 1689358
13 7 1829928
13 7 1918897
6 5 2314656
17 5 1829493
7 6 1827470
15 7 571983
17 10 1899280
4 15 2591474
12 3 2615355
1 15 692630
2 4 1320767
13 16 1806929
16 15 160122
2 17 731364
6 3 2255140
14 16 1481542
12 15 42942
12 1 804095
6 14 1509192
14 10 350897
2 16 683482
3 17 17083
12 2 1715969
17 10 1665592
9 7 241698
4 8 2179620
1 15 317838
14 16 389582
9 12 899062
8 1 2646397
4 7 1335581
8 9 1639105
11 14 1685985
5 12 83305
17 8 2240225
11 3 552149
6 15 1946937
9 4 2626120
9 17 2389728
8 4 2249105
1 9 193000
15 5 1749676
13 12 1834413
12 14 1094758
14 12 2616697
12 4 1630757
8 15 925675
2 5 1813666
2 15 1303985
1 9 467301
14 10 1450409
4 13 2690256
11 3 1148123
13 3 1030878
12 2 996748
17 6 683156
4 16 2957591
3 15 2977733
5 3 2337863
14 4 1548012
2 3 2645319
13 12 1294099
14 16 841774
1 9 1483362
11 1 258872
10 16 2377972
5 15 682206
10 9 651110
2 5 26584
7 8 2922000
17 6 2562637
16 11 1529390
9 3 2932338
15 6 2223811
3 13 1033528
14 1 2493931
2 17 811969
16 8 2546691
14 6 169756
1 2 2539612
17 14 1365750
10 6 1872498
4 9 962673
12 7 1812936
2 17 444114
1 7 2941794
4 13 1387173
12 6 1480343
11 14 2893520
7 16 2593455
5 17 780164
3 15 2783967
15 12 325814
10 11 2388987
2 6 2098683
14 16 1011162
1 3 2070536
16 9 1963012
14 11 2289749
10 7 1185920
5 14 2237838
2 15 224095
10 15 891494
11 2 2309974
11 14 1691150
2 17 2156831
1 3 2803429
14 10 537822
11 5 542268
8 13 955222
12 5 2652770
16 2 2865038
5 3 1850923
3 1 615449
2 3 2005905
2 7 1386787
13 16 2807073
8 17 1438243
8 14 235851
17 8 157537
10 13 991638
17 9 856776
11 17 1514976
9 8 2241854
8 16 1754209
2 10 2182185
13 6 319707
5 13 164697
13 2 2826616
13 3 408494
9 15 1470465
12 16 1969468
12 13 626174
6 7 1739579
2 7 2587896
5 15 2616678
9 8 1959018
6 17 2772049
15 14 112060
13 9 2603778
15 3 129003
9 17 2729242
12 8 1074229
11 13 1576206
8 11 220870
3 16 1731441
1 14 2332375
8 4 1586431
9 11 2128072
15 2 2675492
6 7 1722760
14 17 2427574
4 8 1222716
6 16 833248
9 6 2293411
14 4 138234
6 15 2540828
4 16 2170547
5 15 1160862
7 12 2707135
1 8 1554155
11 16 2471444
2 10 1615730
8 17 1306967
9 16 635660
5 1 2864812
4 2 476651
3 5 1492390
3 6 208612
1 17 2061290
2 15 1773909
2 7 1349894
14 6 329187
14 9 1542051
17 8 1458381
3 6 1570579
3 13 2899382
14 12 2219758
15 13 1009100
14 15 583993
4 2 990672
12 6 1176246
17 4 2076495
7 2 142954
14 6 170950
16 9 2201366
8 5 1990557
6 4 1145630
17 9 1499601
9 8 1235140
1 5 878278
8 7 2215662
2 11 113212
11 2 584213
6 7 1172626
5 4 133412
13 6 2998144
4 11 2971035
11 1 2196796
16 10 263593
3 2 685744
2 4 1406208
14 4 1765076
12 1 1334833
4 1 569124
6 5 954275
5 4 1468708
9 2 1351461
15 17 359737
7 16 443809
2 6 173964
15 17 2684173
9 14 989950
17 7 2370962
5 3 1011664
15 12 485839
5 17 2478357
14 4 733340
16 7 1996755
6 15 2914782
2 9 1067929
17 5 112297
9 17 23568
5 1 2567478
15 1 1283379
5 12 2650447
4 11 2586038
14 17 2474293
6 11 1332911
5 13 1405859
15 14 1643387
17 3 1116663
2 1 1399926
7 6 98021
4 5 1341250
6 5 1493156
10 16 2497430
12 10 1036536
1 9 1949815
3 5 2492140
5 12 1799606
17 9 883688
9 4 2180896
13 2 1040792
12 5 136513
10 17 1495657
10 6 1169027
4 10 2712582
15 1 2096373
17 12 941562
12 13 2836485
14 7 2125743
13 3 2655794
4 3 1837244
10 17 2361794
1 7 1801767
13 4 2218644
4 10 279435
17 5 1955015
17 10 2294390
1 2 1003554
14 1 658965
12 16 394194
7 12 1497623
12 13 1614934
10 13 1271737
2 14 942797
16 9 723987
15 12 2630019
16 10 212245
11 5 848243
3 13 2132755
13 6 156958
5 1 2532538
15 13 2411846
10 11 613346
6 9 1387249
4 12 885167
3 17 2589531
5 3 993474
3 13 2031675
11 10 2410559
8 13 2185338
4 5 1818313
9 12 1514387
3 14 1728797
11 14 1692927
4 13 339138
16 6 378718
14 12 2726420
11 5 408359
11 13 2367592
15 4 2158922
13 10 1408772
15 6 796413
7 10 1774545
8 7 898475
5 11 163650
6 14 2476730
17 1 481634
17 11 2991549
10 15 1739749
12 11 2872829
5 12 551030
12 1 1502658
10 2 1017888
9 6 2259804
17 12 2983783
14 8 2318893
3 14 983152
3 13 2749398
15 16 2814283
1 7 1330335
14 8 2354487
1 11 2757538
1 15 1769525
13 7 2580253
16 14 2616343
7 17 2205159
2 9 376457
5 3 1443522
11 10 2051822
8 9 2222609
2 8 1219511
12 4 2399828
7 12 123398
5 4 1590630
4 9 2658551
17 11 2928980
1 14 1352607
17 6 2178164
4 13 770206
5 4 2516618
2 5 722474
5 12 87274
17 2 1684530
11 14 579026
3 5 416380
9 12 937620
11 10 2087650
12 11 616025
8 7 2580191
13 10 2484834
5 16 1513515
8 17 2215553
6 8 30246
10 4 53160
10 15 439450
2 13 1703973
16 13 1079089
16 3 351401
17 14 369028
7 16 1116910
13 2 312822
9 2 503155
13 10 316863
5 3 818846
6 1 1814586
1 11 67979
17 8 898067
4 16 2638796
2 16 2637276
2 15 1572237
12 1 1739837
4 17 1303310
4 2 511329
5 12 2819959
2 3 2247038
12 11 1376449
3 13 2974735
16 7 2894745
17 14 2833358
13 14 1373658
12 14 1370565
6 12 1505585
11 13 2275477
5 11 1064496
3 15 1210822
9 2 2540350
6 11 1325360
5 10 320283
3 2 1828859
12 3 723935
11 12 1211645
13 6 1893209
3 16 2688183
12 2 1398279
8 15 795320
5 13 937465
4 14 695108
16 17 2516870
17 1 2996298
6 7 2460777
7 11 2642334
7 10 264692
15 1 2855000
11 6 2794338
12 6 2282414
11 16 148857
15 7 1622178
12 17 2877082
12 2 245152
1 6 1917562
3 9 2471865
9 4 1638207
4 6 1456846
14 4 718425
9 10 343252
12 2 1103628
2 17 1341673
7 13 1652636
15 7 2293090
14 8 624872
12 16 1822496
14 9 2502018
4 5 2874382
15 1 1871777
2 1 1663536
10 7 1045435
10 6 1215515
12 10 1666046
5 12 1658303
10 2 90903
7 3 2702363
10 2 2039013
13 9 2869669
17 7 2625375
16 8 2852674
6 11 876491
11 15 15400
14 8 1952175
1 16 1597064
5 3 350314
8 2 2861843
8 16 1331987
3 2 2320284
2 9 718659
16 15 2348976
11 1 696827
12 1 1731674
16 9 1813381
14 16 2567702
6 14 2369894
15 10 383186
7 2 2540487
9 2 2008332
13 14 2302937
5 10 277630
3 10 1421827
13 2 2315359
16 15 2513673
4 7 2941588
12 2 2375777
12 7 1909850
16 2 2831815
4 10 2964000
4 9 863213
16 7 1840221
6 4 466201
14 1 437205
4 7 976968
4 3 2991936
6 7 1442683
12 17 1354948
11 17 823706
4 3 2055962
9 5 1932135
9 14 1218704
14 17 1428983
7 14 558847
16 4 1916470
3 6 896606
5 2 1680217
3 14 2772639
10 11 1011934
14 2 130160
6 14 873525
13 1 1937299
7 3 2198520
6 1 1611479
4 13 2477588
7 8 773635
14 15 2063207
2 12 2356650
9 5 2777043
7 9 2312923
5 10 1506739
5 17 736022
15 10 780625
4 8 846159
11 12 1816554
17 12 1707485
1 11 2586114
13 15 21841
4 15 2641881
4 14 2907533
16 4 1292896
12 1 2266992
5 7 1320613
14 2 216909
17 3 1470066
15 11 1976272
4 12 1803078
17 1 1525462
17 6 839605
4 8 2544062
7 5 824009
16 2 1673071
17 13 1191416
6 17 2576477
12 14 1579697
8 15 2019576
17 9 470912
4 6 1711769
11 13 1204921
7 11 2815247
12 13 999463
13 12 2326568
13 9 1409759
9 8 1115274
16 11 763062
10 14 2413317
4 6 1652628
3 5 2817698
17 2 2680805
12 8 2521168
12 17 1483663
5 14 405658
10 15 116283
7 3 2619682
12 13 210329
3 13 1692952
12 11 595337
11 12 822320
6 9 75573
6 2 1168961
15 8 303128
1 17 2356326
2 17 337673
3 12 2439497
8 17 1867121
17 3 2483656
17 7 1968233
5 6 2481964
4 3 2898393
13 16 2339028
16 15 131339
12 14 1502028
3 14 1263375
10 13 1858890
14 8 2089246
3 2 1078859
2 10 1405903
9 8 1040967
7 6 1790677
12 11 453435
11 4 1600989
4 14 387150
1 14 273067
3 14 1640893
6 8 2267445
7 15 391702
1 10 1850280
5 17 613592
12 17 1127817
11 7 1213277
5 12 408866
13 11 2783740
16 11 2194956
6 17 1420666
1 7 807642
12 17 1237991
16 11 706228
6 5 635708
12 9 2969155
7 16 941498
10 1 505624
15 16 1595538
12 3 820353
8 6 1571728
5 7 2979388
12 8 1797834
13 6 588209
16 1 1566859
14 5 2765013
2 6 1943949
13 16 2975886
2 13 2938543
15 16 160820
10 6 492152
6 1 2476836
6 16 2811255
9 4 2582527
15 8 2176940
6 10 1913324
15 17 561057
3 7 347325
13 3 818312
12 1 1433580
12 2 506837
3 17 760916
9 14 24063
2 14 55639
7 10 1224885
8 7 2807989
2 12 1218279
13 6 867744
13 15 448679
2 17 1005327
9 6 2464211
2 11 2180427
9 4 702335
15 6 2219133
17 11 2350976
6 15 1742324
2 13 573344
7 12 1205926
5 14 954119
2 6 882876
8 12 1391896
9 10 1514759
10 8 2946075
5 14 1440056
6 14 1914616
5 8 2327714
10 8 1168868
12 2 656272
13 14 1717533
5 3 1716553
2 7 2975165
4 10 848561
4 12 1256725
1 2 2901325
13 7 2416328
7 17 528062
17 2 1502092
5 4 2193532
3 8 1839503
16 5 419151
10 17 1114245
9 10 498379
12 3 452378
16 3 1685873
13 9 768507
2 5 2285887
15 12 2709578
10 12 1229746
6 3 1161183
13 3 62991
11 1 753604
14 15 1628754
15 11 1229004
6 14 1887179
3 8 1256694
1 15 1897852
13 6 2769338
13 12 53244
17 13 2117879
5 13 2280959
10 9 161345
12 15 2439195
5 15 516513
10 1 470854
3 10 1024790
11 1 58400
4 2 1933645
6 11 1906135
16 1 1862253
1 10 899940
3 11 985306
2 15 1028544
3 9 2748202
15 17 444189
12 7 2465901
2 12 1732549
2 9 1847108
17 2 2412069
14 15 480186
4 15 137048
10 3 36375
15 7 2692566
16 7 2398944
14 6 2945533
14 1 2467945
16 7 1544091
3 11 830306
5 16 140959
9 6 1309819
3 2 1769759
3 6 1595071
8 1 728218
6 12 2887543
13 1 2757124
10 3 1505546
7 13 2816547
10 16 2833140
7 6 21165
9 13 1272619
6 15 1676930
15 5 2866575
2 17 1156565
9 15 1981210
12 13 2708171
4 13 65820
14 8 426229
16 15 1449694
3 8 545724
12 1 1075695
7 3 469650
9 8 1575338
9 1 2417078
7 13 2685309
2 6 1314558
10 4 1869074
13 2 1730855
16 6 1724049
7 14 1980285
9 11 1735760
10 6 674270
1 14 2851282
16 9 2272889
5 12 47538
12 15 2285321
8 4 2980510
4 5 2677711
1 17 199999
1 11 1708099
3 14 2426658
13 12 2215328
16 9 673111
13 15 60498
15 4 1632101
6 1 2643001
11 2 2181023
3 4 1262104
4 5 499008
17 3 1155174
6 10 1678495
15 17 380628
3 14 825869
11 4 1924948
15 11 483690
15 11 1504711
15 10 1361328
5 1 1291338
10 14 400576
16 14 624604
12 15 37440
7 13 2767048
15 16 2777907
3 5 2762776
11 5 1177814
13 1 360624
15 3 386157
10 3 1859438
10 2 1166322
5 12 1929583
3 7 1972414
13 1 1482175
17 9 2261523
11 14 922163
6 10 1660279
10 11 2466070
12 5 1719908
15 5 2895464
7 12 1324705
1 9 2705400
14 7 220266
1 13 2040840
6 13 2200432
10 16 1232268
3 1 1645156
6 10 1714589
17 13 993761
6 13 1048283
11 1 2909230
5 13 2413533
3 5 1228401
15 8 844357
12 9 75201
6 7 1076515
5 3 1891334
8 6 1103680
14 5 341398
15 16 1008431
7 12 1575930
5 15 2325124
14 4 332365
8 3 1596397
3 15 2989987
8 10 594249
11 16 477750
7 16 1605419
8 6 2689437
14 3 360849
15 2 675626
14 1 708331
3 17 318951
10 12 1733101
16 9 588915
13 9 472982
13 7 72743
13 6 221202
3 9 1758099
7 5 1771162
4 1 2053313
4 1 2846929
9 2 2705441
1 17 1004697
9 13 2345399
8 11 297284
3 4 817684
2 9 1820813
8 6 95085
11 6 1158126
7 12 2933583
16 15 1378179
5 16 115442
12 10 447719
13 17 330174
3 12 2977071
2 17 1404590
15 5 57155
4 13 1845361
4 16 2803355
11 6 2766446
10 15 613758
15 7 2650303
15 14 491713
10 4 1745651
12 3 2597434
13 5 2983065
9 4 2644617
13 1 876568
5 17 465175
7 8 87391
10 3 1868559
15 9 952468
8 1 1879711
8 1 734912
17 9 2013358
2 11 826289
2 7 1917641
1 12 165000
12 13 374802
17 15 111092
7 1 1692630
13 7 459318
3 12 1850424
9 4 1744721
6 7 2241736
9 11 1797837
16 8 605958
8 2 1329478
14 7 633093
13 14 1299449
15 6 1220556
5 14 1938118
1 14 2242705
7 17 732189
14 11 2761956
6 3 1004321
10 8 2930888
3 14 1973047
17 16 2664708
12 6 785124
7 13 2894801
15 8 100533
6 2 1531590
2 11 2843339
5 13 1394480
1 3 635768
4 11 2381305
7 12 1467070
13 3 245378
12 8 2117262
17 4 2853756
12 5 691738
12 9 2070688
10 16 677326
8 11 2458309
1 7 2895709
15 17 2583100
1 16 614107
9 8 2635103
2 13 2111244
15 5 326773
4 9 2036371
12 1 686661
11 3 1787462
10 3 1142763
17 10 2351717
13 15 2473333
11 16 746290
9 4 2576295
11 14 629234
15 5 387935
1 17 620335
13 9 2175490
14 1 1521758
9 4 1655250
6 7 185055
7 13 2103728
4 2 795275
4 15 718812
16 8 197073
7 1 721383
7 4 2820949
14 16 87493
3 6 357708
8 11 1441127
8 17 13257
13 17 2469710
8 13 2423516
8 13 1389111
11 17 1556666
15 16 2204146
7 6 1671546
16 15 1232839
13 1 1525557
12 14 1807155
3 14 1630995
10 17 2560733
5 3 2050126
14 8 426060
1 8 2772890
15 11 1127209
9 5 1235846
13 10 535319
3 12 1819229
6 16 347365
2 8 2334987
10 12 154113
16 8 1968389
1 4 1676886
4 3 1902131
2 11 522770
3 5 1697264
13 4 969263
17 2 1980693
11 3 646039
2 4 2575136
5 14 2396543
5 3 449213
15 13 1886237
3 5 805179
1 15 2804037
15 3 2491022
5 4 2132872
10 14 166709
8 17 2430922
14 15 1158465
17 10 178708
4 15 1362245
12 17 169521
8 15 1863394
6 15 104810
16 15 622812
11 3 2879338
5 12 2835417
7 14 960302
12 10 392220
3 9 692360
13 2 1041843
12 17 2753263
5 10 272374
14 1 629909
5 16 697027
4 15 2643205
13 17 2176594
7 2 2349401
10 8 2282850
13 16 1899038
17 9 1582970
15 14 2192000
5 10 445673
8 4 815422
4 11 1625088
1 8 985771
3 17 873038
13 8 2955191
13 16 1354741
15 16 749507
9 8 2351325
12 2 2257890
3 10 2451952
17 1 2038631
14 10 945185
9 4 229869
5 2 6868
9 6 1976687
2 5 1363128
8 13 712707
7 4 1142109
4 7 120052
5 4 1988490
4 3 1392880
13 5 74770
9 17 215105
15 4 485997
8 10 685387
9 4 2930775
1 10 2803386
2 5 2261349
16 4 1812371
9 11 2458548
12 15 925933
4 3 1563207
16 9 2839486
3 17 1196606
7 4 276150
5 13 1329174
12 14 653156
4 11 1562810
15 12 2303036
4 12 1568861
6 2 901053
13 5 2600272
5 16 2928863
3 1 2601476
11 13 1702993
3 4 2166242
9 15 984378
15 1 1192304
15 8 1573289
6 2 2511367
14 6 1049140
14 16 565252
1 14 1234607
12 7 418170
8 10 1362979
2 10 484142
10 2 1491895
9 2 487595
17 7 1990716
2 15 1642117
12 7 395057
2 13 1660776
9 6 2572999
3 11 153259
14 7 2734478
5 1 1533979
10 17 221568
14 6 2985139
9 12 2500632
11 2 2658452
15 4 1147864
16 1 2749507
7 3 2000594
10 13 2477654
17 13 2194283
7 12 874528
7 8 2112270
12 5 2170082
1 15 2280150
14 10 746000
16 17 1897204
13 12 1156904
11 14 2078338
17 15 1627927
15 9 477570
12 6 2994038
5 17 2907982
2 3 2629092
13 8 569379
15 10 381754
7 17 523798
8 5 2888718
7 1 638055
17 5 1212039
2 15 2037275
9 12 1188694
6 14 1595430
5 10 748771
1 12 2714107
14 9 1368444
1 8 520135
7 5 1053861
9 5 1114865
16 3 635998
2 17 1111631
13 5 1825735
9 1 1675426
12 6 66317
2 16 1040467
5 12 834476
13 17 2919559
3 17 2326663
17 14 5464
3 7 1262310
1 2 1197945
1 6 2687042
14 17 1765300
11 13 1109190
8 16 1006128
8 7 1276205
5 2 1880305
15 1 202712
10 4 2499036
1 11 1211916
10 1 23471
8 3 2112286
7 13 830522
1 15 2342410
2 15 1449502
5 11 886926
5 15 2531869
1 15 2380678
11 7 1492538
5 1 2704761
15 17 2179386
12 9 278537
15 4 1592429
4 9 2054402
2 7 1090970
1 3 1106393
2 4 714199
4 16 370659
3 16 89139
8 13 1537212
9 11 544889
17 3 411896
15 7 758015
6 1 108638
12 10 1083065
11 5 418034
5 14 1345865
5 7 2367372
9 3 1929521
5 7 1827401
15 10 1953093
9 5 1218335
15 12 363693
7 15 705137
14 8 1207935
11 6 69217
14 5 375686
2 16 2703572
11 9 911776
6 4 1612417
6 11 2441223
4 15 1034856
2 12 996773
5 16 2504014
10 5 2091061
2 10 648857
7 10 1837281
14 16 911118
12 13 1186427
8 10 1181873
3 5 208008
10 9 1888549
14 3 999654
16 15 2088232
13 7 2041470
11 17 696418
8 6 2310172
11 7 1600887
15 13 2987292
15 17 2404006
17 15 2868275
15 11 2520132
5 13 606869
1 15 2127848
12 9 2002471
9 14 2900177
1 11 2949787
10 6 2947577
14 2 2490645
13 16 2932809
1 12 2688607
10 15 1535910
8 4 1998800
10 14 2236890
10 8 1156937
6 7 340087
4 6 1385052
8 3 1260278
9 12 655100
8 4 815385
16 14 2589893
15 6 2622892
17 15 808433
7 12 1524842
7 3 2640058
10 6 2879834
10 16 164919
11 3 2116170
7 10 1164058
14 13 2311725
5 14 1970224
6 13 307868
2 6 52323
10 4 75197
10 5 1128196
9 3 2769131
8 7 534597
4 15 253492
16 2 2567675
12 6 852566
6 10 2433846
12 6 1221128
11 13 864523
2 6 1177398
11 17 904716
6 9 180183
15 12 815351
5 2 2085496
7 14 2665590
16 7 1753002
5 7 690162
4 7 1340235
7 15 1035212
13 6 718999
6 15 760992
2 8 2759417
7 2 2496525
1 7 360088
13 1 1720705
7 13 2826212
3 9 2000947
15 14 313570
7 10 2981742
9 6 437420
13 3 370647
10 14 2226230
4 3 2676502
1 16 2697339
14 12 180231
15 16 690896
17 3 1633290
2 3 1680824
1 11 671198
15 1 2337467
15 3 1862401
1 12 2900041
6 10 2377412
13 10 2172884
14 9 1567240
3 10 251218
6 5 996321
15 8 2518972
12 8 2223060
9 14 2531006
4 15 592335
5 6 1484387
12 6 1065940
7 17 1735660
9 12 2039666
11 9 1686280
5 15 240680
7 10 2746060
13 12 1070406
8 16 1837188
1 15 568403
15 4 914532
14 1 635030
17 1 190091
17 2 1116542
5 11 1940856
7 1 444385
5 2 516412
14 11 1304616
5 16 1660853
3 16 2984965
8 17 1000382
12 8 1361314
15 7 2625285
9 6 2547507
3 16 1807350
16 10 802289
14 5 106269
2 14 2440329
12 5 439828
12 1 323824
4 7 2680784
17 12 1429067
12 15 2120721
1 12 1733148
10 4 59176
3 9 781410
12 1 1016900
2 17 2234484
2 17 1479634
7 11 2842128
1 14 1528462
1 5 801275
17 9 1852607
6 7 2317771
8 1 1299562
9 8 2154995
8 12 2442717
15 7 53268
9 7 31321
14 17 970784
5 7 641737
6 11 2102140
13 6 2735377
15 4 2372435
6 1 2146289
7 5 1733573
5 1 705788
10 13 1274267
9 7 1554830
6 5 573964
8 11 2006686
10 11 2329566
2 14 435268
7 4 2964596
12 4 1991301
9 2 1967126
14 9 492057
10 13 274206
15 12 960411
13 17 35032
10 3 1603978
15 1 2290881
6 17 1241286
15 5 1110582
2 16 494107
15 8 460225
17 7 2641355
16 3 2954784
5 4 2311221
7 11 1403805
1 8 1216580
12 9 1476573
17 5 877871
15 5 2331948
8 17 2447129
12 15 591605
2 5 1471894
17 13 1890085
16 6 772968
6 7 2117647
5 6 2465569
11 10 2114552
8 7 1380974
6 5 2554222
11 7 1159320
13 1 2858263
3 15 1955711
16 4 2347617
4 17 2715671
17 10 151914
2 12 1794291
3 13 89939
4 5 1242345
1 6 2492993
17 6 1140295
12 1 2378334
8 6 1127092
5 11 1615010
14 16 676143
7 5 2897187
2 10 1071524
13 9 907487
17 8 79000
3 10 988160
7 9 1723108
15 12 707476
9 17 2312675
2 11 2407876
10 13 825558
4 15 898699
10 4 1964804
14 12 2531974
9 15 1792547
3 10 1630292
4 5 1585282
7 10 1175276
2 17 262393
5 15 2510788
8 13 36860
5 16 2172351
4 3 766173
7 4 413781
11 3 2975113
12 17 763729
15 4 151012
16 5 103657
15 12 2505579
7 6 2145952
2 8 2931173
16 9 935232
6 5 1463534
9 8 2329913
6 5 916736
4 10 1773171
5 4 838822
6 12 1154206
16 17 1746699
13 2 2551600
8 2 684489
12 2 1681390
8 10 1019576
11 8 973422
15 7 295983
9 17 1713047
6 17 1765996
12 14 1773771
2 16 1224769
8 5 1305108
4 3 977420
14 2 550954
1 9 2123269
2 4 1646024
1 6 2483861
11 2 1724252
17 6 1695140
11 7 1982681
16 3 2582299
10 17 592668
11 12 1014
16 3 2428650
17 9 1289619
9 7 1955861
12 3 1045390
11 9 717363
6 13 333953
2 6 2580825
15 7 1491823
3 7 1067819
4 15 219721
17 6 1588591
12 11 2299862
12 5 919520
6 10 2898314
14 11 1105012
15 4 201390
11 3 30597
9 16 141815
10 3 1081721
4 2 1050576
14 7 2443604
5 6 2001291
5 8 274029
17 11 2332434
1 12 1148431
13 16 2983434
14 1 1963828
7 10 2251067
7 6 249809
7 10 1528682
15 13 2405737
13 7 2604739
10 6 1449133
16 1 1780541
17 16 404323
17 12 613691
4 6 565841
5 17 363270
15 11 2943560
17 5 835700
5 14 2780444
11 9 1934035
13 9 870877
1 8 2290661
2 14 148262
3 5 1196231
17 11 1448514
13 6 1207274
12 3 70113
11 15 1674332
8 2 1156105
13 14 1968179
11 7 1866112
4 3 367765
17 8 2366004
16 5 2683735
17 2 395931
10 16 1331908
16 5 2681700
8 7 1393031
17 2 1194167
4 15 1257016
7 3 781481
11 8 1245182
8 12 1036245
13 3 629781
17 6 517045
6 13 2280664
12 3 735110
17 10 551183
8 1 2618714
8 15 717364
2 13 1738401
11 1 677582
6 17 2818480
9 1 2934706
12 10 883045
7 2 2698578
6 13 1575082
9 3 1257691
3 8 1568931
12 3 1857319
16 1 149761
2 12 490195
2 17 1481453
10 9 1320250
8 11 1194383
4 7 526970
9 14 1320047
12 10 1430985
1 13 1151503
11 15 1269669
2 10 1208133
3 6 1444956
6 14 627767
6 2 753532
6 17 2402331
10 1 642573
16 17 1059874
16 17 1633118
16 12 1670545
11 8 1305757
10 1 10458
11 2 2765923
14 11 1086964
8 2 1760125
1 4 1255786
17 15 1648517
9 8 1639680
15 2 1573027
3 17 1928708
10 16 1148728
1 9 2594815
8 6 2814641
15 13 791302
17 16 98080
6 12 1327844
8 3 2080272
13 3 981235
14 15 103035
6 12 315536
13 1 2266133
16 2 483234
6 11 2500534
4 17 2681189
5 9 2318357
17 13 1088186
12 17 458087
10 1 1697738
11 17 615635
3 11 2750118
1 7 1987298
12 5 2796753
12 1 850865
1 7 1514420
1 17 2512166
12 7 2564591
7 6 1433726
8 10 2875868
13 5 557461
17 13 1278485
17 13 223284
5 3 39401
11 1 2883779
3 5 1124528
12 1 79859
14 10 1448209
7 8 2912809
14 2 2179997
2 12 408750
8 12 2094778
16 6 1244351
3 12 1519427
17 7 1076036
16 11 2143482
11 10 630493
14 16 1008649
5 10 998648
7 11 501266
17 7 1877074
15 12 2545699
16 8 1434288
16 14 2012106
16 11 854543
1 16 2971572
13 1 2725464
5 12 198990
1 4 1363719
14 2 1168721
1 11 2096384
11 9 1429187
12 10 1679194
2 16 2750009
9 10 2233825
3 17 2091408
17 3 495174
17 7 2202576
2 3 186267
11 1 1491925
16 5 1191045
1 13 704072
4 14 1920664
9 15 1258912
14 15 777529
14 11 1990188
11 10 82472
13 17 1546068
3 10 1823341
9 11 1174467
9 13 242325
17 6 2325400
1 13 808918
17 12 1558408
6 7 708653
7 8 218225
6 1 2055471
14 12 413865
16 7 1396716
14 3 419224
3 7 1110259
5 3 1331837
6 7 264664
9 5 835444
6 7 2949276
12 9 2707167
15 7 2999172
4 14 2041551
17 9 984143
11 1 781692
15 12 2577714
3 14 639181
12 14 1098215
17 1 1489364
6 9 2931937
6 7 867609
9 3 88071
10 5 1149090
8 17 1721933
12 10 1901435
2 4 1544691
12 16 1288797
7 5 2698874
15 1 2076516
17 14 2949735
5 4 1486743
14 10 862503
17 10 2436306
5 9 2276379
8 10 34702
12 2 2993465
17 11 2468653
6 1 634984
17 13 797775
12 3 367994
4 8 2940689
6 12 2950316
3 4 1402068
11 15 736307
2 12 1257161
12 1 1225078
10 16 2215612
10 11 1528078
12 10 1495550
14 8 376599
1 11 148739
8 13 341796
9 5 1519212
4 6 1700022
17 4 2584413
8 13 1775426
14 4 63331
12 2 635495
4 8 2004239
2 9 113730
6 3 1848504
9 13 280420
1 13 2594262
4 16 2182792
7 15 1111571
17 7 738833
10 6 2119394
6 10 2754244
16 14 721123
14 11 1569140
4 1 1773002
16 2 6164
17 2 1103707
5 4 2568488
16 15 1182242
15 1 316758
1 5 2055777
8 15 1671214
16 14 2715560
16 11 2934307
12 9 2586059
12 10 1428566
1 16 810162
13 15 302496
13 10 1736779
3 14 2505106
12 14 2471711
14 13 135243
9 10 1851769
1 2 1620711
6 3 1721381
3 16 55759
15 5 2450468
13 8 1515143
9 10 988326
4 6 1270197
10 13 1424171
11 9 2100045
5 3 1980591
17 5 2110397
4 1 576538
10 7 156010
17 13 2280310
2 9 291992
2 7 76330
10 5 1873295
14 7 2482703
10 16 2739652
4 10 2642430
6 11 2526913
3 11 984466
1 13 589868
6 7 501985
8 1 2728574
14 16 2030158
7 3 463580
8 13 2033243
16 11 930038
11 3 2324431
14 16 2044297
2 6 2883645
7 11 1821028
6 7 2306050
15 3 2705912
14 7 844039
6 15 1086468
8 2 681648
5 13 567802
5 17 1556988
2 4 2804585
5 15 1529319
5 14 2127259
9 14 1425838
2 17 2347005
15 11 1216979
3 5 1483053
14 3 1948335
12 5 52537
8 2 102784
7 12 1050091
2 3 1177527
2 11 2540901
4 15 1572910
14 8 1030698
2 9 963949
15 6 881500
1 5 1590825
10 11 2099165
6 11 346500
17 15 2971640
12 11 1061447
7 16 1343895
10 15 2368946
6 3 838076
2 6 2185163
7 10 1277076
15 16 1126892
14 7 2599418
17 8 309322
12 17 1121977
8 12 1531769
13 10 1636205
11 7 1974754
7 17 1046826
2 3 564461
14 7 2414240
3 1 708666
8 4 2276779
5 13 2023317
12 17 1594716
5 2 1091592
3 4 185512
6 13 85190
10 9 488326
4 14 1606796
5 10 1433711
9 15 2799019
6 17 493043
8 16 2153320
9 15 1408296
6 7 1074028
5 16 118140
6 2 126100
8 12 397233
4 17 313228
14 10 95523
11 3 2314770
1 12 1688211
3 16 2779935
2 15 1817834
17 4 1225704
4 15 2127639
17 14 1283828
14 3 209934
3 11 144280
16 7 888377
14 4 2011680
16 15 1088837
12 11 2224916
1 8 1185911
17 8 2574557
8 12 776119
17 10 1124570
4 1 1170873
2 17 1600232
11 3 1314043
5 17 1628797
17 7 1429156
11 12 1240603
3 15 954094
16 11 2473093
17 4 1687662
15 8 666813
13 2 222407
6 9 1619636
10 7 1021128
5 10 297494
15 17 843687
11 2 1463990
13 10 804035
7 14 2207852
14 17 137166
5 11 893389
7 15 38454
12 13 2014807
3 14 2293890
16 9 1198358
17 4 474592
7 13 418239
1 9 1197402
9 2 2123857
6 11 1826870
4 14 2384851
10 2 343961
5 4 2399268
16 8 2845855
16 12 2427117
1 11 2970134
9 8 583280
10 11 2817899
2 10 2716443
13 7 833736
3 8 1433254
17 6 2527224
14 10 1132301
5 8 1352269
7 10 586691
15 6 2685014
13 10 1477779
8 5 1039131
14 2 2305138
12 4 2677265
3 1 1994591
3 10 2252301
7 12 2101867
12 9 2654523
16 7 1898120
4 11 1804140
16 5 2827542
7 17 2427493
17 1 2207995
14 6 1174427
12 11 134140
9 3 232118
5 6 774416
12 2 860380
5 9 2478272
6 7 2660847
2 3 1835277
15 11 2297656
1 13 1823324
13 14 1025395
14 7 619636
2 7 2186736
8 1 1469848
10 3 2508562
13 17 1498671
17 5 898855
12 15 1026153
15 1 1012095
4 1 196654
4 5 2214004
7 11 2139999
4 14 795097
15 9 2618126
6 10 525154
7 8 1131380
16 15 1076015
1 6 469767
5 4 1451603
10 4 2982332
17 9 1080852
10 3 420575
16 5 335908
2 1 2126723
6 4 596027
9 15 1444646
11 14 2831382
1 2 500602
14 8 1747961
10 9 2047500
3 14 2918749
13 4 1812844
12 5 2582979
4 8 1784255
17 2 966125
10 6 2699948
16 11 473650
5 1 547444
10 17 2871620
10 17 1025939
17 3 1417970
14 16 1265003
14 15 1079881
17 7 1571467
5 7 850047
5 1 460317
1 12 312007
8 14 2491715
4 17 497124
9 14 1115648
16 8 1483893
1 5 675815
17 6 2374464
12 10 1937534
10 1 2646751
7 17 597281
8 2 1385898
8 5 2642117
1 9 1497743
2 7 2608823
1 2 2007376
3 9 2192206
12 15 199645
2 3 969299
10 7 1096566
12 11 2546616
3 16 1751849
7 6 2986757
12 15 96142
9 12 517306
2 15 2411066
3 2 2135056
11 4 1079208
14 6 2051881
3 7 1355636
4 17 1337185
17 6 923833
12 17 467180
17 5 2436241
11 3 1498073
1 11 254780
11 2 1006436
7 9 130193
14 12 1045191
15 5 1457952
13 10 119626
12 10 1707622
5 2 1218826
17 13 2037266
8 17 1010001
10 1 532562
1 9 263871
14 3 2601445
17 6 1116709
6 4 1787674
11 3 1791113
15 16 199856
11 12 579536
11 4 2867502
5 9 2846808
8 7 36952
2 3 2216812
15 8 2161775
7 8 1289433
16 12 1582054
7 6 2980998
4 7 1304639
16 8 1373391
6 11 63388
1 13 715399
16 15 1448173
16 4 294815
12 3 667781
17 2 1656488
12 8 1730880
9 5 506977
11 17 1296178
1 17 667309
5 13 224518
14 6 799169
5 7 845287
11 9 2154222
5 11 959827
13 14 1863948
2 17 2488157
8 16 266909
7 2 1560757
2 13 2834034
1 5 954316
2 17 303700
17 16 20145
15 4 1517078
8 13 1518980
9 2 845651
8 16 1657658
17 7 852492
3 12 320362
7 16 2995180
14 8 2681907
16 11 1240458
11 7 2785377
14 11 2582804
9 12 2287586
14 16 2001551
12 13 2837933
2 7 1546300
9 12 1080748
3 1 2195916
9 7 1663781
8 5 1219048
9 11 1288662
4 7 714917
5 6 1831799
6 15 2535318
13 12 2227492
12 1 114788
12 14 1857488
17 2 1993158
1 8 740693
14 7 45633
12 14 1104764
4 3 2330342
8 16 835979
8 13 2122338
12 16 396062
2 13 2126673
14 15 1780769
14 6 2805602
14 13 489339
5 12 892449
17 8 2381414
16 5 1086335
17 16 609202
11 3 1741264
1 7 749759
10 5 2119056
15 13 2666232
4 15 1161484
8 3 969481
10 1 2559639
12 11 1931007
14 16 233981
8 3 2919793
3 15 52591
9 16 987922
3 5 1055609
6 4 163664
14 4 620859
11 1 267779
2 5 2708378
16 9 1100910
13 1 887539
15 7 1639628
9 13 1236741
9 6 993495
12 17 2353646
1 5 1764733
3 10 2743642
15 9 2230254
6 10 2953853
14 9 362950
8 14 802048
9 5 1488240
11 6 784962
16 14 177804
6 5 1032959
14 8 2795503
1 4 213171
8 15 2573954
2 14 2129174
1 3 2368460
7 6 826889
17 1 1674975
17 2 586187
15 5 1655495
8 11 897671
7 9 2169580
3 8 2159807
12 17 1076302
13 6 1566089
16 12 873003
11 8 2846616
4 6 884569
10 11 2847307
4 12 105591
12 9 606992
5 13 973328
6 13 2326162
11 7 2255771
15 6 631230
8 11 2582030
7 11 1144689
3 12 137703
9 10 1946735
7 14 1696642
2 7 1524048
16 15 1474466
8 7 2278249
16 1 1312672
6 7 1571296
9 5 2935719
9 8 2676923
10 4 17474
10 8 2327911
11 3 942354
14 17 527372
10 3 510101
16 9 515251
3 8 1297258
6 17 900714
14 3 81038
2 10 982028
11 15 2220155
8 5 1397482
7 17 899037
4 16 1216054
7 13 2175482
4 13 563626
12 2 1130173
3 13 1251170
16 9 1637509
17 15 8675
2 14 1869940
14 5 2772536
1 2 2997111
12 1 739897
7 4 1324705
15 4 179847
14 10 62961
9 1 48429
6 10 1840995
8 3 2657150
5 15 75794
1 7 48382
4 11 634683
7 10 2506493
16 8 1593327
1 7 2905401
3 7 2258627
5 16 515781
14 7 188943
4 13 2140403
17 15 2384481
17 10 1503562
16 11 2513110
17 10 919782
2 6 2094884
16 10 123798
2 9 2725695
2 8 1309259
4 13 178897
9 6 600386
14 11 1090883
11 3 942525
2 1 2834882
12 6 2535136
3 5 1000429
17 10 1946482
1 16 2259592
11 14 772492
6 9 940980
13 10 1566287
4 16 2067545
3 11 292669
5 17 326979
14 3 1213698
5 7 2050097
6 1 303530
2 8 2203946
13 11 185811
15 12 415569
4 6 2128055
14 16 2158843
5 17 2784773
10 12 2699831
15 8 363003
7 1 568809
14 17 230895
4 16 1868611
3 17 2248662
1 13 2446233
8 6 1385820
2 3 573542
1 15 1709967
6 13 1978867
1 14 1285267
12 16 2736867
15 13 161193
9 6 2621832
17 15 537309
10 3 1723200
11 8 2239134
4 14 2509980
6 8 1151384
2 14 639305
12 16 2819282
13 10 2743508
9 10 360415
2 9 2888095
8 7 956533
3 12 1653640
1 11 2177443
2 11 1472685
17 6 2138039
4 16 1485467
2 10 1341154
8 11 2087007
7 11 737458
5 9 951446
9 16 944717
4 14 2810834
7 17 1170749
8 2 733379
4 6 356516
7 10 784757
3 15 745085
6 13 2868278
14 10 17022
8 6 2846064
17 12 1147200
7 16 535441
5 16 2068005
14 6 2511807
17 2 543324
2 12 1232830
9 6 1590644
16 15 1844737
4 3 1224195
14 10 144518
9 1 759499
17 9 2433169
8 4 845517
1 12 2893145
10 5 1400411
17 16 1590926
3 11 346560
3 15 2701944
8 13 1693223
14 9 1265830
4 7 1259716
2 11 2462417
17 11 435589
6 16 476765
12 5 1417336
10 2 583816
1 5 549096
9 13 862182
7 9 2614609
13 9 2579513
6 1 2178119
17 9 2738804
17 15 2969433
7 10 1837073
11 16 248071
7 1 2928220
6 3 2024401
12 10 29566
8 13 2485007
12 7 2619520
15 1 1596085
4 10 1772901
16 17 1696564
13 17 710453
5 12 662020
1 3 34075
9 2 1858710
3 4 993038
8 4 94364
4 16 1400883
11 16 839293
1 4 2752546
17 10 1385875
17 14 1350322
13 4 703332
9 7 595745
17 5 1362088
14 1 1369299
8 15 829706
14 1 2381256
3 8 1463929
13 14 2101583
7 9 1340078
2 7 823265
14 7 1840300
17 4 1879950
11 4 1234716
12 7 655293
15 11 1281071
10 7 587035
8 15 705616
9 4 1603934
10 3 2905124
10 8 2218436
8 15 2635590
13 12 2993495
13 6 910511
5 14 208227
14 8 2639762
4 14 2990804
8 10 2662836
1 7 2856935
14 6 1553161
13 5 2635879
16 13 2476141
15 8 2428450
12 2 885698
7 10 1403784
1 10 1952448
16 8 1402158
15 1 1003967
4 9 2194720
4 8 1776273
3 11 562808
2 10 1297076
12 6 2394621
17 8 299889
14 16 495365
8 9 1160820
3 9 950011
3 12 54385
14 17 2833106
1 12 1151402
3 7 1852921
1 4 2710151
14 1 1425574
12 16 2935105
8 3 2801166
1 7 2348664
5 1 2733945
13 1 809506
3 14 1571472
4 7 2786229
4 15 437825
12 7 1372665
4 14 630219
7 12 2145339
4 14 2932114
12 5 885637
10 4 748062
10 17 2302367
8 16 1187101
8 1 1469436
1 14 1179192
4 12 1959015
17 9 615604
3 9 667577
14 11 870395
13 1 355760
7 10 172988
5 8 1963806
1 8 959427
13 15 667526
13 16 2524908
5 14 982551
5 2 1641885
3 15 1514347
6 10 640211
1 13 2649166
16 11 718904
7 6 621442
9 7 1257726
7 12 2493585
9 12 870723
4 14 172727
6 4 1902275
2 17 154873
16 10 1423865
7 17 46885
17 16 1039126
11 15 1107770
14 9 1490564
6 8 190794
17 13 550937
8 4 1479730
6 8 2354515
8 14 895345
9 6 1995764
10 5 905172
10 12 2507917
14 9 2508124
10 4 18833
7 17 472011
12 6 1506454
16 13 2224274
13 8 2809548
10 4 1099703
12 7 2483037
7 13 2515667
3 11 737609
16 10 2093265
4 2 2538296
10 12 1534613
8 16 933133
15 12 1684868
16 13 2497331
6 9 796722
3 15 2165299
14 1 306662
12 3 2604053
1 8 377631
13 12 664676
11 13 749996
13 14 1858936
11 12 1815616
10 17 2848822
16 12 364405
10 12 1914415
15 14 1205956
2 5 640034
17 13 1641095
13 6 1397648
14 13 1157696
16 9 1491035
4 3 318251
1 3 163122
12 17 1770010
4 5 738631
17 16 1648914
3 7 1072976
3 1 2782352
8 14 1132081
16 7 1860140
12 15 1561549
16 9 2757310
12 10 613736
14 1 2105154
13 5 722402
7 8 2155776
4 12 417550
11 17 2547918
8 3 1820115
14 8 1704969
10 11 248774
15 4 393318
3 11 2669575
6 13 473655
1 7 806106
16 8 672909
13 17 2790724
2 10 1730765
11 2 1718375
11 14 2731388
14 3 1644037
7 3 994083
7 17 1636140
11 6 2927665
6 14 2892613
12 15 283636
14 12 618970
8 4 1379852
14 11 2610165
15 8 2385022
9 3 2458318
11 4 1136977
13 4 368920
15 9 2649204
17 14 2120471
14 1 480348
17 15 327969
3 16 507710
17 2 936275
4 7 1850405
3 2 2438939
15 13 661548
5 4 2399277
15 5 944343
11 12 2738336
6 10 438981
3 4 2184289
2 13 599438
5 10 2444728
3 8 1772179
12 17 748731
3 5 68544
6 4 382001
12 15 899021
17 8 1021358
1 11 2188969
3 17 2897221
9 2 537511
15 2 2722132
1 6 2732681
11 4 2747030
17 3 2586848
7 15 1531991
16 2 2194826
11 1 480454
5 12 2198837
16 17 112111
12 4 1052489
6 2 2729043
2 5 2325690
5 12 1681717
16 17 1418333
5 4 148307
1 8 1500874
17 15 452804
12 1 2417182
14 10 2193907
8 14 1401612
11 2 44442
1 14 322374
3 6 2913298
17 13 363423
14 17 1565563
8 2 2866273
2 1 1365962
2 14 1131124
15 14 292658
16 7 15345
8 15 2306930
6 15 430301
17 6 534462
12 16 437970
16 15 266897
2 17 628762
4 2 2546114
14 5 1763625
5 9 1359237
3 6 300542
8 12 1063636
8 9 677964
1 14 1141677
1 2 48163
5 1 2558143
13 10 1335734
3 15 801425
10 4 2061771
12 10 817163
14 17 510999
5 1 1625019
17 15 2213719
8 17 934624
12 9 2367406
1 13 2767905
3 7 1010614
4 2 255080
9 3 2769086
8 5 2913738
1 3 1472721
6 15 141813
14 1 2991042
5 10 1748001
11 9 572734
12 15 2747761
10 8 45817
4 8 2969997
6 15 1936969
3 7 1615887
7 13 2443489
12 17 2005466
11 4 2996839
14 1 764679
3 6 769026
6 3 991590
9 11 2413295
10 16 594761
4 12 756301
7 12 1390822
14 17 2851893
9 17 773078
7 15 879630
15 11 2511105
3 15 228673
5 8 50939
2 10 2750169
8 17 1944945
10 9 206641
10 7 1547502
17 16 2123372
16 9 2536281
14 16 2128680
8 11 2462130
6 8 1155362
2 11 96608
9 14 765961
10 2 2773383
3 16 2121901
11 2 945900
5 10 2697145
15 1 2480457
1 4 1283608
5 2 681110
6 11 1969725
11 15 2433551
9 12 1717851
10 11 412559
5 16 2193923
14 8 668829
6 14 2417358
17 14 1293628
8 16 2709337
9 14 1539281
10 6 2040394
12 9 1043338
4 9 2421843
10 12 1369150
9 13 2717826
12 2 2316855
10 9 1434974
12 4 252070
12 6 1840076
1 6 2337526
4 2 2296916
12 2 2197626
12 11 2668314
9 6 1496291
16 5 937214
1 9 1595097
16 15 249723
11 7 563169
3 5 2316927
11 16 1141381
17 12 2374858
17 4 410597
9 14 606255
10 13 848471
9 12 1251883
5 8 250569
1 14 2952449
9 5 2899992
6 2 2208593
7 5 927930
1 14 2312430
4 12 1080906
5 10 1418120
16 11 757164
15 16 332467
3 17 83008
16 6 390816
16 4 2916530
17 14 2649720
15 3 1093568
9 7 2820772
16 17 803222
11 10 1233500
13 17 2642713
4 15 531716
1 12 2499184
13 16 542883
1 12 1324569
8 9 1539236
9 10 2329850
2 10 2517580
17 3 1039161
8 12 823312
5 3 514304
11 13 756424
10 9 2686898
4 5 1729367
7 2 1492402
13 14 2099215
14 16 1957145
12 11 2149617
7 14 664451
2 4 1534049
1 6 1940846
16 2 225256
16 9 655300
6 8 1942384
1 12 98593
15 9 4612
12 11 2536204
6 14 2953889
2 3 737119
16 3 131454
11 14 1344732
10 11 613953
10 15 943377
14 13 547308
1 5 383773
1 14 974893
10 4 2795825
17 16 1556106
16 8 2298174
9 5 648571
15 7 2161569
16 10 257142
16 11 379275
13 16 2286803
15 12 2222590
9 14 963317
6 2 2725304
13 14 487795
16 10 147722
6 7 778922
17 11 2880870
11 8 2602595
8 4 1063474
6 10 1808237
5 14 1585614
9 12 1593288
3 11 202142
6 1 1061103
15 12 1297967
9 16 2888294
5 9 2807275
4 2 541167
6 12 487194
3 6 375024
1 15 243483
2 14 2730550
4 2 1897469
11 1 106851
4 17 2052037
3 14 1185251
15 3 2400978
1 12 2876801
4 1 1692688
6 10 2521205
14 2 2194493
3 14 1407856
2 1 1895979
8 16 1149590
12 8 1247378
3 6 1611584
16 3 2479901
6 14 1334372
16 15 1486949
14 16 1250366
15 1 1555981
7 17 2513451
9 2 2612645
16 5 412392
2 5 2291778
8 3 279998
15 7 453638
1 3 962955
15 7 2666353
11 12 2695605
5 16 1285179
7 5 2614667
12 2 1673650
10 16 1399161
15 3 1224040
9 2 2788513
15 14 2738783
8 10 253843
16 15 1071435
16 15 372313
12 5 1435505
9 12 299869
8 2 1486608
9 5 1601308
8 2 1470388
17 5 2197820
11 2 2398095
