8 43
1 4 2808337
8 7 59416
8 2 2416065
8 4 784306
3 4 1388024
1 7 1451861
2 5 1768832
6 1 717736
2 6 1349328
6 4 66887
6 7 1944916
4 1 2929290
6 3 1031942
6 8 2347216
7 6 348161
1 7 139695
6 7 2380570
5 8 728597
8 7 1119816
8 1 1180946
8 4 1249779
5 3 630120
6 2 1954079
4 2 2979372
3 6 868055
1 2 1662298
3 5 1454165
6 2 1799314
1 7 1381379
8 6 1780838
7 6 325088
2 3 1897933
2 6 424376
7 2 250419
7 3 2266355
1 8 1490534
2 6 2645526
8 6 1896122
8 5 1131007
7 8 857908
7 2 368053
5 8 552764
8 2 1061221
