7 49
2 4 666247
4 3 1609261
5 2 1036045
2 6 2574264
4 5 32161
1 5 980402
2 1 569551
7 5 1726650
5 3 1712674
5 3 1701499
7 6 621629
2 3 2362069
6 5 2394880
3 5 2117481
2 5 1057189
5 6 2753738
3 2 1683131
6 4 530097
1 6 2369561
5 6 1178998
7 6 2951859
6 7 525312
3 5 551398
2 7 1446486
1 6 1508645
1 2 584833
3 4 458012
6 5 2418023
5 4 942266
1 3 1128019
4 7 2005600
5 3 2180977
1 2 2664888
6 4 2079732
4 6 2891145
1 4 687257
4 3 717706
6 3 990262
3 7 1686597
6 4 1239879
5 2 553529
4 2 2423124
3 5 2025610
7 3 632452
4 3 1029778
5 3 2931845
5 6 1590991
7 2 846781
7 6 2471993
