13 685
10 8 2142731
4 9 1282120
1 7 2741300
12 2 1622542
3 4 2417318
12 1 2427096
9 5 2942941
11 13 1458
9 13 1124206
1 8 1688102
13 6 2720834
1 8 2742201
4 7 2457387
4 3 2474013
13 9 939339
5 1 1833306
3 8 876833
6 11 1702940
4 2 1852703
1 9 2604027
13 9 1247391
2 1 2304836
1 10 1822476
10 8 204411
9 2 1274872
1 9 1182615
3 1 363225
3 12 1772942
3 10 1597676
3 12 165991
11 10 369950
9 5 717581
11 2 1161824
12 6 48983
6 4 990100
5 8 1514243
7 1 791794
7 5 559498
12 3 1434505
2 9 1482254
4 6 165423
7 6 814327
7 5 1962390
6 11 1311503
3 7 1148631
10 2 860604
9 10 2864738
3 9 771953
1 8 1170239
10 13 357877
11 10 971977
8 4 221168
1 10 1917729
8 3 1132706
12 8 413848
1 7 2392780
2 3 1628044
12 11 775254
9 7 1491883
3 5 1227429
3 13 65832
11 13 1694396
3 6 128790
12 13 1455599
12 8 91800
12 6 2937524
13 7 1587415
10 1 1572951
9 2 59738
6 7 1992681
9 4 2307527
3 12 1591293
11 8 853606
3 9 1706131
9 4 1342070
13 5 2380858
6 4 671263
5 13 2618286
9 10 2433434
8 13 478010
3 8 1767242
2 5 1674193
12 10 1597178
4 3 1115393
2 13 367762
1 8 996917
7 4 2837522
9 11 239981
4 12 974632
11 12 2185787
11 13 2943956
2 1 1959377
4 8 1356261
11 12 1645035
13 9 697317
4 9 2899603
3 5 1795292
6 5 2298345
3 10 67542
6 2 1292314
2 7 811125
12 5 2156490
3 7 2728021
1 9 1991557
5 9 689718
10 8 256349
8 1 1767175
9 3 2320318
5 12 560149
9 2 1617708
5 9 2062194
1 8 2473952
10 8 2452360
11 8 2469483
10 8 22964
1 10 494436
4 11 2540435
2 9 2347828
8 7 462435
6 10 1322647
8 5 1393059
7 4 717083
5 11 881463
6 9 247163
10 7 829623
7 13 364422
4 12 2149580
12 2 2797017
5 10 1383039
4 11 1221802
3 11 2670464
8 3 52707
6 9 26819
9 8 1843584
4 5 1287020
9 13 1538204
8 7 2159416
10 4 522044
2 1 976291
13 7 129228
6 4 1260416
3 4 388752
11 4 1693871
11 5 1510765
7 8 1105341
11 2 2960784
10 4 2092205
9 4 2023710
12 3 904144
6 10 2565483
1 12 34506
11 12 2277656
1 3 1493092
12 7 396719
7 5 2241813
13 4 890281
6 2 1730511
9 8 2783739
8 11 1810797
7 13 767032
5 2 2195037
6 5 1442151
11 1 1502686
12 8 107671
7 13 1261031
11 6 37013
8 1 1119105
11 1 1747048
13 11 2562079
3 10 828251
4 13 255957
4 3 519743
13 12 1920419
13 5 2425463
1 8 2658697
3 12 95674
10 5 645012
12 9 2530085
2 8 2938258
13 10 2761122
8 10 661098
11 9 2263863
7 9 62736
7 12 963185
12 10 615889
2 9 196373
7 11 759351
11 6 884069
2 11 2648618
10 7 2232046
6 8 717199
10 7 2100370
6 13 1092986
4 12 742182
2 4 2876637
3 5 966569
7 5 1498180
13 6 1344483
4 8 1942439
3 13 1339537
2 1 1827253
6 11 1968919
7 9 1681050
1 13 815099
11 1 2051881
4 6 787360
11 13 1328038
3 2 1042512
4 7 1569343
12 9 2569654
2 9 265962
2 7 2196071
10 9 1999603
9 1 2952205
6 4 2441738
4 12 181509
12 10 2583962
7 12 2903038
13 7 656284
3 12 1044314
7 11 2745477
9 5 2933228
2 5 2783064
7 6 385088
7 13 2602533
9 1 1520856
4 2 2872873
11 12 549938
9 10 1710183
10 7 1746504
13 12 1362474
5 11 272577
13 2 2379458
7 13 129969
12 2 1719551
6 11 2034128
3 4 885548
11 8 2881185
8 12 9022
1 8 215979
11 9 2053393
5 9 1105136
2 5 2251413
7 6 1280796
4 1 1930205
7 5 2265030
13 4 589549
6 3 2778896
13 10 2854857
6 4 1576074
10 2 96191
9 7 285235
10 12 2049119
1 5 757402
12 8 92056
10 1 2327850
4 5 460903
9 11 2988665
2 4 400340
9 11 684561
5 10 2685278
9 3 1850623
4 3 56397
9 11 2968279
3 4 931341
3 13 1245836
1 6 2813263
2 6 1007306
7 8 1645635
2 9 635614
12 6 358671
7 2 302489
3 11 217077
1 2 2954520
10 11 2293411
7 6 1462317
9 2 408802
13 11 2588956
1 2 1570685
11 9 1757351
6 10 1452447
6 9 1350246
5 4 2134662
9 7 2844866
5 10 1987650
4 11 2885662
7 10 80369
11 8 1138942
3 9 518406
6 12 143190
11 6 485599
11 5 1980850
8 9 753717
10 9 1137952
12 1 2723910
9 4 2864709
9 10 2144973
2 13 737158
1 11 434844
5 4 2735450
9 3 25397
3 4 2578358
2 5 1429203
5 2 495980
12 7 339923
10 11 1320043
8 10 1625764
11 3 2356121
7 6 2013878
6 5 115621
3 13 502161
12 2 2803584
12 5 153166
9 2 696223
10 4 2195020
10 8 1220310
6 2 1890322
4 3 817039
6 5 1549640
5 13 1710028
1 5 1790633
2 5 422887
2 11 1189428
2 1 2250044
3 10 1977192
12 5 822133
1 12 282959
7 11 1747387
5 2 1636121
10 6 1025942
13 9 1875271
2 9 2084757
5 10 1118112
8 9 2959526
8 10 36260
1 11 1090569
2 1 2791019
6 8 686474
13 5 1316428
2 10 1161786
5 13 647041
1 5 462596
2 9 451074
13 11 2094233
12 6 986272
11 3 162200
5 12 1883948
11 12 2550005
2 10 2997114
6 4 24845
11 5 1773522
6 10 2242186
13 6 2022683
11 9 715373
13 8 1539706
5 11 688095
10 5 1887186
1 2 2916154
7 5 1455257
11 13 2319869
8 5 98100
2 11 2237553
5 6 2634462
6 9 544354
6 10 1929333
1 10 1871770
12 11 2026362
13 4 2308456
12 4 1777914
4 9 1275828
1 12 2686713
3 6 2546910
3 1 1027673
2 1 1734003
3 7 2738562
13 4 1232687
5 11 2697340
2 9 1907853
1 5 2221733
8 5 2188955
10 3 1469449
12 1 709384
6 9 1989268
3 11 597935
13 3 1174130
6 11 773457
1 5 242410
8 2 1022446
7 4 63676
11 6 1950264
1 10 1039085
9 10 1885301
11 13 1545642
1 13 2078978
12 4 1963666
1 3 484182
5 8 2209579
9 12 2026591
10 2 2143058
5 12 1993041
7 3 2096410
12 8 1907205
1 13 2628708
8 6 1016831
12 1 647340
9 11 2328881
1 11 2393643
2 8 863501
3 7 1277448
4 9 656291
7 8 2052500
8 13 2855937
8 1 1589970
6 3 1229038
12 8 1437169
2 7 1609646
9 7 96327
3 4 1706236
10 2 129120
10 7 2140026
3 5 1508125
4 5 935460
8 11 2734943
7 9 476792
1 10 1641475
11 6 523253
13 2 1546892
7 9 1382270
9 8 813144
7 11 100366
1 10 2131861
3 12 2186389
9 5 2152949
3 6 1214280
8 5 588844
9 6 2263838
12 7 2768738
13 6 1912089
13 3 2307444
8 12 2333881
1 10 594261
11 12 557407
9 4 549952
12 5 887388
11 4 2036533
7 5 2078429
8 4 520612
4 8 140050
10 5 647449
5 4 1637720
12 7 2079318
13 4 1539595
1 5 817675
13 7 1265101
9 6 2332594
1 11 1359145
13 5 1647395
4 6 986304
13 3 992062
2 1 21812
4 5 167808
2 12 2654332
5 11 873353
7 1 1244211
5 6 2218608
11 5 2070725
9 10 2283543
12 2 399802
12 5 1998675
13 6 2486164
10 3 2614764
5 4 387509
7 5 2729571
12 10 2909769
13 10 2078727
13 3 2929667
9 1 107655
10 11 1288731
10 11 2018531
7 9 2681807
11 2 2116483
1 5 2693795
1 5 917886
11 3 842343
10 12 2657880
2 10 638711
12 11 2730433
13 2 274539
3 10 2750325
5 12 89194
11 2 2049580
4 1 2132150
1 7 2766791
1 13 1311544
6 11 2599330
10 4 1855634
5 4 2022922
6 13 1259927
2 3 2190312
9 6 1532725
12 10 145387
9 3 2773983
6 1 1027657
13 5 1202970
5 6 2939912
12 9 1915775
3 12 70707
1 13 1123816
1 13 1189150
4 8 1426232
11 13 2162122
9 12 1377675
8 7 599313
5 13 1261671
8 1 2593942
4 1 2548919
3 13 101359
10 9 1640904
4 7 2547881
12 6 2572909
5 4 2380412
12 9 1109198
1 5 2741141
7 9 573218
7 2 2234694
5 3 1211349
11 7 1796628
5 6 284621
10 1 367933
12 10 2578316
3 13 422861
8 1 872783
3 1 2538571
12 10 1946703
6 12 1071659
11 13 1963624
9 7 1804740
5 12 2032234
3 6 2038154
11 7 637330
8 6 519776
5 10 2851783
3 1 2633542
6 12 2997471
7 12 2533967
12 7 2282692
2 9 2288155
4 7 1425446
13 7 1787254
1 3 2265718
5 11 2847610
7 5 2203665
4 11 424248
6 7 1868042
2 12 663761
10 12 2667086
6 3 2572726
10 5 318655
9 4 527532
5 11 2137816
9 4 1717916
6 9 2658918
13 11 639888
4 11 661142
4 10 1377900
12 6 2692405
9 5 1545139
2 12 976639
13 8 1495005
6 3 2641085
9 6 1261176
11 4 2344784
13 12 1372775
10 5 1250995
1 6 745817
2 1 134229
6 7 363363
12 13 423802
12 6 1529806
12 11 2798402
6 12 747275
4 8 2958333
5 8 2618391
9 6 2861886
13 2 1105809
8 4 1331762
6 12 1212561
7 6 1440833
7 10 1488300
3 8 185929
5 10 795683
6 11 1337117
7 6 1131927
11 12 2327482
6 5 2873655
13 12 1325007
8 9 1279228
10 8 2926670
1 13 207061
2 9 1448778
4 9 618881
3 12 310063
9 12 1313368
4 6 101289
11 12 1562689
1 3 1247834
1 12 2228334
2 10 100354
9 6 1788997
7 1 665194
5 7 2455787
2 1 400891
8 5 2521559
9 4 755751
9 8 2902495
7 5 633791
3 1 282894
6 9 2393116
11 7 212405
2 4 1044393
9 8 1917174
2 3 1835950
8 5 594931
5 10 1092199
2 7 2238763
12 10 2567828
7 13 2581005
1 13 1310530
9 11 1517123
11 7 17427
1 9 1864287
13 3 2934880
9 6 600615
5 12 1433640
7 6 1850852
5 6 2115008
5 10 2978695
1 5 2181532
5 10 2857712
13 1 1465170
10 12 2824418
9 10 826908
11 7 235746
7 1 1559537
6 9 2438823
8 7 2637571
11 3 2558211
8 9 1521021
13 12 2671485
4 9 2738639
2 11 2808065
2 5 1032545
12 7 2999026
11 5 2766085
13 10 2717642
5 8 1248368
5 13 2282516
5 7 1232854
13 9 56000
5 9 1742036
7 8 2301418
4 10 312974
8 6 2778446
11 4 2347125
9 12 1129999
7 12 1151178
4 12 1836102
13 2 1079580
3 2 1232601
3 10 1748384
2 12 2547226
8 11 2180913
3 7 2655704
1 11 2241181
10 5 2037763
1 13 2677062
11 3 448102
11 9 2086837
6 10 1371811
12 2 123448
3 12 1288887
1 4 2946125
11 7 799498
1 9 778159
9 3 28898
