17 3069
12 17 1085382
12 8 140592
5 12 1948647
12 2 231735
13 10 2099914
15 14 1976727
9 5 590222
6 13 2333959
2 7 354813
15 2 997948
1 2 866889
6 3 2810524
5 17 2803940
11 4 1418480
10 15 2833859
12 6 2239790
10 8 144472
4 9 2871485
13 8 324656
2 1 738349
12 9 705771
10 1 421089
9 6 149507
13 6 2010147
8 13 2320250
14 7 2592885
2 9 647145
13 6 1612680
15 16 92089
5 7 2881385
5 12 2946773
7 5 1458128
6 5 2377545
6 10 2659857
8 4 2114114
1 15 2474136
17 4 2570032
6 1 2061785
5 6 361029
10 6 2662611
16 17 530169
16 3 1182314
4 15 1834343
5 8 1029696
4 14 2140846
17 2 395382
4 10 1690287
12 14 1046684
6 14 2070879
17 15 929872
11 8 601827
2 11 1624068
9 17 1852757
4 16 2874479
7 9 1152901
2 12 1773258
16 6 1899275
11 7 1144542
9 16 2464525
3 7 846152
11 5 1126663
17 8 70011
16 14 2004407
17 1 1787806
10 14 2328143
2 7 655058
4 11 590794
10 3 1299749
14 2 1057442
17 3 1244797
3 11 486984
9 5 1241963
12 7 1713795
14 7 197699
4 7 2301168
12 3 2180754
3 14 352591
4 17 2146770
6 11 1279859
16 11 2272302
3 1 1460767
15 11 2120695
5 13 783952
6 4 1345410
2 9 827517
12 10 365439
3 2 1287844
14 8 471575
3 6 1703113
3 14 2565178
12 13 1328064
1 11 1176412
8 9 52558
17 6 1630969
9 13 143557
9 15 1449651
15 16 157518
1 12 2227376
2 6 2626289
8 2 2734832
9 5 641613
4 11 2616937
1 5 2855970
17 2 492022
14 12 2769222
3 12 2533870
2 6 2880203
10 12 2939851
9 10 472691
5 6 2484457
6 15 1617059
12 1 226235
15 11 2469381
13 14 760261
10 8 1904975
5 17 1205624
10 1 2723870
16 13 1826538
1 11 343477
13 10 62493
12 1 1469603
4 9 443983
4 12 730595
11 2 149609
1 4 1646788
4 14 316174
6 5 2491084
15 9 624033
13 16 2398627
2 17 882242
9 11 885663
9 13 2277423
12 15 2288754
7 5 2284969
9 15 2128492
13 12 81198
16 11 2147150
15 9 2765645
8 10 1643092
12 14 2971069
3 11 461932
2 10 2508095
3 4 1541721
7 9 266260
4 11 1058237
12 15 1775735
15 14 1609154
16 10 2059214
3 13 2230206
16 1 680259
15 4 1447699
5 15 475195
16 10 1888252
4 9 1988362
7 6 2723275
9 3 871581
15 12 1925958
14 13 86946
11 14 1961294
10 6 1284264
7 2 2902556
11 14 1752078
8 12 2556995
11 4 357659
17 7 1656500
13 1 2850375
14 8 707610
3 17 2840819
9 3 2097697
8 11 2915887
6 11 985444
4 6 1586252
6 16 2389412
16 7 562133
7 6 1657019
13 15 297541
12 16 2388728
13 15 917586
8 11 2435224
4 1 2335121
5 10 62149
14 5 1179644
5 16 1574073
9 3 2382693
4 7 1228875
16 3 2928990
8 12 1293952
3 11 2294302
1 6 305688
2 11 429584
2 13 2927472
13 4 2339362
4 17 1294442
16 10 1555577
4 15 2677323
7 13 971113
3 6 1463819
14 11 2470649
7 8 2780615
17 3 795825
10 8 1962433
11 5 2367014
10 11 2081524
10 4 368655
9 17 1503280
12 5 118310
17 11 1344891
11 17 2193332
10 12 2670658
2 5 2920552
3 7 1210683
1 13 2476058
2 6 1926225
12 13 2120017
13 7 952068
1 14 1049880
16 5 2775733
14 7 2781500
3 5 2898888
17 14 2605167
3 13 1586608
8 1 1033642
5 10 126404
6 17 2114179
12 8 1914457
16 3 1393131
17 10 1471514
5 7 1340649
13 16 415817
16 1 2235148
3 12 745707
9 7 361889
11 5 848013
9 4 2555383
9 6 1545857
7 6 811070
7 9 422558
3 14 695500
1 7 1845348
9 4 993389
9 14 348691
4 5 972629
9 2 825090
3 17 440367
15 6 1645159
12 3 49920
6 13 1956520
7 2 775310
5 4 1117290
8 3 1755447
4 13 2361368
6 15 806512
12 16 997306
13 1 486663
11 2 2155111
11 3 2480783
13 14 1850223
9 5 1851948
16 10 1777112
14 16 2129906
11 8 196869
9 5 887178
13 10 935241
8 4 2770503
11 6 2082116
4 7 438525
9 4 1482060
11 17 2188958
2 17 2345646
12 4 1480647
10 11 2218256
15 16 1652806
8 9 688396
3 5 415404
16 17 303030
14 10 2666327
11 4 2393320
6 5 2713537
6 16 1318153
8 5 2525977
2 5 726706
11 7 2159066
13 9 2401501
9 15 1169113
4 1 2867944
9 15 1794852
12 7 1469485
14 11 1972374
8 4 1021411
16 13 2877880
9 14 636054
10 4 93753
4 3 554062
4 11 1469349
14 5 2708997
11 2 1399074
15 11 582449
14 13 350632
5 6 2587888
6 14 778678
8 12 451332
16 4 1396795
6 13 571412
10 5 310491
5 7 625681
3 15 1475301
16 3 2772327
3 16 333868
9 17 1039668
14 11 455057
13 11 2199541
17 8 2775969
7 6 2146848
11 10 412164
8 12 590937
15 5 2093435
5 9 147130
2 9 1192736
6 7 2195247
10 6 2638114
17 8 675666
5 14 1855726
3 15 1076985
3 10 1174365
7 13 166924
4 15 95379
14 6 2438782
5 14 349344
14 1 1308105
4 17 1424539
8 5 1810184
12 6 2644723
9 14 1402473
11 2 924755
7 2 1784494
4 10 2736238
1 11 1551168
10 8 2636621
11 4 2554449
10 13 289616
15 1 818957
6 4 2796207
10 17 1478572
15 4 907662
6 10 1448344
7 15 1139879
11 5 2977372
14 6 250183
6 5 2284032
11 2 1986797
10 12 2853849
14 16 455739
5 1 1679502
15 3 1168761
1 5 2386010
14 7 1987984
17 2 326288
2 10 201303
15 5 2201873
7 14 2766305
15 9 2027632
11 12 77763
14 16 2266625
1 13 862327
11 17 817586
13 9 309665
4 3 1815733
8 13 2362232
13 17 2965570
9 2 474106
11 4 2410702
4 9 1527259
2 17 629770
13 1 937
3 2 755241
8 2 834052
5 10 53500
3 17 2529303
2 15 2149531
12 5 2474435
13 17 1735545
3 11 2912332
9 12 1977349
1 3 2616008
8 9 2180221
8 1 1463350
12 13 2391252
14 1 256671
4 12 802600
17 2 1190795
4 13 825760
16 11 130654
16 7 96800
10 12 969975
8 12 861696
10 6 2768800
3 9 279637
2 14 271684
13 12 92919
16 3 314440
12 8 2610927
6 8 2960418
3 10 254983
1 12 1285402
3 1 968006
17 8 2929842
16 6 2527294
15 12 1262028
6 17 891271
1 16 1125340
13 3 703385
9 11 2536231
2 13 2467383
16 8 2594997
13 5 1944320
5 8 2796035
17 3 13148
16 15 2853304
3 5 1939450
13 5 1652698
1 3 1912783
10 15 2050161
6 17 2323981
8 12 2534615
11 17 721363
17 2 2344301
5 10 831834
1 12 928315
15 11 1167051
7 17 1232100
1 2 205957
6 2 1726952
8 2 755741
7 17 2634699
7 1 419600
5 2 2946339
2 3 537417
13 12 7989
5 12 2784265
3 4 2546993
7 12 812934
17 15 659906
11 13 2521840
8 7 1968390
16 9 1886250
4 15 1276488
3 14 310803
9 10 2274564
13 3 1581275
8 16 2181108
5 7 391899
10 6 1610786
17 14 2000812
9 6 103237
1 7 2159582
3 12 200553
16 10 2869260
5 3 256174
3 11 430504
6 5 1077485
12 15 1619296
11 16 1575040
13 4 2349687
3 1 30292
14 15 2272656
10 3 177419
5 16 1797032
1 10 280449
14 1 1286554
15 2 2283184
12 2 2018815
9 17 1381340
12 16 572081
15 11 387100
6 9 2758680
12 10 870499
6 9 366633
15 17 1342799
15 16 1419649
14 2 648167
6 8 447399
17 16 2617392
11 17 2349776
13 7 2682571
11 2 2697081
17 5 315604
15 5 638559
8 4 2608059
10 12 1807952
6 4 2701613
12 4 693380
5 1 743419
12 9 1229414
2 1 2582399
14 3 565709
11 5 1618122
16 7 67136
3 14 2686733
1 8 2602028
11 16 749365
17 15 1755984
14 17 2839775
16 3 1953441
5 2 181341
16 14 1892703
6 17 1786166
2 8 1509710
8 17 1817793
15 7 546568
16 12 110696
8 14 2762465
3 1 2623392
8 14 2275006
16 8 1726032
12 6 1587994
7 12 2779420
12 2 417087
16 9 477696
7 15 1581582
5 9 1082211
14 13 1162395
1 2 2353121
6 8 2475779
11 10 1943014
13 3 1023454
3 17 931182
9 10 1323809
4 13 1748852
5 11 984506
14 4 908544
13 8 2423200
9 17 1621743
13 10 1852936
6 3 954757
2 11 1537193
7 14 2712101
11 13 204459
10 5 238632
4 5 1244832
17 6 974418
15 17 184150
5 11 388898
7 16 2566290
11 14 43608
15 4 942763
13 16 465809
13 16 500569
13 7 1989569
9 12 66770
1 11 462088
14 2 212467
6 7 180962
16 8 1007369
8 12 1766587
1 10 1648344
12 15 315367
16 13 1246672
16 12 714813
16 7 2467307
5 6 836411
3 10 142193
14 12 2605632
7 11 2736432
9 17 1741406
14 3 2761397
11 6 1084031
2 15 2872309
13 2 2377140
6 5 2262150
15 6 2596589
12 17 2503592
6 12 199524
2 11 2797084
10 11 749870
1 8 1240890
12 7 610695
2 6 868694
17 4 1037693
9 5 2229337
3 7 2481987
2 8 1657660
6 8 1718501
13 1 2434527
4 6 897032
1 9 2187387
10 7 2422397
12 4 1456911
9 15 4169
5 13 2413590
10 8 12097
9 12 1727905
10 16 37723
14 8 893777
11 12 2051890
12 7 2445017
8 5 87762
5 13 349914
6 16 2670384
6 7 87331
16 8 496111
4 3 1086337
13 7 594341
2 12 2517612
7 6 1009723
13 7 2393227
3 10 2488787
14 4 2584980
14 11 1571531
2 16 135458
14 13 357277
7 1 1348633
16 15 2079523
17 8 136243
3 7 704028
16 10 2085620
10 2 2458538
14 10 2275499
4 13 1408030
10 11 127072
3 14 1472220
14 15 428105
5 15 2280308
5 1 1009643
6 2 769566
1 10 2078494
6 9 101661
12 16 2273851
9 17 2906277
10 15 2857631
7 10 672276
12 2 428355
13 6 1522458
15 10 2316569
12 9 442942
10 17 2392966
14 9 420410
10 16 2280154
9 12 2645845
6 1 397903
1 4 2219322
3 16 2731264
17 7 2929498
9 16 226503
6 9 2705383
1 12 1937269
2 9 1223754
16 9 1395250
9 6 1218339
2 6 2469354
16 12 1735423
17 7 2829311
15 12 1033046
17 11 1534279
11 13 1923177
11 9 1358308
8 9 2391311
8 6 2976960
8 2 2183033
10 4 1046575
11 8 1051417
10 7 144060
9 4 949487
6 8 1717926
16 10 2944612
2 10 1414958
15 4 742415
15 11 1264555
17 2 129071
9 8 1554136
4 2 536885
1 10 2667228
8 12 2451207
11 13 518788
17 16 1504723
6 4 313650
6 5 1340460
7 14 2067639
1 4 2689558
1 5 481479
5 12 1547349
5 3 412326
6 10 1918981
1 6 2141826
17 16 2177019
1 13 314975
17 11 2873902
12 7 132479
14 4 2104014
1 10 2733949
11 2 1723690
16 8 147119
5 9 986148
13 11 1138564
4 1 2618760
4 12 1037827
9 8 305684
13 3 2903944
11 8 1625923
4 15 352101
12 15 181437
5 15 43368
7 3 2334045
1 16 861273
1 14 1196585
14 13 1077353
4 17 889449
7 6 310007
2 10 457341
8 11 2148665
16 8 2432664
15 14 1721183
7 17 1389204
11 12 2555742
11 4 834193
7 5 1742492
11 10 1233550
15 7 2189187
4 12 1565085
3 10 2581151
3 1 723530
4 8 1781686
9 16 1787427
8 11 261490
2 15 2285608
3 1 2715402
8 16 2263135
2 9 2757679
4 12 2186808
17 3 1013210
7 15 1460828
1 4 1055903
1 17 365139
4 3 1515159
13 5 2492462
5 14 2885483
9 4 1277330
13 5 527344
17 1 2900702
12 3 1928577
6 14 96152
13 14 2412171
2 5 2903179
1 5 2380659
10 1 1442324
6 12 1970228
4 14 2924251
15 17 621171
3 1 1946562
13 8 1649328
7 8 2742524
11 1 275698
13 9 216217
13 17 205470
13 3 2153090
15 10 585160
9 5 1479108
9 16 639616
15 12 2021951
2 15 2770689
7 4 2691956
10 6 1532172
17 11 217679
12 16 2095754
9 6 1139975
7 12 694897
6 4 2439728
4 17 2503088
9 13 2260805
5 15 1968641
16 12 883287
12 7 1105035
11 2 112745
14 9 47658
12 2 1221224
15 2 2921822
2 12 1473495
12 5 2441882
8 7 1907333
3 7 2109065
12 14 2884231
1 10 1431038
2 7 1468655
4 9 2476158
2 9 344262
5 6 1644457
12 15 2998934
16 14 275570
14 11 2138204
5 15 1994177
13 4 1396123
10 1 961611
11 1 2296454
11 12 151737
3 13 2656465
4 3 30779
10 13 1990238
11 3 875711
4 3 534380
13 11 1388094
17 1 2476971
15 10 2732228
10 15 2228970
12 16 2503836
5 16 95387
10 17 1512439
4 15 2666575
12 14 1622745
13 3 2052942
12 1 1140368
1 2 2360605
10 13 715682
15 10 1672721
2 15 1375059
16 3 20465
15 5 1742842
6 15 1223126
3 8 2323133
10 8 1064501
7 14 583903
12 16 2029295
16 5 2822260
10 8 1904194
15 5 1452164
9 11 54760
1 11 1259428
15 6 1280267
8 2 542013
12 13 1284279
7 8 226064
7 6 1238411
8 2 571367
17 4 1761211
7 17 2867529
11 16 550013
3 4 553230
13 12 347924
2 5 370539
3 9 365642
13 5 1988178
6 8 405486
9 6 1973676
8 13 2832205
3 2 1316100
8 1 1502739
4 14 2727221
7 14 1266094
7 12 297701
3 1 268600
8 7 933871
11 5 1425473
5 9 2348065
6 14 2247034
3 5 352944
8 2 1203534
5 12 1028312
11 7 2561259
2 14 2357257
3 10 894546
16 5 5961
14 3 2955263
7 17 2864642
16 9 1505921
4 7 2129296
16 2 2872443
3 8 700065
7 3 912225
14 13 1484388
6 14 1336821
3 5 1456245
3 7 1481805
13 1 1161579
17 5 2402258
3 15 1544137
11 17 1802103
3 5 2344974
10 8 494087
11 2 1591189
6 1 370554
6 1 2955313
10 8 506960
7 13 565516
14 8 65984
4 14 2524373
1 9 1952514
2 12 826757
13 8 2797199
14 9 772530
5 12 18492
10 3 1459988
13 7 1908554
6 16 669393
7 10 1867214
3 16 653615
6 14 428188
3 14 748586
7 11 2505715
3 1 1905200
10 6 1279227
8 11 2760264
10 6 2009322
1 8 1112724
2 6 2692402
9 6 303607
15 14 716830
12 7 198664
8 3 765355
4 7 129782
8 17 2303316
2 7 1215835
17 7 899270
2 12 2321341
17 10 2108656
1 11 847307
3 8 2432344
3 15 383367
4 10 1265150
12 3 220200
12 13 929252
2 1 1888542
16 2 1353023
3 12 1462332
10 12 2946767
6 4 79108
2 14 1894830
11 6 228853
11 3 2300103
1 9 1032243
15 16 178344
9 1 831217
1 14 537968
3 11 783762
11 9 1005580
7 16 1541143
9 2 1310617
13 11 262162
16 12 2060336
13 10 421257
9 16 2725251
5 8 67653
17 14 1333647
8 17 2832204
17 1 1961145
15 10 2247171
10 14 706445
2 1 2686619
11 4 1612659
7 4 1276575
13 5 2242242
11 4 1803485
14 15 1321897
14 9 2215788
1 12 2391894
5 10 2233497
4 14 1134648
13 14 1670351
10 13 1563768
5 4 708888
2 13 2511337
9 1 985791
4 11 2722652
7 16 1744984
6 16 2183647
11 12 1631244
9 13 1041892
10 11 2975696
9 17 2728929
12 8 627521
15 1 1754119
13 4 206688
2 7 2095202
3 15 907707
14 1 7638
2 9 88311
4 7 83296
8 10 2872682
8 3 2329152
2 3 1345864
15 9 721923
2 9 758796
3 16 2829618
11 6 2458515
7 12 727051
7 8 835885
2 5 1534459
16 5 555271
14 17 1505603
15 10 103868
4 11 1230522
4 15 940811
15 7 649303
6 17 131455
15 13 2213029
8 2 2362241
6 13 1526580
13 17 1220094
7 13 2382548
1 14 1254033
4 8 1207154
16 5 2424730
3 17 2547633
15 12 2278008
4 5 461951
12 13 509282
4 15 753190
1 12 1140060
4 9 301135
9 10 2246602
16 12 894917
15 11 417304
16 14 240890
13 9 1961028
8 9 486049
14 12 2991834
16 1 1431658
17 15 2846843
14 3 462910
15 4 736727
17 14 1148749
13 7 1687914
10 8 2365878
4 11 2499734
7 8 2148927
17 5 506492
8 14 2405103
2 13 1035629
13 10 1344001
11 1 2941740
9 10 1059222
1 10 569907
8 11 2040611
11 9 584011
1 2 1848641
1 9 2380187
7 10 2856789
6 2 529123
4 1 1094271
17 11 18795
7 9 2861694
15 10 2979085
14 13 1330201
10 11 2848985
1 10 346695
5 11 810808
4 9 1197534
17 10 2479150
3 1 421814
11 13 2548256
9 8 1873432
15 14 1273274
13 7 450607
10 7 2356176
12 8 2151227
17 6 2664902
11 2 2890444
14 1 893556
12 6 281740
15 2 1460759
8 17 512609
17 14 2809769
1 10 2146691
5 10 1795989
14 17 418791
10 12 1789296
15 6 1314770
9 1 2734436
16 4 644193
4 16 369138
8 6 113094
8 9 1189588
8 4 2677748
9 6 1577462
5 11 1082566
14 8 2742443
16 15 703722
3 4 2452206
6 3 1272071
7 16 882120
17 9 1308304
12 4 2083495
4 1 87332
14 17 867716
17 7 1431930
17 2 1093973
10 8 1138628
13 17 2198435
15 12 2816028
17 1 2257851
7 16 1103170
5 12 830357
11 17 460715
7 10 2937774
1 7 175874
5 4 1486634
14 12 1317476
15 8 2797354
4 2 497138
16 5 405397
7 15 245654
11 3 2159070
2 14 121274
9 10 106933
11 14 1077313
4 2 732624
5 6 2304677
7 6 2484490
14 8 1744456
3 10 2390517
14 9 1063811
7 6 203229
6 1 2693172
4 6 1347748
4 2 2520092
17 4 602978
2 1 943750
7 17 2836694
5 10 2641487
10 5 2454083
1 15 927756
4 3 865388
16 4 1711481
6 15 2857091
6 2 73250
1 16 399466
15 13 1208045
16 13 2435996
4 9 199224
13 8 337103
11 7 1988410
10 6 1911537
10 16 1328895
17 8 2659492
14 5 2899824
8 1 2357101
3 10 1258312
17 7 2287305
10 11 2853009
16 1 808082
12 6 2942593
2 6 2462509
4 2 669868
4 6 1737250
17 14 1148466
10 9 1834929
3 13 730936
1 3 1251657
17 13 1227032
12 3 1217229
10 15 902203
2 10 2570360
17 4 1602459
6 7 56928
3 4 2413628
9 4 1888469
11 16 143407
5 2 2071970
2 10 870253
14 13 1260275
11 1 2703977
5 11 404247
8 7 843268
2 12 1297890
5 17 949296
12 3 1659591
12 5 2891326
17 15 1376810
4 16 2873784
11 15 1476327
10 17 2420981
2 13 361456
16 9 256634
5 13 1934545
1 14 2671959
1 15 1064791
3 9 1719465
3 16 102437
14 2 2767484
2 15 147232
12 16 211002
17 7 2575045
15 13 188211
9 14 454049
5 6 179830
15 7 2633179
9 1 2065889
4 10 230541
3 15 785366
8 5 689736
4 17 998408
17 11 1766939
7 5 1185550
14 5 2808081
4 12 1367608
12 17 1984894
6 12 2546234
9 2 2873380
4 14 836230
17 15 430846
6 12 1783296
2 16 346885
12 1 790621
5 1 2463397
4 7 2898619
11 16 2158451
8 14 2939383
9 2 353382
5 14 758609
3 16 333764
12 15 1395341
2 16 1887824
15 9 2031401
4 11 62493
6 3 1291771
12 17 2662966
7 2 1148071
11 6 728638
4 8 2323096
9 8 290304
14 12 1282741
2 17 1965146
16 8 728640
4 14 1854392
15 6 1183150
16 8 761507
17 8 68446
12 17 2734186
8 12 1670080
2 6 246968
17 10 2459060
7 5 2004040
2 10 2996687
2 7 2597018
7 1 1390779
11 13 1873958
11 17 313779
17 9 1047888
10 5 1452242
2 5 1164342
3 9 2081480
16 12 170254
4 15 162305
17 14 439416
12 15 2358696
7 11 911994
2 13 1058957
1 8 1488764
5 15 440358
2 9 2869535
7 13 875808
2 13 2316873
7 1 1999353
9 1 1357595
14 11 1128278
9 8 1536525
16 13 982131
9 5 2726218
2 8 650703
1 9 486043
13 5 1099543
6 13 1871063
11 12 1585089
6 12 2261834
5 3 2636271
8 6 287160
15 13 1940545
17 3 2904686
1 8 2821111
13 6 536370
14 15 2737222
1 5 1902853
4 8 2798560
9 1 472649
16 13 689661
15 1 5039
7 2 96388
7 1 1646061
6 10 1715504
14 5 223291
4 1 1321773
7 17 1159083
16 6 1713080
5 14 1201984
6 10 1992543
2 17 695327
1 2 350422
2 13 2494921
16 12 1413516
4 11 491353
13 10 1780814
4 12 2777524
16 7 2449260
5 9 2710131
15 10 173472
3 13 1701254
1 11 145214
13 14 2303501
8 16 1430556
7 13 1830717
2 11 379244
1 3 1741381
9 12 1545595
5 17 2977881
12 11 1014274
5 1 494897
11 7 4990
6 12 2880932
9 4 1582650
17 11 1188859
12 2 1191949
11 7 2542529
4 6 1148489
2 10 2486419
1 3 672007
3 2 1868479
2 11 520784
15 10 491343
7 11 2629700
8 1 707519
11 15 1270629
5 10 1485651
10 14 1153348
11 9 2216244
2 5 1747796
13 15 1817018
17 16 1030177
12 13 462474
8 3 1485520
6 13 2338996
5 1 1587057
11 10 1860006
1 4 2861909
8 2 2237936
7 17 463972
10 1 1746778
15 2 999023
10 1 867805
5 6 2778341
14 5 2096587
16 4 2755983
3 8 2052284
16 14 2666757
4 11 2260467
11 13 1591791
8 11 898483
5 11 680835
15 4 2827485
10 14 2671798
17 15 2103542
8 6 2573228
11 14 234493
5 4 2113857
15 6 394414
5 15 2896889
12 17 1501193
6 4 2853136
12 5 995334
15 3 2576054
16 3 1161198
17 5 2038734
12 9 786222
14 8 2453427
3 17 849875
11 16 2517132
1 9 2662076
6 10 218914
8 17 209575
14 5 1972937
1 14 137468
15 5 1529175
11 5 535956
9 8 161571
9 1 654511
5 1 451835
12 6 1018542
11 17 451496
3 15 2315518
17 16 1829673
3 7 1044460
12 5 1714740
2 4 2207226
6 2 763127
8 16 1434665
1 9 36235
14 13 1260111
16 12 493482
9 11 1538350
8 17 1740541
2 13 1521623
6 13 2864900
4 12 1754156
4 14 198211
8 17 1744828
13 9 2349750
16 7 830500
12 2 1454688
4 12 957943
8 1 151560
11 10 1376847
5 17 2046221
5 4 1137269
1 5 1295159
15 3 1677805
7 12 1434455
7 17 2204420
3 2 2169953
14 11 1382110
10 5 427172
7 12 170311
11 6 1148088
5 2 155753
11 16 1317287
9 7 1748352
7 10 738376
4 6 1759349
17 15 1910495
3 1 2051904
17 11 2702466
12 10 2357547
13 11 1692347
1 11 961716
12 13 2101206
11 10 1712044
2 16 2107842
12 5 1452471
17 10 2476358
7 12 1916962
11 7 1834650
6 11 1508531
4 13 615192
17 9 2143456
14 13 2924339
16 14 2995491
5 4 1825968
8 11 1510649
7 16 1513551
14 2 2284162
13 4 550743
11 7 1110976
1 16 409670
17 4 1075305
2 3 2753199
7 9 43890
10 14 735585
4 13 2223920
1 2 1255240
6 2 1132125
10 2 2277542
8 13 708698
7 1 442818
15 16 1305748
10 14 1058810
5 4 1372841
9 8 2064885
11 10 2340846
6 12 301042
8 2 2387336
14 7 62249
13 3 815957
6 9 177333
2 16 2302327
13 11 588493
17 5 7876
14 3 2366635
6 8 2027055
15 5 2013629
16 15 1032502
7 1 927455
3 9 430393
3 2 2792217
17 6 2089294
4 15 1573974
4 12 1251461
10 2 2805560
2 17 27385
9 17 1559771
4 16 929012
14 15 2037974
14 13 2618138
1 8 1733517
6 9 2142671
7 5 1172910
9 3 2746692
13 4 1013769
9 8 352775
15 14 1824762
12 13 2276139
10 3 2184909
9 13 868096
4 9 304264
11 6 2073136
15 1 495781
13 9 2924933
14 9 2468301
13 12 1299679
17 10 436613
2 9 881993
4 14 771371
1 15 207469
5 17 30640
10 3 119351
7 13 1230905
9 7 1591794
14 9 2987881
8 15 1681818
14 5 980644
4 12 1458687
13 1 2813628
11 3 2185737
14 1 2173116
13 15 175215
11 6 1947787
17 10 1533797
5 9 597272
3 9 1010485
14 13 529565
12 1 2149512
3 16 1664830
11 3 970804
2 9 787604
9 8 1011202
17 7 1139226
8 7 305850
2 8 929629
17 4 576246
15 11 2608485
11 7 1065990
17 15 1343155
1 14 178141
17 14 2324752
10 17 2847286
9 5 2312464
9 6 2270168
1 5 536961
4 3 1682610
3 15 1033202
14 2 1375937
14 5 2558477
7 9 569021
15 9 858366
5 17 101196
8 11 498456
16 17 1299391
6 17 1435126
17 15 2963218
16 3 112717
1 6 641432
5 17 304075
13 15 2368859
11 4 280078
6 3 2095830
14 9 1737672
7 8 2412990
10 8 2201097
3 15 1397691
16 6 85366
11 13 2919296
16 3 2442390
11 8 173519
3 10 990123
3 12 2060624
15 9 2789946
7 2 273261
11 8 2078670
12 13 2818248
3 15 447693
11 8 1324009
2 11 498848
4 12 129621
8 12 2527061
2 3 566874
9 17 804221
2 12 1083148
2 12 2959189
10 9 1801585
8 11 2521575
9 10 2691146
15 6 2601839
7 13 1285282
8 15 1039857
7 13 1947331
16 17 1266090
5 6 44998
6 8 1080689
6 7 644810
14 15 1368910
17 9 1660468
12 3 929053
8 12 1006487
12 7 124049
17 10 1838282
17 15 2625786
8 9 2695402
14 11 1278272
16 17 2520537
11 16 1637133
6 14 2132786
3 4 334200
5 15 1802826
15 14 2520908
2 12 1445986
4 1 293505
15 8 2653806
15 4 1084337
13 3 952406
2 1 1508149
8 12 2280697
6 9 1948265
14 10 2949534
15 14 2133081
7 3 1299051
7 16 638667
8 3 1994108
13 5 363118
3 9 2426705
7 16 2402315
9 17 1895396
16 3 572464
3 12 2035596
7 14 16024
15 13 1826047
10 11 76407
8 5 1349181
9 3 570290
3 2 1809759
6 5 1528260
14 5 1176855
17 14 2769405
15 3 254729
12 4 896542
13 10 165230
5 10 908834
14 11 1107479
9 17 106841
7 17 230641
16 7 1524232
14 4 1387726
2 9 641426
3 13 338587
5 6 982659
12 8 862189
11 9 988302
9 11 719363
9 7 1097676
2 6 1610642
8 7 2014470
2 6 1445083
13 4 2637756
10 7 662563
10 13 1597748
8 17 2877118
6 1 225115
14 8 835448
3 5 516155
16 2 1498461
1 6 423322
4 3 230070
11 15 417490
17 10 2154633
13 11 609287
11 15 1237200
3 9 2547075
5 12 1902339
7 10 2330541
15 14 35672
11 16 388954
5 11 2553976
5 6 302952
5 11 2277668
3 6 498941
13 1 1180718
11 17 2734905
3 4 867636
8 11 873465
8 5 1734137
11 3 2027574
12 8 135108
9 16 1076923
14 4 615013
7 3 2296629
1 15 993028
17 1 2699663
11 14 288627
13 17 1633605
5 10 981239
15 4 2661541
14 16 554204
1 16 364458
11 3 1799367
11 4 2431397
16 8 2058141
6 7 2600770
14 11 2542932
13 15 2729782
16 14 103084
4 5 1541067
14 3 2302849
7 6 1612488
3 2 1649856
13 8 352635
13 10 875896
11 4 2219819
7 6 1321811
17 16 2761991
6 8 2886550
14 12 88436
3 6 276645
7 11 183314
15 4 168620
2 9 2828709
13 8 2456225
4 5 2343915
9 14 2946239
8 13 633711
10 16 1332507
16 4 1258578
2 16 526838
1 9 1816678
12 14 1963612
16 1 591602
12 11 264608
16 6 901653
17 6 2657170
16 12 2483819
5 14 2507079
8 15 1426545
13 4 2041075
8 3 1466745
1 11 2643921
3 10 1316203
4 15 1903732
4 11 350460
2 13 2619928
12 7 1401264
10 11 1444827
15 6 2901222
16 14 433
4 17 1063339
1 10 431750
9 11 1728300
15 6 1516204
13 8 2198069
2 5 936515
2 13 514327
16 4 1589207
15 12 1356084
3 14 1412504
7 16 2273773
5 3 2919417
17 5 2278202
3 6 2779728
3 9 1557467
12 3 203740
9 8 2576090
11 17 2086264
8 13 2198600
8 9 2353669
6 11 2046872
6 1 2266465
5 15 537051
12 16 744324
5 3 1879832
7 8 2724199
16 1 2298588
15 10 1794968
7 13 2450151
1 5 915046
13 14 258474
15 7 1219892
10 17 2259679
4 14 2370501
4 16 2965432
12 4 897730
17 7 289594
3 10 2962848
1 10 1262081
11 1 1130897
8 14 1213671
7 2 694603
7 11 2581518
9 17 153155
11 17 548690
16 12 2828233
5 6 2849742
17 3 2274705
12 3 287400
6 5 2660843
12 6 998547
11 15 1465538
7 11 306519
14 11 1489522
14 15 330110
8 13 2259116
6 2 699371
8 14 1444854
6 2 1209658
2 7 1129637
14 9 2902111
11 14 1595132
4 9 760307
5 17 217312
17 13 215445
17 9 543524
1 7 2260848
14 12 265371
11 16 1119671
11 17 1864012
2 14 501514
3 10 689449
17 2 2429744
10 14 455093
8 10 2554447
3 15 2864997
13 10 2880587
7 14 1127824
4 8 1349026
15 7 303348
7 5 1976126
3 4 2987579
10 3 1602996
2 14 554198
16 10 267029
10 15 563994
15 17 2661616
1 8 1792463
2 5 1680556
14 3 2209943
3 4 1331264
4 12 1202935
17 3 1646865
17 7 2416119
11 5 225545
5 3 927891
10 6 142857
5 6 455536
13 16 971978
15 17 2616652
8 12 1622113
9 8 802495
4 5 218195
11 14 2907893
1 10 1838567
17 10 2395157
10 6 1746102
11 6 1140430
11 4 318626
6 11 2719684
5 11 2996701
7 15 1189252
10 3 1780750
8 4 670380
2 12 2578574
2 6 1113410
15 16 2823571
15 14 1514245
6 5 1724265
17 3 67172
4 5 237602
13 10 273725
2 10 39110
15 7 2368320
9 11 2138255
12 8 540159
4 1 2937740
9 5 160998
9 17 1743669
13 10 1996102
11 15 2491245
9 5 1824995
1 5 2548398
8 5 1833076
13 5 1144748
11 7 514431
14 13 1600939
10 5 1911499
1 6 2501379
14 16 1367433
12 15 2839139
8 2 261852
10 13 1704271
10 8 1482974
14 11 2203295
17 7 958814
12 13 2600139
12 17 492154
12 15 2996253
10 13 2801767
14 3 775671
5 8 2311680
17 6 2713430
7 6 1808074
13 9 1816823
13 5 68373
5 6 2833544
12 4 1225199
11 16 2650898
2 13 546989
6 3 789465
6 15 774809
10 5 561714
9 2 2113434
4 8 2218348
17 14 1969066
6 7 382617
8 15 327547
1 10 890180
17 1 2521580
14 12 400203
16 17 1351379
8 11 2873968
2 17 209424
16 14 749566
7 12 1368377
7 9 912478
7 12 1318163
16 5 928440
11 3 1792597
12 8 2595435
3 12 1710561
17 16 2662462
8 11 2694524
6 10 139852
11 4 1941306
16 12 1755412
12 1 2307869
15 6 2929501
6 10 1220767
10 11 1888802
11 10 839963
15 4 807316
11 6 424711
12 8 1221839
17 10 2437300
14 13 474350
17 12 677273
11 7 1847583
15 16 2220202
1 12 237093
2 3 2378242
9 7 188465
4 15 1843944
3 11 2826059
4 6 168674
12 5 2049168
1 13 279880
6 5 1159667
8 13 1685604
2 10 1994016
4 13 419645
4 3 320020
2 14 1305190
2 9 524376
5 1 1786182
8 1 1323910
16 3 1864143
1 2 88867
15 8 1000563
3 11 773756
16 17 1876117
11 4 2622069
9 4 1918561
13 4 2315415
16 1 1698220
9 15 2753373
13 8 2173884
13 16 958422
6 17 2805023
12 10 2022623
1 4 481854
11 5 640296
11 6 1379995
12 11 141106
13 10 2533842
1 15 2867498
14 8 2050862
17 8 86352
5 2 2125290
13 15 1802111
12 14 357440
1 10 1038983
16 4 1800975
13 16 1314616
17 7 1001404
5 2 17086
11 9 1260192
4 13 2984031
8 16 1918917
9 5 1135637
15 9 882669
16 5 321572
4 3 2949019
17 4 2453982
12 13 1799865
11 9 1168703
5 13 2364301
7 14 1430826
14 8 2638019
17 8 403648
2 1 97665
9 4 1824478
9 3 1765558
6 1 303150
6 14 813967
9 16 2722347
2 5 1983187
12 13 2014757
8 6 1600165
2 14 1134793
17 4 1808630
1 6 1768796
1 16 731318
17 2 2883763
7 9 986683
12 2 2969549
13 9 1767543
11 2 1252293
12 11 1372869
1 12 2085610
10 11 2845390
15 1 2348223
6 11 281382
3 15 1841310
6 9 589523
10 5 1633672
2 17 167568
16 6 2762496
6 4 392089
8 2 2704271
16 4 1881536
1 17 528190
3 12 2611682
10 17 2312903
4 17 1925924
17 4 433052
5 14 2429581
7 17 2935859
5 3 2386314
8 13 1234746
4 1 38077
17 13 2649822
6 5 1157781
14 7 2767126
15 17 1510650
7 9 2695536
12 11 2428243
15 13 1627703
7 5 1262871
11 1 2969907
17 8 597311
14 2 1586475
3 12 1225515
9 14 1078925
9 14 1456026
5 4 2349310
4 5 421702
3 7 944626
2 7 647394
15 4 162413
1 2 1166972
5 16 2464982
8 4 561148
13 9 2831476
16 7 2285618
6 12 89803
11 14 1717519
9 8 709196
13 8 2098313
12 9 1404207
4 3 1393694
7 1 668349
16 13 2521935
14 6 435529
4 8 2611448
12 13 2988129
14 17 2936147
12 11 2566054
9 1 303876
2 13 1104489
10 2 833402
13 10 1559971
9 15 2606502
11 16 1819041
15 14 2905273
13 15 1323275
16 13 779799
12 15 1881628
4 3 1314030
12 2 1921381
11 9 132359
9 1 487416
13 8 2964813
17 3 2539719
7 1 1074668
8 6 2005184
12 2 2912497
15 14 675291
12 4 987401
4 7 225741
7 13 312485
8 3 147876
10 6 1033974
3 11 1319542
7 3 2020838
3 11 79115
3 5 1601186
7 12 700982
8 9 2913052
9 1 2861692
14 10 522731
17 13 299351
7 16 1697426
15 11 113730
11 8 2353340
3 10 1510379
15 6 1079558
7 15 1414782
14 1 2606112
17 13 2422151
13 16 2178022
4 15 1181120
4 5 815045
1 15 2667690
10 17 67254
15 14 348589
10 13 652738
14 5 2203862
6 15 817069
2 14 2014976
17 2 2875635
4 1 2531785
2 12 136068
8 17 534086
4 1 2770247
9 5 2768257
12 13 2072202
2 12 1257768
8 16 2310808
16 7 454916
11 1 1683019
3 12 375719
14 13 2873228
3 16 23221
4 7 1189618
17 11 2353711
14 8 2905375
10 6 1621700
6 13 808664
2 8 2773178
17 12 1849291
7 2 20285
14 7 1856925
13 17 1642123
5 13 1748280
7 9 2619718
16 9 2137487
3 1 2069720
2 3 74737
14 8 1007573
10 9 1587918
3 6 1727726
6 15 2316285
1 13 1509680
12 9 78790
17 2 2114367
6 1 2449393
17 5 1309808
11 17 2679910
7 15 2667234
12 14 2496259
5 13 2923205
15 9 96094
5 12 2075441
11 5 1268395
9 6 488423
8 16 2008634
3 10 1718654
9 14 1314530
4 13 1121953
1 9 2116518
8 15 996042
16 4 224225
8 9 1398342
13 7 282026
6 3 2416162
12 8 224240
3 14 535115
1 15 1231275
14 4 1681051
12 13 2570052
14 8 2867067
8 1 1405103
16 7 2577888
17 13 362124
4 13 2601050
14 7 538483
6 5 2586559
14 17 532542
2 9 868727
5 4 2666904
14 13 2974377
16 3 1528162
12 6 2630586
10 13 2384238
6 12 2107449
6 16 657981
6 13 643316
16 10 230863
10 13 1324786
4 6 1969506
2 15 2209645
5 4 1288987
10 6 2155388
12 7 2206196
17 16 1251211
14 2 1892380
2 4 731247
4 8 1189575
3 13 797431
14 11 766222
8 17 892457
15 2 833630
14 3 82379
9 10 788750
4 3 2985401
10 4 174886
7 4 1531899
15 3 449030
16 11 1847335
8 10 2705356
3 4 551374
15 3 746931
7 2 1954810
12 7 2448070
7 3 816020
11 15 908014
2 10 2527577
8 17 549299
9 8 2882912
11 12 2820760
3 16 974425
8 7 485781
13 7 1971877
13 14 2163161
4 15 1932820
8 14 2085545
1 3 666338
3 2 2996092
13 16 2042568
8 1 2401376
17 14 2548163
11 4 1549704
1 16 748414
4 12 1570334
12 11 2820623
7 10 1451838
6 3 1530555
17 3 79074
3 13 2261824
11 10 2702791
14 4 2734152
13 10 393438
3 1 1205549
12 17 407502
4 1 2827160
16 4 1036289
14 9 311722
8 7 1990488
12 8 646643
10 12 580923
8 1 653778
16 8 1775431
3 14 2390145
6 4 2669876
10 15 2837118
7 6 1306057
17 6 2605388
8 10 603623
14 16 2177378
6 12 1015043
10 14 162728
13 17 1106598
10 12 1920003
10 13 680711
7 15 1072585
16 9 2682264
12 15 768128
6 16 416016
12 6 138393
17 1 1215282
3 6 1962485
6 8 1550672
3 13 2963772
2 12 1280069
10 7 999002
11 5 513070
3 16 1122773
15 17 569431
7 14 2946042
17 12 2303216
6 3 1232251
10 7 2664672
10 12 2023749
5 3 2079397
6 12 2411563
9 17 1647362
10 15 1525464
8 17 1382920
9 1 541492
2 16 2868172
5 3 2212439
7 12 1765587
12 8 2808952
11 16 858762
3 4 1441325
4 3 1134730
12 14 307878
12 17 1713563
1 10 163476
11 17 1259930
7 8 380861
13 15 2932507
7 10 1591883
2 3 1327304
3 8 2458105
10 11 1597310
5 9 810868
16 6 601547
14 3 475533
6 5 2214151
12 3 2406793
16 11 2474597
9 7 976296
2 14 1142729
13 15 1309429
16 4 1488882
7 14 251026
15 17 2727184
17 11 2232285
9 14 2863088
6 7 1644054
7 8 2557092
12 4 1172701
1 3 1479525
6 14 1897461
4 9 341840
2 16 2115236
11 10 1710080
13 17 1013898
10 11 2032753
16 9 1442763
17 3 1918705
10 5 966622
8 10 1723877
14 3 2474835
13 11 1514103
14 10 877444
10 6 746159
4 2 2892148
7 8 681241
11 17 340787
8 17 1627502
6 10 1509341
15 4 71134
12 16 2889451
4 12 1381714
9 8 2397169
11 7 1816876
9 5 220506
16 2 74553
4 2 2864099
3 4 2653993
14 15 530804
8 10 413897
10 8 501028
4 7 2775580
7 17 114846
5 2 2603310
5 11 1503212
10 6 1080993
12 1 2973129
4 3 2848522
14 13 2025407
8 9 2995743
3 2 861422
2 14 1264611
17 3 1200504
2 6 846506
8 7 665207
1 9 2821164
17 13 1543645
1 7 224975
8 1 2433363
11 6 614881
17 16 2507768
13 16 1314287
11 17 394991
8 12 720581
8 17 433087
1 6 394280
13 9 777019
4 16 1041402
15 12 1891518
17 11 500397
15 4 2008339
4 13 2377792
17 10 1668601
7 5 445167
7 2 1929333
13 3 1927567
13 1 2715661
12 16 2579206
11 17 282828
3 4 1490964
15 5 438472
6 8 605637
6 11 2238039
6 5 335944
2 12 740719
12 15 48060
15 10 1705633
4 15 235118
9 6 1063444
10 14 2487290
12 10 1552859
3 15 778426
4 16 2043879
12 17 1128570
1 7 77680
4 8 1052067
6 1 57489
1 15 1441048
6 4 2390977
9 6 2369024
16 2 1842824
2 11 1217994
4 9 502529
7 16 2946316
11 13 647791
1 7 183911
14 1 301977
16 1 257257
1 7 108204
13 17 531589
9 12 522349
13 16 2142290
7 6 63834
10 3 2368210
11 9 1546527
7 10 1365559
11 6 2643174
17 8 1145852
4 8 2469150
6 8 1895756
8 6 900772
7 14 2313993
2 11 1343222
4 16 348450
12 4 1406858
9 14 998844
16 12 759294
6 17 97755
8 12 467185
2 3 1540503
15 4 1308488
2 3 2247546
3 6 385156
7 13 900645
6 15 2088365
4 8 256494
9 3 2943144
13 5 2078298
6 2 2359402
11 7 2648033
13 5 2972121
7 10 1164200
16 14 1994134
11 1 1434162
4 13 1644234
15 14 906274
6 14 1473182
3 10 2557730
13 3 1525954
16 13 709944
1 3 2499511
6 15 129153
17 14 807222
3 6 854356
16 8 1588153
8 9 1495494
10 16 1253996
8 3 1209127
9 13 1903155
16 8 2394884
15 16 1792123
3 17 1757954
15 10 675132
1 4 1723149
5 3 1558322
11 7 2483928
2 8 497131
17 1 2727044
17 2 748243
2 7 2192676
8 14 1392729
1 4 1798371
1 2 1619184
15 16 293793
5 8 268005
4 1 938283
13 7 224650
15 1 1062401
10 14 2032493
3 2 2291319
9 1 2598409
10 1 2031755
9 3 1267120
10 3 1629084
6 17 919489
16 1 959479
8 6 132785
3 6 1680888
15 7 2544265
5 7 505412
16 3 684613
4 16 2619347
16 6 1256365
15 16 1873195
12 8 564468
5 12 2793040
6 17 217038
11 9 2557336
13 8 762011
1 2 1985273
9 5 897924
17 6 1994942
14 8 206075
15 6 1955911
13 11 559231
5 2 2571458
17 5 224347
8 7 229961
14 5 2451913
15 8 1734469
10 3 1071635
16 12 2140005
9 13 1959892
2 7 2316826
7 1 1030263
16 4 1748095
3 1 2503968
12 17 882525
12 14 2761757
17 13 2984692
14 13 2394522
4 3 263585
3 17 1609888
2 15 292421
10 16 2645522
5 8 1315598
11 6 219088
16 15 2300576
4 16 1442534
17 13 2157148
14 16 2198468
8 14 65873
10 13 2598006
16 6 2822950
1 12 544936
15 3 416682
2 10 598539
5 9 1186140
4 16 276475
9 6 2601892
16 8 323921
2 14 2108253
6 15 1325740
8 12 1735889
9 11 1832525
15 4 2400034
15 14 1034652
6 16 2590242
6 12 1792723
6 14 2392563
2 7 1261231
12 13 705008
14 3 2936861
4 17 2351244
16 5 2489961
6 8 1616297
2 4 700336
17 16 364120
4 1 2700167
4 13 2644687
16 1 374435
9 15 2605635
15 17 1236170
8 2 2827041
14 9 281022
5 4 645246
2 9 2875101
7 15 754762
8 3 989731
5 10 2804472
1 2 1160287
11 7 1128713
11 5 145677
2 11 1589582
16 17 2447323
1 3 286495
3 8 1555565
8 9 1920272
13 11 133938
9 8 2324608
1 6 1641147
5 4 2613003
15 1 319259
10 3 981953
15 4 1399048
15 16 1052085
16 8 2462838
12 9 1691842
10 14 363219
10 17 2034166
9 10 1240807
17 9 1561076
3 8 2803803
8 4 2767011
11 16 2678508
9 16 2175424
1 5 1421153
2 1 145646
13 2 2776299
16 2 2887800
13 4 2531553
16 8 2171562
13 5 2985916
15 12 1741857
7 8 260614
12 16 2461717
12 10 1597689
13 3 2470469
1 8 984561
5 8 444691
9 16 612495
4 1 2046461
7 10 1191999
17 6 2856546
13 4 635400
8 9 1437518
3 10 2839618
15 16 2131427
11 16 2708151
12 2 849479
6 13 2552027
15 6 2083439
15 13 561275
13 14 620985
17 2 1605351
2 10 2234898
1 14 213533
16 12 893471
11 6 1421490
3 15 1886470
4 14 1705158
10 14 609052
14 8 1741042
7 15 377526
10 11 836554
7 9 2916278
17 12 1293367
8 9 2616412
13 1 2702914
17 5 1162121
8 12 2723454
16 10 121854
8 15 472709
16 6 77536
10 11 873811
9 7 2989513
3 11 1940831
5 2 1363683
6 16 243403
1 7 665357
16 14 914766
14 5 136406
11 7 1936317
8 11 2524747
16 7 2687197
10 4 1794157
10 14 892124
11 4 1405545
1 11 1078314
3 12 2371366
15 13 2457026
9 8 1494445
11 9 954260
13 12 1482214
11 12 1810682
15 8 601977
15 16 1617754
9 4 132859
2 9 1608807
5 12 2531808
6 3 1948551
2 4 1992980
13 11 914932
1 16 2502206
5 10 2496103
6 15 2369442
14 10 2569184
10 14 1647274
13 7 2244831
7 8 2284638
11 6 2013641
9 5 946665
10 5 702457
10 16 2980802
9 15 2481367
4 12 2386725
9 1 1677039
10 15 372882
1 9 1024873
16 6 1051160
9 11 754884
10 9 2959439
11 5 161712
13 15 927129
16 1 2713361
11 12 388789
2 8 1552402
16 1 563564
10 3 839874
4 8 392600
13 9 1807702
9 8 1330298
2 17 138681
9 7 1772500
2 14 842919
17 2 1877709
4 3 435417
10 1 2791508
10 16 1006590
11 13 1959340
17 2 1435642
14 8 1617659
6 11 614721
8 6 2015787
13 2 2619860
15 10 1928411
14 15 1478618
14 5 44020
5 14 573447
16 7 1854425
11 6 1654035
3 15 1590406
14 1 2923863
6 8 3756
12 7 2501708
15 6 137262
13 10 1299209
15 16 1513525
10 16 2915585
10 12 1277147
10 14 515322
7 15 814505
13 3 1662887
13 3 871986
2 16 1298454
14 16 927078
2 5 22848
17 2 453917
6 13 1400912
17 15 2424736
2 13 1291137
3 1 1925285
12 1 2830982
13 14 2412926
3 12 1861846
16 7 1962341
15 1 715726
10 1 1294895
5 13 1788345
14 15 369873
9 7 2695274
14 8 1760646
3 13 2619555
9 11 823705
2 3 87936
8 14 922361
1 4 1267129
1 13 2458724
11 5 1237746
7 1 2498429
7 15 2556639
2 16 1087857
2 17 1209171
5 3 1985004
14 3 2811583
10 15 2790771
12 4 661505
9 2 1852922
8 7 212176
15 7 846932
10 8 150080
11 13 1176944
1 9 2599813
15 9 1601296
8 1 2110933
13 6 98836
5 7 1283920
2 9 679804
2 9 180590
1 11 2420906
8 9 302528
9 8 2588512
17 2 755863
8 3 73851
1 15 2595287
13 6 1120376
11 10 735132
15 6 965840
6 4 1621018
10 1 542713
17 13 1620673
14 7 356153
7 16 1778554
2 5 2419119
10 6 467700
2 15 1621802
7 11 908394
6 9 1542959
3 11 868455
10 8 26994
4 12 2929931
3 6 231569
12 5 673610
6 8 2946288
2 7 2469006
8 3 745128
4 12 1797492
4 11 2729760
7 11 2505465
1 3 644351
2 12 905073
2 7 2173320
11 4 2153218
16 6 295731
4 10 2999936
12 13 981973
15 16 2631386
15 3 1277541
5 15 1386249
9 12 1931208
6 16 169759
7 17 100791
17 12 2565379
16 7 1807073
3 9 1331090
16 15 1363231
15 5 2968954
12 5 2060186
1 12 2952802
10 2 2560626
2 7 591449
17 3 1139469
3 12 1924621
4 7 1717083
13 11 766218
15 9 1500378
7 13 2651287
14 15 1571075
10 3 1580863
12 10 52563
15 16 2783310
9 15 749948
3 16 1706703
2 6 1298230
6 8 734951
12 7 694340
8 2 1735708
8 4 151434
5 9 779786
10 8 1830429
11 3 1167213
15 10 1809965
2 5 675145
6 16 2092916
1 8 2595979
5 1 1587171
3 15 2448935
1 6 457099
17 15 478574
1 15 236913
16 9 2377614
7 4 2071781
10 1 1146633
17 9 831718
14 3 1152985
6 7 1904247
7 10 1638676
2 11 2149289
1 17 2178710
16 15 1612282
13 2 502615
14 16 757885
9 7 1747618
17 2 330435
7 8 872728
15 5 1740160
8 6 2395370
5 2 188596
7 9 1811542
1 2 2347353
15 14 2658987
11 4 1991746
6 8 691429
9 15 2165427
4 2 759050
17 9 2371743
11 2 2110065
12 5 1603981
11 2 587485
1 16 781786
16 10 1665278
7 11 214248
10 1 301722
3 14 224458
1 6 1660227
1 13 2830747
4 15 1363729
14 4 1847105
12 11 2149057
14 6 505147
16 12 2421963
14 10 314950
13 12 1452349
9 3 663298
4 1 833258
17 3 2616336
10 8 363830
14 11 808516
2 12 993439
11 17 2178466
6 13 2556890
13 15 2349253
5 14 421176
13 11 2158230
12 13 2726813
15 7 1088989
10 6 1366440
13 4 1905306
14 12 2394634
2 15 64597
15 10 881055
15 17 2664442
3 5 592167
11 17 1966663
14 7 1362024
4 13 171209
8 17 548978
2 5 1673861
10 8 2973748
10 15 796183
10 17 1538458
9 8 2687799
4 11 490235
9 13 2900472
15 13 216985
17 5 2325801
15 17 1019906
4 14 1630313
13 11 1902263
10 16 2022844
7 1 2299269
9 6 2711629
10 1 1618636
7 8 1617257
7 13 2049237
15 8 2765377
7 14 1250413
12 1 210558
17 7 72087
2 13 150381
8 4 1741287
6 13 2941005
13 5 2208745
8 14 460217
1 2 1649860
8 2 437814
10 17 1432743
9 2 1080317
3 10 1131861
7 5 2812003
8 5 1158946
3 10 716875
4 9 2154969
16 14 2264364
1 16 206809
14 8 957206
12 8 2699244
10 17 2110197
3 4 515761
5 8 1429805
13 12 1032591
6 4 2575577
10 15 695901
13 14 1408094
4 14 2636967
4 15 1916560
9 1 1631117
11 2 1948545
3 17 1532544
15 7 235065
7 10 501531
6 5 2439991
11 12 399218
13 8 1428915
10 7 418164
5 9 2334348
2 9 305554
17 5 1321958
15 17 2947862
15 11 2497922
3 14 1257614
13 1 110253
4 9 2355869
1 7 1864450
15 3 273905
15 11 691105
12 9 937040
11 3 1784844
4 5 2987596
2 8 140705
16 1 483878
12 6 2497458
11 16 2684111
6 10 580623
11 9 675379
5 12 2748291
17 1 298774
10 13 802299
5 12 1525701
11 9 1603612
1 11 2717266
17 12 374040
2 8 1683855
14 12 797483
1 8 218155
9 12 1181629
11 4 2733980
8 1 2128924
5 14 2401998
1 15 686822
5 3 1925202
8 17 680391
2 13 1926542
14 11 1563059
13 3 2152575
15 1 120248
4 15 971867
11 10 2214064
8 11 635822
3 14 705762
5 6 2493039
15 1 904882
12 7 2643905
6 17 1632709
8 11 2064641
10 12 434438
9 16 1587556
6 4 1743563
