116 4051 
44 62 156 117 87 108 280 246 241 236 272 189 200 53 277 213 147 199 79 6 146 95 139 122 22 264 7 196 44 142 73 26 246 145 120 210 147 51 30 104 274 99 252 243 146 126 104 293 46 55 25 102 168 265 149 294 39 243 161 259 197 111 34 150 288 108 84 245 212 242 95 176 75 32 122 224 1 194 241 93 1 274 107 79 234 281 244 252 128 52 169 261 126 171 71 290 224 133 72 181 153 116 251 42 27 58 67 285 168 60 269 23 42 251 36 79 
77 96 
40 43 
12 90 
50 73 
24 65 
39 73 
30 20 
111 58 
60 113 
79 38 
42 73 
31 113 
37 50 
77 83 
3 40 
101 30 
68 93 
92 53 
38 84 
20 11 
43 22 
82 19 
40 75 
107 75 
55 72 
103 99 
43 57 
59 50 
98 6 
114 85 
37 38 
67 89 
15 90 
2 45 
25 79 
71 115 
106 113 
15 115 
8 30 
74 61 
39 70 
99 113 
11 106 
22 66 
83 75 
30 104 
97 103 
105 88 
49 77 
57 40 
94 41 
66 47 
41 55 
81 71 
26 33 
98 17 
38 108 
111 39 
71 54 
6 63 
89 26 
17 40 
77 81 
72 56 
28 29 
90 42 
74 83 
106 50 
43 84 
93 42 
20 76 
17 77 
96 112 
86 39 
22 102 
59 63 
100 106 
73 105 
85 77 
99 106 
21 46 
9 67 
93 57 
54 12 
5 70 
48 4 
57 104 
51 27 
76 107 
29 86 
21 89 
7 110 
100 27 
39 19 
79 42 
103 14 
62 116 
46 5 
33 24 
49 55 
35 91 
56 47 
57 92 
87 47 
50 9 
35 113 
22 33 
30 12 
18 69 
58 30 
20 84 
60 89 
114 68 
21 50 
39 77 
52 33 
85 99 
20 108 
103 89 
23 54 
52 97 
21 70 
72 35 
13 30 
9 47 
52 61 
52 7 
36 43 
103 107 
15 65 
46 1 
18 28 
77 82 
110 38 
109 14 
78 103 
14 62 
29 85 
33 93 
45 116 
111 81 
44 65 
71 114 
89 4 
25 100 
111 23 
6 76 
69 15 
31 88 
66 75 
57 11 
56 107 
89 32 
92 69 
39 82 
21 20 
49 98 
107 10 
53 47 
99 6 
100 68 
92 66 
114 42 
53 26 
22 28 
79 35 
75 22 
109 35 
87 34 
109 76 
21 97 
36 19 
103 8 
2 21 
69 91 
39 55 
95 15 
36 112 
50 4 
79 54 
27 108 
94 86 
72 76 
1 2 
34 54 
36 39 
83 2 
65 8 
29 44 
59 15 
67 33 
8 37 
71 102 
71 110 
78 34 
23 107 
111 43 
2 7 
96 22 
35 46 
98 25 
54 41 
6 102 
15 24 
54 73 
3 8 
82 37 
19 100 
24 106 
18 109 
34 66 
52 9 
27 7 
78 98 
71 104 
77 57 
48 45 
94 43 
65 21 
93 69 
87 58 
102 48 
24 84 
95 34 
91 27 
84 12 
6 70 
48 64 
82 32 
52 71 
98 56 
41 16 
86 63 
6 91 
13 98 
109 37 
82 116 
93 67 
75 60 
72 6 
74 45 
68 77 
62 5 
116 8 
116 114 
109 30 
87 90 
63 54 
8 47 
113 114 
5 86 
76 27 
76 92 
14 31 
96 11 
113 108 
77 86 
102 43 
74 77 
79 12 
69 33 
84 26 
36 27 
61 12 
113 25 
18 40 
32 22 
43 93 
36 91 
14 53 
38 48 
45 99 
115 82 
47 110 
106 54 
112 47 
71 60 
27 63 
51 55 
45 31 
41 37 
48 108 
78 17 
6 82 
45 9 
91 3 
99 79 
19 13 
91 98 
9 59 
68 84 
58 47 
95 106 
106 61 
68 57 
72 44 
43 115 
22 34 
41 104 
108 83 
9 97 
81 57 
101 39 
43 101 
84 1 
95 12 
40 108 
29 23 
69 38 
18 110 
14 113 
58 5 
21 38 
74 107 
50 35 
21 8 
111 108 
5 42 
13 103 
66 26 
1 9 
35 83 
43 31 
53 71 
14 72 
33 71 
22 68 
24 93 
42 69 
27 19 
93 100 
10 70 
77 59 
25 78 
26 107 
25 97 
96 105 
32 96 
53 70 
27 9 
24 22 
36 31 
44 64 
63 33 
59 29 
66 99 
85 88 
71 2 
40 31 
31 22 
40 102 
43 48 
17 12 
68 2 
50 70 
19 3 
24 48 
42 109 
44 42 
21 77 
107 99 
103 34 
24 64 
57 2 
36 25 
24 108 
86 49 
48 74 
2 19 
41 90 
49 29 
88 61 
28 84 
18 58 
51 75 
92 55 
7 98 
53 75 
37 67 
83 22 
73 48 
99 108 
91 85 
52 76 
111 59 
105 99 
67 59 
96 39 
106 46 
42 66 
110 65 
40 77 
75 23 
116 30 
68 25 
62 91 
106 109 
52 85 
90 33 
110 109 
96 16 
103 25 
40 37 
28 92 
17 88 
80 109 
35 14 
18 90 
111 38 
48 111 
27 97 
77 47 
65 105 
82 57 
18 21 
39 80 
62 17 
34 58 
35 28 
77 15 
38 23 
112 92 
69 61 
67 36 
17 16 
86 88 
23 103 
74 56 
17 27 
103 43 
41 107 
107 73 
68 3 
110 22 
50 113 
78 80 
29 115 
86 62 
44 38 
70 74 
22 56 
15 113 
40 86 
19 34 
88 59 
112 45 
38 106 
77 75 
54 90 
102 5 
88 15 
14 82 
91 82 
115 3 
32 91 
49 68 
85 68 
60 103 
74 79 
86 59 
80 107 
83 90 
110 1 
27 34 
58 46 
90 67 
98 38 
60 56 
66 111 
67 57 
1 116 
85 62 
12 32 
55 113 
58 44 
90 92 
62 61 
68 58 
16 92 
47 19 
111 97 
78 72 
48 60 
76 17 
4 8 
16 21 
88 101 
67 22 
71 8 
4 46 
22 98 
94 51 
84 34 
99 78 
99 37 
99 67 
53 33 
92 54 
57 99 
76 25 
27 110 
38 115 
57 114 
49 93 
103 71 
26 36 
102 32 
73 66 
106 69 
35 59 
103 72 
102 84 
105 47 
12 21 
5 92 
5 115 
1 17 
55 53 
60 109 
79 45 
6 20 
7 116 
104 89 
28 50 
21 94 
4 43 
96 23 
79 41 
100 55 
15 103 
71 77 
55 109 
22 74 
35 78 
83 31 
107 63 
85 51 
5 76 
57 13 
5 18 
26 86 
21 30 
76 97 
113 58 
83 23 
32 20 
57 55 
61 86 
18 70 
104 28 
90 35 
48 1 
36 116 
32 103 
71 55 
109 17 
63 65 
97 49 
29 87 
96 42 
3 17 
96 41 
7 92 
24 40 
29 7 
85 104 
63 46 
75 9 
2 15 
89 116 
55 10 
97 114 
33 35 
20 67 
115 81 
89 43 
44 11 
74 52 
8 62 
85 15 
51 102 
41 59 
5 6 
46 59 
30 27 
108 11 
58 71 
51 101 
75 115 
72 67 
43 95 
48 104 
18 81 
99 49 
107 4 
51 105 
88 114 
21 29 
69 81 
100 112 
70 79 
107 44 
69 57 
32 115 
34 89 
112 70 
84 5 
29 82 
11 73 
2 101 
91 71 
1 25 
113 26 
44 25 
115 33 
55 74 
85 21 
103 22 
11 40 
33 34 
33 74 
23 62 
78 101 
19 57 
12 114 
101 19 
13 84 
9 65 
48 8 
115 102 
48 33 
90 65 
112 11 
44 47 
85 59 
87 93 
49 3 
94 105 
35 68 
44 92 
18 22 
66 81 
61 51 
69 47 
16 39 
94 96 
57 5 
86 36 
4 19 
63 18 
12 29 
57 12 
8 15 
33 61 
10 15 
62 33 
63 94 
24 72 
64 116 
61 105 
31 53 
60 63 
48 93 
26 102 
1 109 
69 62 
94 84 
80 14 
32 85 
41 114 
113 45 
19 76 
18 116 
51 60 
17 112 
99 81 
52 10 
23 44 
64 76 
89 64 
41 70 
56 6 
95 9 
4 49 
10 78 
15 18 
110 54 
93 59 
9 43 
12 7 
18 89 
1 16 
110 16 
34 93 
112 67 
52 77 
65 5 
41 85 
70 42 
18 103 
94 82 
30 54 
3 81 
78 95 
68 107 
96 43 
4 52 
55 86 
79 83 
38 70 
51 18 
49 57 
31 85 
77 107 
115 90 
20 90 
70 115 
54 91 
59 13 
31 12 
4 77 
106 72 
80 116 
108 1 
99 70 
70 14 
24 73 
62 39 
9 83 
36 5 
16 4 
24 20 
97 83 
6 1 
100 80 
103 30 
55 110 
100 114 
51 46 
54 64 
86 2 
96 2 
59 42 
87 86 
55 5 
104 44 
93 22 
38 29 
26 82 
87 42 
114 8 
54 61 
105 104 
102 56 
108 98 
72 19 
52 92 
49 43 
13 87 
54 43 
109 74 
82 27 
95 49 
115 42 
16 2 
78 58 
20 47 
55 36 
40 109 
48 91 
35 95 
70 66 
101 20 
106 87 
48 88 
51 45 
45 47 
57 41 
76 7 
80 9 
44 24 
24 95 
37 7 
22 65 
26 83 
81 104 
115 88 
42 32 
57 61 
96 79 
49 10 
10 20 
10 75 
96 5 
75 103 
30 100 
82 90 
93 102 
114 27 
95 4 
49 114 
76 83 
13 31 
90 4 
104 35 
98 77 
87 1 
77 84 
61 8 
27 13 
49 50 
56 111 
22 107 
21 84 
59 69 
19 108 
80 84 
17 115 
106 110 
90 71 
17 23 
89 65 
39 2 
100 90 
37 108 
95 20 
3 48 
15 66 
4 113 
50 109 
66 1 
103 90 
74 29 
55 19 
91 94 
97 4 
107 12 
105 58 
8 26 
75 11 
12 4 
109 32 
92 15 
31 98 
96 45 
15 6 
41 102 
86 81 
47 95 
9 115 
52 109 
72 40 
3 22 
109 112 
7 24 
72 107 
87 76 
29 58 
17 42 
9 19 
104 49 
39 49 
32 97 
60 44 
19 77 
19 116 
56 26 
70 102 
104 27 
58 101 
39 90 
41 13 
60 82 
98 86 
48 56 
14 7 
46 49 
62 57 
43 35 
95 113 
8 31 
13 108 
89 49 
100 13 
33 21 
70 90 
90 111 
70 22 
53 51 
37 73 
85 37 
47 46 
79 103 
110 76 
52 8 
15 21 
21 102 
31 94 
20 46 
30 44 
63 22 
23 12 
55 65 
18 49 
113 53 
60 79 
94 65 
83 92 
80 60 
54 107 
59 80 
28 76 
16 94 
108 55 
34 42 
70 85 
14 101 
88 29 
52 43 
22 44 
94 5 
64 79 
52 14 
23 89 
42 8 
74 115 
5 107 
30 57 
46 32 
13 34 
110 12 
40 52 
60 35 
25 19 
39 113 
25 77 
2 64 
36 109 
109 64 
7 11 
46 23 
81 97 
13 56 
35 13 
3 114 
105 81 
26 43 
52 3 
109 13 
74 7 
72 16 
101 68 
64 35 
42 63 
50 47 
76 16 
12 10 
61 47 
20 96 
90 21 
70 116 
97 54 
38 95 
106 116 
70 28 
87 7 
4 96 
102 12 
18 77 
49 22 
26 112 
8 102 
83 43 
36 94 
66 19 
66 116 
102 116 
32 54 
64 82 
85 54 
94 59 
97 101 
109 84 
39 25 
107 71 
109 116 
16 57 
110 50 
55 94 
55 48 
95 7 
40 63 
11 110 
64 25 
91 56 
29 89 
80 61 
65 33 
41 91 
41 3 
60 45 
10 50 
39 74 
64 71 
112 99 
80 49 
52 47 
56 21 
69 84 
81 48 
9 70 
104 82 
26 19 
85 58 
79 105 
50 93 
87 14 
113 67 
95 3 
45 30 
44 33 
110 56 
68 60 
74 62 
28 52 
62 112 
66 32 
116 41 
32 51 
94 22 
67 76 
30 15 
102 80 
61 23 
59 81 
53 2 
63 17 
56 50 
35 82 
44 55 
115 16 
2 81 
6 103 
1 20 
21 67 
50 60 
94 14 
38 113 
82 99 
95 66 
15 36 
35 27 
2 89 
4 59 
88 49 
100 115 
20 22 
67 95 
34 35 
87 52 
104 3 
64 108 
105 109 
44 6 
110 35 
5 87 
36 34 
86 3 
111 74 
73 86 
20 27 
72 101 
18 41 
34 100 
37 80 
92 108 
116 43 
92 17 
101 31 
79 92 
29 37 
50 44 
22 50 
114 17 
55 88 
27 14 
108 115 
38 7 
58 90 
58 24 
114 33 
30 25 
96 103 
2 88 
56 40 
28 90 
63 29 
61 78 
61 63 
43 2 
39 79 
108 66 
72 43 
82 28 
115 94 
61 71 
5 54 
29 77 
93 45 
85 116 
48 106 
38 36 
1 19 
46 14 
8 2 
8 108 
10 81 
35 102 
114 62 
53 15 
105 75 
99 12 
94 50 
78 85 
34 110 
53 24 
1 93 
11 55 
42 100 
86 67 
82 36 
54 60 
40 25 
96 92 
109 22 
23 19 
11 47 
38 17 
26 67 
43 21 
100 81 
93 94 
74 11 
3 73 
61 58 
55 61 
58 37 
9 61 
85 33 
6 67 
65 50 
27 28 
108 97 
19 43 
93 62 
51 106 
40 100 
7 16 
99 51 
86 93 
77 91 
19 81 
102 109 
113 51 
55 75 
16 71 
111 95 
10 76 
68 116 
102 19 
95 2 
111 57 
23 87 
61 104 
105 30 
41 39 
114 79 
112 106 
102 91 
40 64 
32 112 
64 20 
87 35 
3 42 
11 67 
57 85 
115 91 
91 79 
68 8 
80 41 
42 67 
43 64 
33 97 
60 111 
79 56 
40 104 
4 20 
90 24 
73 57 
77 112 
109 51 
88 107 
81 74 
116 20 
96 109 
74 104 
95 75 
94 95 
17 108 
111 75 
42 101 
86 14 
58 100 
107 95 
64 57 
53 68 
18 47 
67 75 
65 99 
50 105 
83 107 
35 42 
85 98 
77 115 
49 66 
104 107 
46 37 
64 97 
94 70 
40 82 
17 54 
19 86 
22 114 
15 73 
101 33 
25 33 
104 86 
65 3 
89 50 
59 53 
73 28 
98 65 
62 63 
53 84 
63 69 
28 95 
72 84 
93 41 
50 55 
38 50 
96 111 
74 112 
115 84 
37 20 
50 52 
53 81 
50 24 
114 2 
88 13 
44 43 
41 26 
38 94 
88 104 
26 61 
91 7 
11 83 
67 44 
45 106 
50 42 
85 12 
112 28 
96 60 
97 99 
39 65 
11 93 
114 64 
38 30 
115 35 
13 70 
48 34 
32 64 
77 64 
36 62 
2 12 
46 92 
91 109 
7 66 
45 53 
106 40 
60 16 
72 60 
68 1 
12 94 
78 91 
104 21 
69 94 
4 92 
42 16 
94 17 
100 39 
34 26 
105 82 
96 25 
9 60 
75 69 
2 110 
108 95 
83 42 
75 101 
50 1 
32 81 
113 103 
38 96 
78 5 
23 36 
28 105 
35 5 
9 81 
30 68 
54 72 
58 50 
93 29 
73 51 
110 88 
8 27 
1 21 
71 101 
58 41 
51 42 
66 38 
82 95 
112 113 
37 112 
69 51 
66 90 
87 15 
23 104 
72 57 
75 25 
29 78 
85 17 
22 8 
74 63 
52 106 
6 74 
9 94 
52 42 
46 55 
112 42 
60 43 
69 87 
62 1 
59 51 
13 22 
55 95 
40 105 
115 62 
114 45 
85 79 
63 88 
45 40 
17 34 
60 65 
54 36 
113 88 
21 87 
87 11 
12 5 
48 20 
40 41 
10 94 
77 42 
42 25 
56 45 
32 34 
17 39 
23 84 
35 24 
10 43 
95 16 
96 31 
8 59 
67 64 
83 115 
74 57 
74 59 
93 15 
101 60 
68 4 
61 3 
34 74 
34 31 
71 23 
42 62 
16 108 
13 94 
56 9 
81 63 
10 33 
19 106 
1 22 
81 28 
41 98 
77 110 
55 25 
32 15 
15 52 
26 100 
17 4 
72 91 
68 76 
31 2 
27 96 
39 11 
49 16 
69 112 
87 115 
105 63 
20 25 
99 56 
108 79 
76 91 
16 99 
19 80 
6 116 
37 39 
15 84 
38 100 
50 14 
68 67 
4 84 
30 76 
76 40 
74 105 
66 88 
103 52 
95 68 
58 76 
69 110 
13 89 
112 23 
29 24 
49 103 
56 3 
40 97 
74 114 
95 86 
25 34 
89 73 
108 86 
30 50 
68 71 
44 54 
56 35 
29 71 
86 106 
108 116 
73 21 
67 82 
8 23 
12 91 
27 56 
52 101 
116 74 
102 18 
30 14 
21 109 
31 10 
5 31 
102 61 
71 109 
67 87 
5 19 
43 75 
68 65 
44 59 
68 66 
97 51 
38 62 
22 23 
3 64 
73 113 
59 107 
108 57 
62 100 
107 102 
13 6 
64 105 
19 20 
95 33 
56 105 
79 58 
114 70 
19 114 
4 60 
75 20 
4 104 
85 49 
50 91 
44 100 
85 22 
87 36 
92 25 
60 77 
37 78 
8 84 
115 58 
17 8 
41 30 
84 90 
86 4 
46 50 
52 58 
29 35 
105 44 
115 47 
84 96 
71 56 
104 93 
89 95 
41 74 
106 101 
54 81 
110 61 
65 77 
92 100 
105 57 
100 6 
87 6 
2 9 
7 3 
38 35 
41 77 
56 24 
53 61 
24 71 
112 59 
73 8 
77 11 
11 84 
14 97 
62 2 
86 84 
103 101 
6 43 
44 76 
86 109 
13 80 
75 12 
35 9 
28 36 
16 5 
14 15 
91 95 
21 22 
65 41 
20 16 
76 74 
38 77 
50 48 
79 30 
2 36 
50 108 
21 72 
46 68 
6 89 
36 80 
68 52 
104 32 
58 17 
8 76 
9 78 
89 24 
94 102 
29 116 
21 103 
115 27 
1 61 
44 10 
86 52 
102 78 
61 40 
105 8 
48 86 
105 26 
32 48 
39 48 
24 10 
80 112 
96 37 
83 104 
34 50 
79 112 
3 25 
30 97 
72 62 
64 94 
57 96 
10 46 
14 83 
24 5 
57 35 
17 106 
71 89 
103 20 
50 31 
1 56 
107 53 
82 106 
45 101 
14 48 
93 70 
22 16 
24 63 
88 79 
73 88 
81 22 
65 59 
113 13 
106 98 
116 67 
6 75 
9 12 
65 109 
32 57 
20 56 
104 7 
91 110 
21 58 
86 30 
86 13 
101 66 
56 8 
85 93 
43 73 
107 15 
107 97 
99 4 
25 69 
111 65 
27 80 
20 33 
19 95 
19 78 
64 83 
44 97 
15 96 
69 58 
9 40 
67 83 
34 83 
95 76 
15 16 
50 8 
61 11 
88 98 
84 66 
46 116 
116 9 
99 41 
115 86 
48 57 
9 66 
14 3 
78 30 
52 1 
16 78 
77 56 
60 84 
57 102 
75 4 
69 79 
59 45 
104 9 
96 100 
31 11 
99 10 
112 20 
75 89 
74 8 
107 37 
63 101 
64 36 
75 33 
30 112 
39 1 
103 11 
96 51 
106 78 
43 68 
65 106 
82 72 
9 28 
16 77 
110 9 
71 47 
87 95 
87 88 
110 86 
78 68 
106 84 
26 75 
52 64 
113 29 
50 53 
8 89 
25 43 
14 75 
29 27 
9 113 
101 9 
78 50 
17 93 
4 93 
109 113 
38 51 
90 91 
64 90 
58 96 
94 48 
113 41 
12 116 
36 102 
98 16 
106 55 
103 40 
83 68 
50 104 
59 105 
114 78 
63 72 
8 83 
37 61 
107 112 
52 90 
24 80 
6 55 
4 70 
65 53 
69 3 
112 85 
66 57 
43 81 
61 94 
104 110 
97 105 
97 109 
75 110 
62 11 
20 5 
115 65 
80 79 
72 111 
22 64 
94 98 
109 38 
24 100 
66 45 
71 19 
26 42 
89 17 
59 83 
7 44 
116 65 
70 111 
86 21 
100 17 
109 108 
82 110 
46 72 
95 57 
73 27 
21 39 
3 50 
19 75 
93 53 
14 2 
108 73 
37 12 
32 110 
97 8 
63 1 
93 9 
80 11 
49 91 
45 35 
55 2 
92 73 
116 96 
15 112 
6 45 
23 57 
23 3 
24 27 
36 89 
39 57 
40 62 
58 15 
71 31 
106 29 
76 86 
6 46 
54 82 
106 2 
27 33 
79 23 
56 7 
61 96 
106 71 
22 48 
69 23 
34 46 
28 49 
31 110 
72 15 
115 111 
111 50 
21 69 
20 53 
64 50 
30 99 
12 83 
22 100 
4 55 
110 70 
62 25 
34 68 
13 47 
22 58 
54 88 
3 46 
26 97 
78 79 
98 74 
18 85 
116 77 
92 29 
111 49 
108 106 
41 25 
53 110 
60 70 
85 63 
28 32 
7 46 
55 56 
27 87 
52 93 
89 19 
51 50 
104 31 
1 51 
35 36 
35 37 
54 49 
8 45 
17 51 
21 71 
27 43 
69 103 
1 83 
36 11 
115 36 
75 94 
59 36 
107 101 
97 18 
33 5 
108 5 
14 26 
14 56 
109 8 
49 38 
86 71 
99 98 
52 25 
113 102 
39 52 
101 56 
59 57 
70 113 
38 9 
17 28 
3 98 
62 106 
96 63 
42 40 
100 98 
102 54 
11 100 
53 69 
47 55 
62 92 
8 10 
64 104 
54 86 
96 72 
115 50 
51 43 
66 112 
33 28 
97 70 
103 109 
95 84 
47 40 
75 34 
17 46 
24 115 
94 80 
53 96 
67 58 
100 53 
6 107 
77 31 
88 8 
2 116 
9 57 
70 19 
6 53 
2 91 
81 12 
1 81 
87 63 
45 49 
57 46 
70 92 
44 34 
58 93 
21 79 
100 35 
40 80 
13 44 
62 50 
75 38 
37 19 
90 74 
106 36 
31 30 
53 56 
76 48 
109 20 
17 105 
19 30 
91 42 
108 4 
36 60 
30 3 
7 65 
13 74 
75 57 
91 59 
57 4 
2 78 
14 55 
95 30 
5 67 
115 40 
72 7 
31 109 
82 85 
5 34 
61 17 
75 93 
35 108 
93 64 
4 42 
78 82 
63 30 
37 48 
96 69 
41 78 
1 44 
90 69 
43 106 
10 91 
61 66 
61 41 
30 37 
39 69 
6 3 
3 103 
24 57 
103 88 
41 45 
94 116 
53 91 
115 103 
99 34 
30 106 
116 97 
8 34 
9 39 
14 21 
23 72 
94 58 
49 75 
66 23 
104 54 
59 23 
74 19 
42 110 
56 46 
67 70 
109 115 
29 90 
100 110 
90 26 
36 7 
55 40 
80 86 
43 108 
25 94 
7 10 
33 106 
44 77 
70 64 
40 89 
80 5 
12 105 
65 47 
89 91 
80 65 
37 11 
67 103 
82 44 
13 68 
50 23 
56 31 
54 50 
100 16 
115 68 
9 37 
46 62 
65 86 
57 100 
23 101 
30 55 
79 98 
109 54 
70 2 
38 32 
98 18 
106 89 
21 63 
29 26 
6 71 
93 30 
100 51 
16 34 
91 5 
109 67 
58 25 
115 52 
110 25 
11 107 
76 108 
60 25 
26 96 
56 93 
102 77 
34 115 
47 86 
34 77 
89 102 
64 29 
64 74 
72 87 
56 100 
27 42 
93 81 
29 19 
36 47 
95 110 
97 112 
64 39 
31 66 
112 115 
37 77 
7 25 
9 76 
56 65 
107 13 
102 25 
40 4 
60 66 
81 96 
68 51 
112 68 
78 42 
72 18 
91 17 
14 81 
95 71 
53 64 
1 40 
72 66 
37 2 
34 20 
99 33 
28 74 
112 3 
16 68 
10 45 
32 86 
38 41 
47 59 
65 64 
64 19 
7 32 
40 14 
94 89 
111 47 
14 43 
82 114 
106 27 
111 11 
47 6 
53 3 
94 27 
57 65 
98 67 
30 26 
77 12 
113 98 
81 30 
44 51 
20 93 
4 24 
79 34 
37 88 
51 103 
62 75 
98 2 
67 102 
2 18 
116 63 
92 110 
85 76 
88 82 
109 111 
54 115 
97 115 
109 53 
55 70 
35 61 
112 35 
101 15 
95 112 
30 22 
6 36 
7 55 
76 99 
3 24 
97 78 
12 1 
56 43 
21 110 
32 1 
105 66 
18 43 
58 83 
38 16 
71 108 
92 35 
5 66 
18 73 
105 111 
77 22 
111 91 
23 99 
19 16 
70 33 
26 106 
13 4 
34 39 
115 106 
102 39 
64 69 
104 46 
95 80 
113 77 
106 79 
20 92 
42 30 
4 29 
3 83 
78 62 
16 75 
33 108 
70 104 
4 31 
2 84 
39 10 
82 63 
99 80 
16 52 
18 23 
73 74 
81 49 
49 8 
51 112 
45 70 
25 13 
116 11 
66 11 
64 14 
92 36 
41 103 
9 62 
20 36 
45 108 
90 112 
98 12 
54 8 
79 20 
41 83 
99 43 
95 97 
51 72 
79 43 
15 31 
26 55 
56 44 
84 89 
110 44 
91 13 
55 28 
50 99 
101 12 
33 37 
59 100 
102 49 
110 66 
28 69 
57 21 
38 22 
64 31 
102 37 
91 16 
18 111 
99 7 
30 70 
105 38 
67 69 
19 38 
87 55 
40 54 
116 79 
25 107 
33 31 
21 99 
79 50 
74 101 
110 101 
98 83 
91 11 
2 92 
69 19 
54 45 
62 30 
98 4 
50 26 
83 5 
102 76 
67 73 
99 72 
59 70 
80 17 
56 73 
15 89 
28 107 
46 28 
33 77 
12 60 
30 80 
83 109 
24 54 
49 52 
103 85 
30 111 
61 76 
91 93 
24 8 
81 85 
89 44 
57 116 
114 65 
7 68 
103 48 
82 69 
7 45 
61 64 
96 104 
46 88 
43 67 
60 11 
69 40 
94 67 
65 74 
101 41 
80 70 
71 18 
21 92 
106 9 
104 24 
12 26 
8 86 
4 9 
95 18 
45 18 
78 86 
77 1 
82 89 
28 8 
84 44 
77 30 
28 1 
103 28 
45 97 
114 26 
8 99 
89 14 
96 7 
42 57 
73 63 
82 21 
116 75 
73 90 
105 84 
107 29 
2 26 
47 96 
50 16 
20 88 
57 91 
69 35 
114 59 
92 63 
48 42 
90 95 
9 112 
23 9 
94 83 
63 57 
106 1 
110 10 
18 87 
24 112 
116 91 
90 10 
110 5 
81 51 
68 27 
53 35 
35 96 
69 7 
114 66 
54 96 
84 46 
44 99 
23 28 
7 105 
79 14 
88 70 
41 95 
76 60 
96 36 
101 59 
82 2 
11 101 
36 99 
110 17 
73 82 
46 48 
52 96 
111 13 
31 51 
31 24 
85 5 
78 44 
93 107 
86 17 
47 106 
53 42 
27 32 
66 30 
36 83 
5 56 
56 103 
113 86 
13 97 
32 72 
58 55 
36 51 
68 28 
4 102 
18 17 
32 70 
30 1 
29 61 
109 49 
115 13 
62 67 
67 55 
68 48 
88 116 
116 14 
42 20 
47 108 
28 58 
25 45 
85 1 
11 52 
41 17 
52 108 
42 1 
55 38 
19 67 
77 87 
116 105 
108 105 
99 35 
25 2 
38 103 
33 103 
73 95 
84 110 
103 104 
55 22 
17 95 
33 105 
81 95 
108 94 
62 49 
18 10 
43 59 
95 101 
65 18 
63 34 
79 67 
79 36 
28 79 
112 73 
78 55 
39 7 
102 30 
75 21 
67 32 
111 5 
98 95 
20 45 
57 113 
108 74 
101 81 
70 105 
17 35 
65 40 
59 39 
39 13 
34 28 
17 15 
43 97 
48 51 
12 106 
2 34 
18 104 
85 56 
40 7 
33 89 
14 67 
2 27 
34 107 
39 45 
56 69 
88 1 
94 100 
38 27 
18 24 
72 5 
99 38 
36 74 
45 23 
78 32 
60 58 
38 81 
21 42 
43 76 
107 81 
73 116 
75 35 
59 97 
99 96 
48 66 
97 77 
25 85 
9 46 
44 95 
98 55 
62 97 
91 113 
107 35 
105 27 
54 27 
36 30 
79 57 
76 100 
56 23 
81 50 
32 24 
45 81 
74 85 
86 42 
43 69 
82 9 
11 53 
112 4 
109 4 
89 16 
25 54 
114 58 
85 34 
11 76 
49 2 
19 41 
32 79 
110 20 
78 40 
84 64 
11 105 
39 114 
11 3 
7 70 
72 92 
53 43 
84 67 
66 29 
25 47 
36 110 
73 102 
78 108 
44 102 
80 38 
25 57 
88 58 
92 10 
37 71 
73 104 
20 18 
76 53 
25 48 
25 74 
106 88 
85 95 
74 99 
90 85 
51 71 
86 100 
32 37 
76 54 
74 67 
89 110 
49 65 
16 23 
35 111 
18 14 
33 82 
6 8 
86 37 
47 4 
85 16 
96 68 
102 98 
4 110 
11 33 
9 8 
54 14 
29 55 
6 9 
14 95 
52 41 
59 64 
101 6 
92 26 
106 7 
91 100 
99 52 
11 28 
76 3 
85 30 
49 30 
5 81 
71 27 
62 45 
65 2 
114 51 
105 103 
10 98 
74 15 
104 75 
87 51 
86 66 
88 76 
21 26 
16 45 
35 3 
83 60 
35 73 
103 74 
46 13 
7 109 
2 100 
15 50 
23 67 
27 55 
74 97 
33 64 
89 30 
95 115 
41 27 
15 79 
41 63 
3 9 
103 70 
80 63 
42 75 
62 71 
105 87 
26 62 
51 19 
26 4 
66 18 
113 96 
76 15 
102 105 
91 61 
21 115 
53 114 
93 46 
108 114 
75 109 
23 37 
103 54 
76 4 
75 98 
47 41 
67 66 
56 108 
113 11 
39 29 
60 94 
15 57 
95 88 
72 95 
1 94 
35 81 
36 12 
99 29 
17 20 
62 37 
30 96 
88 78 
31 103 
86 75 
14 37 
24 30 
110 72 
14 69 
1 69 
99 3 
91 14 
64 17 
40 26 
106 34 
1 98 
105 85 
94 78 
110 23 
35 49 
76 75 
37 68 
94 39 
90 89 
97 20 
80 93 
86 60 
27 65 
112 81 
39 83 
111 98 
71 112 
24 17 
99 92 
40 112 
64 34 
17 32 
104 102 
38 20 
60 31 
99 39 
70 46 
90 105 
82 59 
73 13 
32 36 
58 95 
100 10 
64 27 
103 68 
9 26 
27 85 
54 53 
100 46 
70 77 
80 108 
60 15 
61 67 
97 92 
1 38 
87 44 
78 23 
34 101 
85 94 
73 101 
45 14 
29 56 
93 10 
105 72 
69 46 
4 25 
80 92 
114 52 
116 95 
104 95 
39 27 
18 94 
44 4 
29 65 
61 27 
7 112 
35 88 
113 59 
21 74 
74 84 
34 3 
6 96 
63 8 
113 90 
13 29 
13 112 
16 80 
25 114 
92 78 
70 56 
14 33 
85 43 
107 55 
98 37 
11 21 
22 88 
101 114 
10 97 
97 19 
13 65 
17 60 
5 26 
25 49 
69 89 
32 52 
65 96 
50 92 
76 69 
25 5 
71 72 
34 12 
54 77 
91 101 
73 55 
31 32 
11 32 
12 46 
114 13 
63 90 
81 41 
109 46 
83 86 
83 111 
46 64 
111 32 
16 37 
31 1 
91 68 
51 20 
62 59 
3 90 
53 16 
54 1 
68 88 
106 103 
71 22 
48 112 
18 25 
1 24 
60 115 
114 24 
1 80 
99 102 
70 8 
37 34 
55 81 
96 29 
110 63 
36 104 
23 55 
10 73 
4 14 
1 8 
31 47 
114 106 
36 111 
42 56 
34 116 
91 87 
80 110 
49 69 
36 108 
94 92 
25 89 
100 104 
94 37 
91 51 
49 105 
90 59 
111 100 
50 72 
51 56 
16 44 
81 23 
61 87 
110 19 
24 12 
108 85 
77 80 
48 82 
30 75 
116 17 
84 49 
99 104 
87 71 
47 42 
99 58 
100 45 
70 52 
45 34 
96 115 
80 23 
111 6 
110 62 
38 45 
70 17 
53 58 
85 50 
104 52 
42 76 
51 92 
78 12 
69 37 
109 16 
78 90 
94 45 
37 45 
48 29 
10 54 
33 45 
103 92 
64 75 
31 90 
16 24 
78 28 
34 60 
4 80 
26 51 
1 41 
93 13 
13 58 
91 18 
50 18 
109 89 
40 33 
85 39 
46 111 
63 91 
45 103 
108 93 
72 20 
55 76 
84 87 
16 87 
73 81 
87 3 
28 25 
28 16 
87 49 
43 11 
72 29 
79 8 
88 96 
59 76 
76 37 
107 61 
59 40 
80 64 
77 26 
44 74 
32 108 
12 55 
105 35 
100 69 
102 74 
83 78 
58 102 
59 116 
13 104 
104 26 
92 58 
36 49 
67 28 
6 95 
51 10 
4 39 
31 18 
71 78 
9 20 
52 19 
90 94 
7 22 
51 70 
48 36 
71 59 
66 28 
111 103 
77 93 
51 23 
13 63 
71 97 
81 90 
53 95 
77 23 
108 96 
21 7 
82 4 
71 98 
65 37 
61 25 
87 59 
32 41 
69 4 
12 108 
46 53 
111 106 
64 1 
31 95 
100 77 
65 92 
88 56 
14 9 
6 62 
55 97 
78 38 
30 5 
60 62 
98 23 
71 99 
27 78 
38 39 
58 27 
63 79 
33 38 
102 59 
79 90 
51 95 
104 53 
50 57 
31 37 
32 92 
22 4 
65 83 
60 61 
68 105 
23 1 
109 63 
7 114 
108 63 
18 100 
102 27 
81 15 
5 99 
2 90 
92 22 
105 80 
99 77 
46 41 
39 46 
81 13 
53 39 
26 109 
108 72 
75 74 
114 34 
87 60 
41 69 
58 108 
107 50 
77 50 
111 25 
6 7 
106 102 
31 92 
92 101 
22 105 
99 100 
53 8 
34 38 
23 14 
7 47 
55 114 
78 105 
50 2 
88 42 
33 100 
13 49 
84 114 
29 34 
90 101 
115 41 
68 72 
105 39 
29 97 
107 70 
48 97 
76 47 
83 114 
68 94 
20 113 
92 3 
53 28 
69 32 
75 48 
82 13 
48 62 
44 75 
12 113 
42 89 
27 95 
13 90 
19 73 
21 23 
12 109 
4 1 
10 26 
71 93 
24 105 
64 4 
33 3 
86 69 
54 87 
93 19 
43 98 
97 5 
81 89 
23 5 
14 38 
42 81 
57 6 
69 31 
31 79 
89 38 
42 84 
11 30 
92 59 
22 87 
3 16 
56 32 
67 17 
38 90 
36 33 
48 99 
85 83 
75 106 
113 48 
67 31 
84 61 
103 7 
73 47 
82 15 
108 90 
3 13 
14 57 
89 35 
111 8 
92 27 
59 3 
69 73 
82 3 
94 47 
99 27 
77 27 
1 34 
33 50 
50 103 
6 39 
24 76 
89 93 
87 64 
83 71 
96 85 
111 110 
6 19 
97 91 
112 1 
49 14 
96 102 
78 57 
110 67 
106 60 
27 22 
13 64 
35 71 
40 87 
37 55 
48 85 
75 39 
49 71 
85 20 
108 101 
9 5 
20 8 
7 42 
82 92 
49 26 
113 101 
107 90 
68 74 
70 96 
25 22 
63 43 
4 27 
102 31 
10 79 
26 6 
48 30 
60 91 
38 65 
44 14 
65 66 
65 81 
107 43 
23 20 
3 18 
116 5 
63 66 
4 74 
4 15 
44 46 
72 112 
105 20 
8 90 
64 28 
47 33 
76 38 
76 65 
86 6 
10 104 
111 77 
106 23 
40 29 
95 48 
46 75 
97 57 
63 77 
66 82 
91 92 
28 111 
14 92 
58 116 
67 100 
5 53 
37 111 
74 100 
114 102 
7 84 
51 33 
106 6 
38 57 
65 95 
27 86 
11 51 
84 37 
43 66 
38 6 
15 38 
31 39 
110 107 
44 12 
99 19 
77 6 
106 20 
114 86 
91 81 
64 78 
116 110 
95 11 
110 14 
14 93 
101 3 
95 21 
65 48 
12 74 
44 15 
100 23 
109 88 
28 38 
84 55 
81 61 
2 40 
111 54 
85 69 
54 98 
65 54 
74 88 
63 23 
25 10 
45 50 
29 53 
3 31 
38 73 
101 76 
35 19 
97 46 
21 13 
91 31 
15 78 
35 40 
21 36 
105 3 
11 29 
102 97 
91 21 
14 65 
101 29 
93 82 
103 29 
91 28 
100 28 
26 93 
68 42 
91 19 
56 30 
38 25 
44 45 
82 98 
25 17 
38 13 
53 36 
98 109 
26 39 
103 2 
17 11 
21 59 
16 32 
45 11 
67 60 
72 27 
112 16 
7 73 
12 68 
5 114 
1 97 
115 37 
16 86 
33 109 
22 17 
75 47 
5 95 
64 91 
108 104 
102 53 
88 23 
97 50 
31 112 
70 91 
33 29 
99 110 
6 25 
45 27 
73 41 
25 23 
13 8 
81 34 
79 75 
49 44 
44 17 
115 63 
52 110 
49 47 
10 88 
83 62 
49 113 
52 100 
49 90 
37 56 
81 33 
49 5 
28 96 
2 69 
56 83 
86 18 
55 116 
7 113 
47 10 
110 90 
2 74 
114 103 
114 54 
88 5 
76 82 
18 54 
46 26 
116 83 
78 59 
80 75 
107 2 
28 113 
71 32 
4 36 
5 113 
70 68 
28 75 
53 115 
37 4 
80 115 
66 98 
13 62 
44 71 
11 5 
5 7 
40 111 
107 114 
82 11 
115 66 
106 107 
7 35 
10 3 
78 109 
40 27 
65 19 
74 1 
16 11 
56 106 
79 52 
16 114 
81 67 
75 50 
7 97 
102 17 
10 37 
97 69 
39 67 
3 94 
49 58 
57 107 
24 70 
28 108 
87 79 
112 6 
91 105 
18 59 
113 2 
70 86 
63 51 
47 2 
101 104 
62 56 
15 40 
91 112 
65 28 
23 82 
116 28 
7 86 
57 22 
70 76 
113 52 
88 16 
98 61 
41 68 
11 50 
35 76 
101 50 
37 27 
22 73 
21 83 
19 115 
33 7 
73 32 
27 57 
88 36 
40 101 
71 113 
6 73 
43 5 
114 61 
71 105 
81 60 
72 79 
24 49 
18 27 
19 90 
74 94 
22 15 
43 47 
87 12 
104 116 
50 116 
35 86 
7 111 
80 106 
21 101 
6 12 
76 78 
46 33 
91 73 
67 56 
36 70 
53 67 
48 71 
65 70 
26 81 
45 13 
110 93 
62 111 
4 32 
22 108 
55 82 
31 97 
111 79 
69 24 
107 113 
46 29 
30 87 
48 110 
97 3 
89 96 
73 114 
39 72 
3 38 
104 56 
76 115 
14 13 
67 71 
93 92 
30 107 
12 97 
33 54 
2 48 
5 21 
53 99 
89 85 
34 51 
68 61 
27 11 
95 46 
49 7 
44 81 
2 13 
22 37 
100 83 
24 25 
102 24 
29 91 
97 11 
83 4 
53 25 
103 76 
99 20 
75 97 
75 85 
50 27 
22 10 
47 72 
81 79 
110 58 
3 66 
88 102 
81 31 
110 28 
14 34 
47 83 
70 83 
89 68 
61 93 
107 33 
40 13 
53 22 
17 47 
69 95 
43 50 
98 8 
88 38 
54 105 
52 37 
25 99 
38 46 
7 63 
113 62 
108 14 
79 13 
91 108 
110 13 
100 116 
111 3 
107 20 
36 10 
65 113 
32 44 
43 3 
58 89 
34 47 
111 17 
48 15 
17 84 
22 45 
17 81 
64 6 
2 38 
23 85 
115 107 
112 101 
94 88 
74 113 
108 29 
69 12 
91 9 
112 44 
68 31 
74 9 
71 40 
60 49 
14 107 
34 72 
51 111 
41 33 
34 23 
55 93 
29 10 
89 5 
97 89 
100 89 
31 26 
12 92 
113 23 
105 6 
59 7 
94 107 
30 59 
44 27 
18 30 
34 90 
14 98 
94 71 
42 24 
104 62 
66 37 
31 21 
21 25 
92 84 
97 104 
77 62 
112 27 
46 22 
89 59 
51 41 
53 7 
111 41 
59 79 
99 42 
69 50 
102 87 
44 2 
7 61 
100 1 
56 96 
8 35 
72 53 
109 104 
43 62 
26 74 
116 33 
104 47 
43 1 
114 67 
8 85 
84 40 
92 49 
61 20 
70 15 
103 46 
86 9 
69 54 
97 80 
112 102 
6 42 
53 19 
90 37 
3 70 
46 102 
18 16 
75 31 
50 20 
18 83 
11 79 
76 45 
79 33 
110 33 
83 49 
7 50 
63 95 
22 29 
89 77 
63 112 
18 61 
45 107 
17 101 
48 109 
15 106 
49 67 
68 99 
58 43 
79 5 
37 42 
36 52 
6 69 
103 62 
108 60 
48 90 
84 25 
103 87 
77 95 
98 116 
13 7 
63 102 
26 37 
18 88 
6 94 
37 83 
73 93 
108 77 
25 31 
10 105 
114 18 
15 33 
67 88 
91 75 
48 69 
101 83 
47 51 
62 66 
84 111 
50 41 
1 3 
59 66 
27 111 
28 94 
3 44 
62 64 
51 67 
79 19 
69 11 
105 29 
97 35 
97 39 
36 78 
111 31 
108 21 
45 69 
10 2 
5 60 
105 114 
30 7 
29 30 
73 36 
56 80 
86 57 
67 92 
8 112 
63 10 
94 56 
31 65 
37 104 
21 19 
92 86 
54 67 
28 80 
7 34 
107 100 
23 116 
31 82 
28 86 
73 44 
64 96 
114 75 
81 88 
12 62 
65 35 
8 29 
78 43 
73 80 
75 96 
23 86 
82 84 
33 43 
41 2 
75 27 
51 54 
64 16 
34 40 
35 93 
58 1 
89 108 
4 62 
83 61 
108 30 
61 89 
25 15 
115 20 
2 102 
22 59 
91 65 
107 32 
60 21 
65 87 
93 5 
34 108 
107 21 
73 46 
96 74 
81 6 
3 55 
31 76 
46 78 
49 6 
99 47 
79 4 
34 70 
17 79 
8 115 
85 46 
111 1 
99 24 
25 88 
37 92 
90 86 
60 28 
116 16 
51 35 
54 112 
72 36 
80 29 
66 89 
9 114 
59 106 
73 30 
40 79 
39 88 
93 36 
60 88 
94 4 
17 96 
40 91 
70 98 
56 38 
52 29 
31 114 
60 97 
61 5 
1 96 
100 61 
59 98 
50 32 
97 58 
27 26 
62 21 
3 88 
69 65 
62 82 
67 12 
35 94 
15 5 
46 8 
66 13 
22 78 
14 106 
33 12 
77 43 
114 111 
29 43 
32 49 
88 100 
114 63 
13 77 
16 8 
32 2 
11 56 
41 15 
98 92 
94 11 
79 82 
79 89 
98 114 
97 47 
58 80 
19 28 
32 75 
93 99 
67 111 
20 43 
28 99 
74 18 
63 89 
114 46 
7 18 
50 68 
45 84 
41 6 
42 97 
105 107 
14 102 
3 5 
2 56 
90 11 
45 115 
2 93 
76 73 
9 17 
94 77 
40 88 
63 20 
31 73 
24 28 
62 89 
111 20 
13 76 
25 73 
83 50 
53 40 
39 58 
42 108 
7 90 
81 114 
9 53 
22 5 
85 107 
44 101 
17 13 
12 100 
7 43 
56 97 
54 11 
55 102 
90 9 
39 42 
39 18 
77 8 
67 101 
28 30 
108 67 
11 12 
22 42 
29 41 
66 58 
114 50 
84 91 
110 81 
8 93 
53 74 
19 7 
114 56 
37 95 
83 99 
10 4 
10 83 
15 9 
104 51 
80 66 
91 1 
7 79 
17 99 
73 64 
36 16 
45 104 
94 34 
78 45 
68 86 
36 71 
57 76 
3 84 
48 101 
74 106 
28 88 
2 33 
28 21 
24 6 
48 72 
4 30 
9 54 
47 70 
8 75 
33 72 
75 65 
1 70 
21 80 
11 99 
82 18 
116 69 
87 94 
36 22 
113 87 
54 42 
62 34 
2 79 
87 26 
2 85 
116 112 
15 64 
26 71 
73 77 
115 11 
38 116 
100 87 
69 101 
23 90 
91 107 
17 113 
39 43 
83 40 
10 58 
72 115 
105 95 
102 23 
58 4 
49 94 
98 90 
27 23 
88 9 
28 93 
44 111 
49 101 
36 13 
23 6 
89 48 
64 112 
27 81 
65 25 
71 43 
53 78 
86 34 
53 108 
18 29 
43 114 
87 82 
67 107 
52 35 
82 34 
91 20 
74 31 
68 104 
52 65 
72 113 
107 42 
21 61 
37 101 
63 35 
54 75 
44 94 
22 72 
60 112 
78 96 
112 86 
68 32 
113 110 
1 113 
92 71 
19 61 
102 45 
6 48 
38 59 
69 104 
52 80 
108 112 
16 107 
73 85 
5 106 
33 91 
59 37 
86 111 
109 43 
115 69 
72 83 
40 99 
107 52 
64 115 
47 37 
43 105 
22 26 
31 72 
57 87 
73 97 
76 56 
34 65 
90 106 
10 13 
98 5 
72 49 
37 97 
12 70 
49 51 
28 7 
61 90 
102 38 
105 18 
103 83 
71 5 
15 86 
65 79 
60 98 
53 4 
2 77 
100 84 
18 1 
57 115 
20 41 
112 34 
77 58 
61 103 
48 21 
21 96 
61 43 
67 65 
89 105 
42 61 
21 98 
52 105 
110 29 
