131 3290 
65 86 92 173 86 219 83 251 189 30 263 246 2 116 262 290 73 228 267 266 101 193 241 180 149 105 66 38 275 54 80 153 150 241 189 286 91 152 202 258 231 128 26 34 67 205 156 46 280 137 201 8 260 170 155 266 33 48 69 198 205 90 260 12 45 283 298 124 202 86 106 285 127 191 208 170 15 285 70 27 66 123 126 265 9 56 92 214 62 285 292 144 148 168 220 242 51 59 179 202 104 223 134 52 268 27 72 238 61 187 166 177 30 280 273 44 282 34 199 272 285 58 182 219 233 219 213 21 291 153 174 
27 60 
115 93 
59 44 
103 75 
117 109 
42 17 
115 13 
5 81 
2 103 
28 33 
110 46 
112 87 
47 38 
76 37 
122 44 
101 87 
40 63 
71 117 
78 45 
1 85 
57 18 
119 129 
52 1 
30 107 
23 78 
12 129 
24 119 
67 129 
47 116 
28 14 
11 39 
79 85 
120 97 
59 124 
17 56 
33 47 
82 56 
41 76 
81 35 
93 69 
33 20 
126 128 
2 95 
49 57 
20 18 
25 122 
25 35 
4 25 
18 109 
20 55 
113 121 
84 49 
58 79 
57 32 
86 58 
49 88 
120 121 
92 79 
68 41 
52 96 
55 37 
48 126 
2 4 
101 3 
56 1 
73 83 
12 35 
74 94 
23 64 
41 5 
19 89 
54 123 
42 62 
83 66 
27 127 
49 97 
112 105 
17 50 
124 63 
71 53 
117 49 
72 117 
77 10 
110 91 
82 10 
25 39 
88 7 
84 100 
41 75 
55 102 
55 87 
83 5 
77 39 
25 63 
91 18 
54 23 
18 4 
70 130 
13 53 
119 73 
110 6 
96 131 
113 93 
111 97 
5 126 
112 92 
130 60 
72 14 
23 66 
112 27 
10 122 
15 20 
71 89 
5 74 
41 70 
29 6 
123 4 
50 61 
130 83 
116 3 
66 33 
20 81 
22 88 
38 16 
27 44 
103 56 
90 14 
126 82 
74 3 
89 73 
74 101 
98 88 
105 24 
78 107 
5 30 
118 37 
29 95 
70 5 
108 111 
12 105 
12 59 
53 15 
31 57 
127 78 
63 61 
53 93 
120 11 
117 85 
95 65 
2 128 
100 101 
98 55 
117 75 
84 87 
60 106 
60 33 
49 123 
9 50 
10 84 
4 58 
78 124 
65 126 
62 91 
76 116 
7 57 
77 37 
84 27 
77 103 
104 49 
73 72 
113 53 
82 78 
8 95 
108 46 
37 127 
55 69 
118 107 
30 38 
93 25 
74 47 
6 107 
118 114 
105 77 
13 60 
109 127 
107 101 
123 128 
60 41 
113 88 
15 35 
6 40 
40 106 
114 42 
57 77 
100 93 
51 40 
96 95 
41 85 
112 119 
14 55 
15 40 
73 27 
91 49 
112 9 
104 75 
27 70 
69 117 
9 57 
106 81 
87 25 
41 121 
102 108 
74 55 
2 113 
113 102 
18 82 
73 41 
89 69 
26 13 
72 5 
50 56 
61 37 
20 47 
45 37 
86 82 
126 122 
5 29 
79 62 
31 79 
37 86 
92 34 
123 70 
45 85 
75 50 
25 56 
69 50 
17 46 
46 107 
31 33 
45 89 
13 103 
75 63 
99 56 
85 60 
98 11 
106 54 
26 117 
5 98 
123 31 
45 23 
38 122 
25 70 
65 55 
53 46 
21 90 
65 54 
10 100 
62 102 
63 107 
86 65 
89 16 
59 77 
66 1 
25 29 
18 87 
83 20 
7 128 
58 11 
129 91 
15 21 
47 34 
95 77 
107 81 
121 118 
12 123 
36 92 
113 90 
65 83 
48 100 
35 87 
82 66 
88 52 
115 51 
33 119 
52 35 
62 77 
113 66 
47 21 
18 16 
112 123 
129 116 
70 35 
47 69 
88 93 
29 26 
120 7 
94 109 
57 101 
26 31 
126 116 
18 43 
116 53 
34 91 
109 50 
118 100 
13 94 
110 97 
78 35 
43 14 
87 68 
51 63 
64 32 
15 113 
91 53 
92 29 
91 43 
53 83 
112 71 
116 73 
32 18 
96 23 
38 23 
85 31 
36 118 
64 125 
9 129 
49 47 
38 87 
52 50 
92 77 
90 80 
111 45 
4 122 
4 97 
89 95 
13 75 
29 121 
7 23 
117 9 
56 31 
9 36 
76 119 
73 38 
39 24 
63 5 
11 121 
93 24 
105 4 
1 41 
62 63 
64 46 
19 30 
61 22 
130 84 
44 92 
114 101 
122 24 
32 11 
8 96 
54 33 
3 130 
106 92 
61 52 
107 10 
76 65 
108 74 
46 126 
58 17 
82 60 
31 62 
59 23 
89 128 
57 1 
23 98 
75 129 
59 88 
36 71 
58 82 
4 67 
40 86 
75 106 
46 115 
21 106 
11 73 
27 65 
72 104 
54 80 
41 129 
31 45 
77 76 
120 89 
9 41 
90 81 
98 73 
56 73 
23 22 
125 106 
99 41 
98 123 
118 87 
117 131 
31 82 
42 78 
99 5 
35 8 
44 69 
119 131 
107 131 
57 41 
49 17 
119 58 
25 111 
50 114 
58 109 
77 17 
59 40 
75 16 
33 106 
71 110 
64 112 
112 101 
7 10 
85 63 
101 65 
75 56 
51 105 
63 92 
112 130 
111 15 
111 23 
34 55 
53 117 
90 44 
13 90 
28 70 
63 9 
84 44 
83 68 
23 117 
15 62 
38 126 
104 8 
127 61 
64 86 
121 9 
67 54 
105 75 
33 85 
34 83 
1 43 
7 41 
48 112 
130 41 
99 4 
30 126 
96 93 
2 14 
87 71 
86 108 
23 58 
52 72 
102 79 
57 5 
65 117 
3 59 
69 116 
49 119 
90 64 
5 86 
99 49 
66 97 
10 64 
127 12 
120 101 
80 121 
3 115 
106 27 
102 124 
85 122 
66 41 
1 10 
28 3 
34 77 
113 54 
114 49 
93 35 
46 78 
27 64 
114 9 
39 52 
16 130 
41 110 
81 118 
1 106 
11 56 
65 91 
69 130 
40 82 
118 27 
88 57 
15 109 
131 65 
76 115 
119 41 
83 98 
127 87 
78 29 
6 48 
7 62 
72 120 
60 84 
51 59 
10 60 
7 125 
123 75 
120 122 
99 17 
1 49 
38 28 
51 101 
103 44 
67 79 
94 66 
71 69 
52 11 
108 114 
114 83 
33 5 
110 114 
120 98 
12 2 
75 102 
2 63 
111 81 
52 124 
85 56 
9 80 
21 20 
49 20 
70 42 
23 55 
55 111 
115 44 
123 57 
106 101 
60 65 
98 81 
112 26 
22 26 
116 82 
43 35 
16 44 
13 5 
126 8 
84 69 
56 57 
2 67 
121 49 
59 119 
57 52 
69 67 
71 94 
45 61 
105 93 
16 79 
89 87 
124 89 
110 130 
83 110 
82 99 
128 41 
22 42 
8 123 
64 18 
114 19 
16 51 
63 118 
57 20 
83 90 
64 26 
65 78 
27 32 
111 99 
72 2 
101 53 
30 2 
1 104 
90 74 
61 119 
37 113 
62 43 
47 71 
13 36 
48 52 
50 105 
56 110 
66 117 
74 57 
111 10 
25 28 
73 6 
123 26 
59 118 
19 9 
86 62 
15 93 
31 80 
30 117 
66 64 
57 21 
123 36 
28 79 
115 2 
69 95 
23 32 
33 17 
48 43 
41 62 
33 86 
49 85 
102 7 
100 73 
114 39 
112 104 
12 107 
23 12 
17 30 
121 56 
101 49 
8 49 
11 101 
68 57 
9 93 
126 50 
5 88 
79 9 
74 41 
40 93 
2 11 
131 85 
48 4 
34 86 
36 35 
29 8 
24 131 
80 130 
108 66 
91 45 
11 69 
100 83 
40 125 
26 9 
7 47 
33 36 
35 83 
131 87 
116 21 
115 72 
104 98 
19 94 
44 46 
112 118 
101 89 
69 40 
96 47 
71 57 
102 71 
116 83 
39 69 
17 97 
127 70 
110 68 
128 114 
113 75 
100 25 
97 48 
57 84 
98 44 
5 95 
121 105 
98 27 
69 12 
51 20 
13 7 
68 38 
15 83 
53 52 
22 64 
31 106 
12 90 
121 5 
4 93 
60 52 
110 19 
59 65 
107 128 
72 51 
52 104 
91 80 
26 70 
129 15 
67 1 
16 109 
103 83 
44 20 
64 84 
81 19 
1 36 
86 113 
56 120 
72 19 
39 56 
100 50 
51 85 
17 47 
122 72 
30 58 
108 67 
88 80 
86 116 
110 63 
61 67 
121 126 
6 46 
103 39 
103 20 
37 121 
119 98 
109 45 
38 97 
17 5 
77 85 
119 83 
115 16 
70 129 
98 131 
77 48 
68 120 
99 57 
12 14 
92 97 
34 17 
16 100 
11 70 
49 66 
72 6 
51 42 
93 77 
27 20 
104 76 
44 120 
3 52 
123 104 
23 16 
117 93 
127 107 
68 49 
78 48 
13 42 
32 122 
66 127 
111 129 
73 10 
8 107 
121 84 
125 23 
120 38 
86 28 
112 17 
124 90 
39 10 
71 27 
99 55 
120 124 
91 86 
2 112 
7 51 
58 59 
89 33 
115 1 
103 124 
82 14 
24 120 
18 78 
127 8 
83 95 
73 35 
47 58 
82 119 
39 54 
76 29 
110 94 
130 44 
57 23 
72 105 
128 101 
37 131 
32 131 
10 68 
2 34 
17 10 
34 120 
94 101 
7 20 
1 63 
100 80 
114 131 
49 32 
24 34 
105 26 
123 33 
121 92 
59 92 
129 106 
1 53 
9 16 
7 86 
90 73 
97 77 
40 88 
63 117 
23 90 
12 92 
45 75 
79 69 
69 61 
69 32 
99 9 
16 83 
130 20 
58 7 
51 62 
67 78 
22 98 
107 56 
122 87 
100 108 
124 60 
52 81 
50 47 
123 39 
37 34 
100 1 
122 102 
112 29 
120 46 
127 57 
52 108 
76 95 
22 60 
86 39 
131 86 
118 33 
46 103 
89 55 
43 15 
95 104 
20 75 
118 111 
27 120 
36 28 
22 43 
32 28 
49 24 
64 131 
46 37 
125 121 
35 5 
47 85 
80 117 
117 59 
98 18 
74 33 
35 17 
48 94 
24 125 
113 43 
21 75 
104 43 
109 120 
114 41 
105 109 
27 63 
2 52 
63 113 
102 19 
19 113 
89 131 
55 22 
88 117 
20 40 
110 51 
18 53 
84 95 
62 115 
2 86 
28 76 
13 9 
67 87 
129 50 
23 10 
19 56 
91 48 
17 131 
90 5 
41 59 
111 90 
18 12 
40 111 
40 35 
108 72 
75 59 
100 126 
60 8 
61 90 
50 19 
51 120 
42 97 
22 41 
75 30 
21 13 
61 87 
113 112 
54 27 
8 130 
87 1 
7 119 
23 103 
87 42 
82 32 
108 99 
99 36 
122 124 
80 74 
40 130 
52 27 
67 28 
33 32 
96 118 
10 89 
87 106 
70 57 
37 60 
51 33 
94 53 
10 104 
90 128 
54 50 
31 101 
83 29 
43 23 
50 48 
27 22 
57 119 
109 46 
85 95 
3 117 
16 24 
15 130 
75 40 
115 45 
20 84 
127 108 
33 14 
111 56 
3 111 
9 3 
73 46 
37 3 
118 48 
53 19 
104 110 
90 33 
102 68 
7 60 
15 56 
80 43 
40 98 
91 122 
100 77 
14 13 
89 52 
1 3 
50 36 
98 67 
41 103 
12 82 
129 98 
63 26 
97 86 
75 68 
97 61 
92 7 
68 76 
13 43 
31 16 
119 106 
108 62 
22 111 
8 63 
73 124 
128 71 
109 38 
41 54 
28 60 
23 34 
119 50 
40 113 
99 7 
35 7 
76 90 
68 47 
106 57 
96 16 
14 101 
67 25 
53 32 
125 9 
28 112 
40 50 
48 3 
127 29 
27 38 
54 129 
129 31 
9 73 
19 57 
115 47 
15 87 
63 15 
131 10 
75 8 
23 85 
119 80 
45 36 
128 43 
82 122 
82 22 
130 64 
6 67 
51 104 
65 26 
111 96 
47 18 
69 2 
45 50 
91 15 
57 86 
86 95 
17 71 
130 88 
106 114 
110 70 
17 65 
27 28 
115 19 
26 68 
48 41 
113 13 
95 17 
122 63 
4 54 
94 85 
114 65 
40 127 
5 27 
28 114 
71 72 
6 129 
82 113 
120 20 
86 3 
110 17 
100 86 
56 100 
7 78 
6 2 
79 122 
4 35 
97 68 
100 5 
68 58 
13 54 
51 69 
61 14 
61 106 
15 55 
78 105 
11 66 
80 92 
58 87 
12 77 
99 6 
123 91 
94 7 
13 95 
69 78 
58 46 
108 18 
93 33 
4 23 
46 40 
6 5 
55 130 
73 37 
32 109 
117 58 
59 48 
78 66 
26 42 
38 61 
115 108 
21 76 
105 33 
86 48 
130 107 
6 53 
8 83 
112 20 
67 63 
27 105 
123 2 
72 20 
105 94 
61 36 
75 58 
30 104 
3 113 
79 125 
78 108 
25 91 
73 60 
57 79 
39 16 
55 72 
73 31 
87 82 
16 59 
18 58 
81 50 
102 110 
44 83 
115 117 
126 129 
30 59 
52 13 
103 12 
6 31 
12 29 
7 43 
122 130 
8 86 
95 114 
34 48 
89 84 
63 45 
110 15 
33 110 
22 93 
31 68 
80 107 
39 20 
66 10 
24 74 
42 71 
46 92 
37 107 
79 21 
25 21 
112 43 
129 80 
45 98 
93 129 
123 34 
75 79 
129 121 
21 111 
11 60 
102 107 
49 120 
125 108 
105 80 
45 104 
130 126 
112 68 
90 106 
114 3 
96 121 
89 6 
34 25 
14 130 
131 118 
90 129 
20 11 
83 97 
27 99 
54 11 
93 78 
19 21 
4 61 
41 112 
112 128 
19 44 
48 114 
16 61 
97 118 
87 33 
21 125 
21 131 
121 40 
14 104 
131 58 
125 37 
47 110 
76 113 
31 96 
10 37 
72 123 
95 122 
30 47 
67 31 
51 65 
99 126 
22 8 
90 69 
65 113 
114 30 
124 105 
29 120 
93 94 
37 8 
27 123 
25 17 
109 49 
123 121 
125 122 
79 33 
130 7 
87 17 
100 92 
114 51 
131 80 
130 78 
81 78 
59 22 
55 53 
124 74 
28 58 
93 76 
52 116 
45 94 
69 54 
69 92 
113 1 
68 43 
115 29 
1 80 
57 50 
62 56 
37 28 
91 106 
18 104 
120 41 
3 2 
24 88 
115 90 
98 12 
15 128 
100 91 
89 122 
115 61 
97 106 
105 118 
1 94 
38 123 
123 99 
116 25 
111 20 
84 104 
87 128 
90 82 
94 61 
71 95 
115 63 
99 15 
49 36 
32 6 
108 77 
21 31 
93 49 
108 57 
6 65 
126 117 
10 108 
91 85 
108 20 
102 32 
39 30 
87 109 
101 29 
117 99 
39 41 
81 24 
103 110 
90 102 
56 74 
8 50 
59 17 
6 112 
20 69 
98 29 
32 81 
6 116 
34 97 
52 5 
118 117 
65 102 
99 84 
76 80 
47 91 
21 7 
40 62 
127 82 
5 18 
11 29 
6 127 
26 55 
67 55 
79 95 
28 1 
32 38 
64 3 
69 88 
72 69 
127 19 
94 55 
112 91 
7 46 
125 131 
76 88 
45 48 
55 49 
65 118 
70 107 
37 18 
27 121 
121 86 
64 29 
123 122 
38 6 
30 100 
26 72 
76 61 
42 7 
48 69 
55 51 
121 7 
90 9 
75 48 
71 41 
18 15 
18 131 
80 77 
14 113 
127 32 
14 36 
113 60 
68 61 
16 103 
86 23 
88 32 
88 61 
123 71 
109 114 
5 128 
26 94 
52 8 
54 86 
43 99 
127 25 
61 77 
19 49 
104 91 
40 9 
15 97 
123 103 
108 24 
118 47 
16 81 
110 32 
15 131 
23 106 
53 124 
33 117 
109 95 
31 89 
106 122 
56 68 
63 42 
129 8 
61 114 
110 13 
89 117 
121 67 
60 34 
2 24 
89 18 
110 112 
60 1 
129 131 
14 91 
43 89 
114 17 
8 18 
23 39 
9 28 
81 124 
102 52 
65 34 
126 20 
5 61 
68 103 
57 61 
82 34 
119 13 
35 60 
99 45 
122 60 
3 129 
116 125 
48 124 
80 82 
24 111 
110 58 
26 17 
81 91 
33 49 
40 131 
76 79 
100 29 
114 73 
97 57 
8 106 
126 54 
65 28 
75 94 
77 31 
106 96 
109 96 
126 85 
75 84 
50 27 
79 71 
17 40 
114 78 
92 113 
28 47 
51 124 
60 36 
45 52 
71 6 
29 116 
110 27 
96 56 
10 94 
18 39 
38 108 
89 61 
113 50 
42 91 
48 109 
126 53 
98 9 
78 91 
85 57 
125 48 
20 96 
129 38 
81 59 
94 125 
119 19 
36 4 
11 55 
36 78 
103 71 
18 52 
8 87 
90 18 
22 116 
93 107 
51 66 
53 67 
3 106 
99 77 
30 121 
4 7 
20 52 
125 12 
100 76 
73 86 
33 68 
66 31 
11 100 
28 12 
61 65 
12 109 
93 46 
74 113 
37 32 
98 109 
29 118 
28 49 
101 90 
24 64 
44 8 
51 25 
127 53 
103 40 
59 80 
19 87 
52 100 
97 80 
99 125 
46 91 
23 28 
72 126 
8 92 
121 103 
15 50 
17 89 
16 78 
49 89 
63 60 
111 59 
98 107 
101 10 
72 54 
62 4 
89 48 
49 127 
67 44 
113 42 
33 124 
14 105 
76 63 
25 47 
13 70 
24 96 
130 129 
27 19 
97 89 
126 42 
86 66 
5 73 
33 81 
66 68 
54 97 
110 22 
59 67 
118 26 
66 67 
17 6 
50 10 
6 51 
61 31 
30 115 
61 6 
108 69 
95 105 
75 80 
23 24 
72 13 
18 121 
125 8 
9 33 
125 16 
48 17 
98 100 
112 34 
85 8 
18 62 
62 29 
126 40 
100 45 
109 118 
78 9 
63 22 
52 106 
77 70 
100 49 
75 15 
118 41 
20 63 
28 78 
2 22 
9 17 
109 69 
57 13 
87 100 
8 33 
58 85 
57 100 
96 114 
93 83 
56 30 
94 82 
65 89 
107 64 
84 112 
99 48 
89 15 
16 110 
108 37 
31 64 
41 64 
16 12 
4 22 
41 6 
44 109 
58 39 
112 19 
111 88 
21 37 
92 27 
63 87 
113 107 
116 45 
112 62 
17 127 
103 10 
70 88 
103 93 
90 35 
123 19 
121 89 
115 21 
101 71 
88 129 
69 77 
82 46 
88 28 
105 41 
21 119 
71 92 
92 24 
86 35 
100 122 
94 2 
32 113 
32 60 
6 16 
125 55 
71 96 
61 49 
17 113 
94 40 
127 16 
22 1 
14 94 
53 4 
12 65 
97 126 
38 116 
1 48 
113 59 
45 9 
29 54 
10 25 
21 109 
7 101 
121 8 
57 95 
17 60 
118 71 
60 121 
115 127 
61 121 
75 91 
131 70 
78 97 
19 104 
118 75 
3 40 
59 130 
111 115 
14 35 
25 128 
20 123 
20 58 
87 98 
53 130 
14 121 
3 77 
19 51 
28 85 
122 57 
113 52 
35 23 
107 41 
32 30 
91 67 
104 32 
86 49 
47 93 
10 110 
11 128 
34 27 
102 1 
20 86 
88 4 
85 87 
69 52 
31 23 
106 39 
63 66 
23 3 
13 59 
125 80 
21 98 
92 72 
63 53 
28 30 
63 56 
56 113 
27 62 
122 74 
27 87 
30 105 
119 111 
33 94 
121 6 
8 31 
11 117 
130 85 
6 90 
35 115 
81 68 
28 96 
55 85 
75 110 
26 80 
125 13 
81 34 
43 84 
51 30 
116 55 
32 106 
16 49 
108 103 
129 66 
24 114 
104 60 
30 123 
48 19 
100 4 
111 100 
27 57 
108 1 
72 97 
98 74 
101 111 
33 91 
130 128 
2 33 
10 87 
95 120 
115 109 
117 43 
25 60 
130 56 
83 109 
43 110 
99 103 
22 99 
119 69 
5 64 
123 109 
20 61 
58 27 
100 23 
64 121 
33 35 
2 79 
22 104 
43 129 
71 93 
108 65 
56 42 
103 25 
113 106 
52 68 
120 55 
123 124 
104 56 
103 35 
131 36 
101 27 
109 47 
95 43 
54 74 
111 18 
130 124 
24 25 
32 129 
107 16 
26 91 
29 13 
59 35 
43 100 
120 23 
48 115 
32 45 
32 74 
59 85 
41 100 
129 45 
116 57 
56 76 
123 119 
38 34 
8 58 
24 61 
74 79 
125 85 
69 56 
127 99 
89 118 
79 114 
93 86 
125 57 
70 43 
53 92 
23 71 
38 106 
31 111 
43 16 
112 72 
55 112 
91 38 
90 30 
103 48 
57 103 
58 124 
108 21 
98 110 
54 103 
9 65 
112 99 
36 64 
78 21 
35 49 
26 19 
75 42 
30 67 
18 28 
6 12 
9 128 
68 115 
10 76 
110 69 
109 77 
106 73 
100 63 
10 125 
64 75 
1 5 
5 120 
126 27 
31 109 
25 126 
93 118 
116 127 
100 115 
2 28 
106 93 
20 128 
4 121 
90 104 
125 26 
116 5 
51 113 
92 65 
34 14 
107 60 
101 126 
15 65 
80 12 
82 129 
92 119 
116 95 
19 16 
106 80 
6 122 
84 66 
66 45 
68 122 
9 70 
113 73 
68 119 
34 75 
83 76 
106 83 
25 26 
55 35 
70 23 
26 41 
95 73 
60 74 
111 62 
90 49 
107 27 
26 66 
111 103 
9 67 
103 49 
8 51 
58 93 
73 99 
48 107 
17 105 
42 96 
67 94 
40 29 
96 66 
89 70 
58 34 
93 80 
129 7 
79 101 
114 71 
71 74 
64 95 
38 48 
18 19 
79 8 
34 88 
111 113 
65 31 
75 10 
49 75 
116 28 
116 77 
42 124 
52 86 
97 19 
13 61 
11 43 
71 76 
81 25 
56 112 
47 44 
10 118 
41 79 
45 107 
82 123 
51 80 
35 98 
80 56 
68 30 
115 104 
37 64 
56 95 
22 130 
48 95 
63 57 
43 53 
39 66 
77 119 
104 63 
127 86 
61 21 
115 129 
103 130 
98 2 
51 128 
99 72 
114 68 
11 7 
62 92 
34 128 
35 66 
32 94 
125 89 
36 102 
115 80 
34 4 
98 63 
118 34 
28 29 
38 79 
53 28 
115 20 
4 128 
111 102 
5 46 
55 81 
42 15 
95 102 
120 2 
105 34 
66 87 
91 125 
35 99 
116 40 
58 126 
15 27 
87 11 
71 68 
68 127 
113 28 
49 79 
122 61 
84 96 
82 8 
117 106 
104 21 
110 14 
32 1 
91 105 
79 6 
116 100 
125 111 
23 26 
49 72 
40 79 
60 78 
16 129 
63 114 
29 43 
112 54 
82 11 
122 97 
3 89 
123 108 
16 119 
26 11 
19 37 
11 81 
105 79 
21 58 
125 41 
56 64 
47 83 
19 66 
17 7 
131 54 
116 39 
53 36 
4 75 
80 110 
38 127 
13 32 
22 123 
96 89 
34 96 
20 88 
128 57 
82 36 
65 103 
7 33 
79 130 
22 79 
41 90 
25 121 
49 44 
56 38 
93 34 
105 71 
102 45 
32 99 
86 60 
114 82 
36 129 
114 57 
66 76 
106 9 
50 13 
88 19 
40 101 
52 17 
38 18 
105 53 
62 36 
101 124 
22 25 
3 85 
85 11 
48 83 
118 61 
43 57 
4 118 
78 109 
60 118 
58 64 
69 58 
127 52 
42 48 
61 60 
70 76 
105 31 
93 99 
70 100 
30 10 
15 103 
77 129 
112 39 
54 58 
24 8 
44 73 
55 95 
102 105 
2 119 
45 103 
29 44 
107 3 
34 89 
24 20 
36 116 
28 121 
83 75 
50 84 
1 45 
87 119 
104 85 
99 62 
6 96 
4 33 
41 98 
53 3 
118 103 
28 4 
78 106 
9 32 
47 120 
70 17 
7 85 
126 79 
74 102 
53 5 
1 24 
122 111 
28 69 
50 5 
131 78 
127 85 
82 42 
121 19 
104 81 
62 105 
34 85 
48 40 
116 41 
46 96 
89 8 
67 46 
129 13 
81 70 
9 7 
6 58 
30 21 
48 122 
66 46 
26 119 
128 50 
15 105 
76 118 
53 49 
106 85 
67 11 
38 36 
116 122 
43 37 
93 74 
14 127 
8 113 
111 92 
93 1 
34 30 
75 114 
80 72 
52 9 
94 111 
100 35 
47 57 
130 118 
98 121 
34 35 
114 37 
45 110 
65 121 
41 58 
127 43 
19 86 
110 28 
28 89 
125 110 
23 101 
62 114 
37 57 
119 44 
101 1 
78 70 
59 38 
26 88 
65 99 
108 23 
31 36 
26 90 
28 56 
109 63 
40 2 
7 55 
111 17 
23 74 
97 130 
72 44 
38 78 
103 4 
78 83 
19 78 
11 13 
14 120 
42 88 
12 47 
69 121 
49 10 
124 111 
115 74 
30 106 
88 90 
61 123 
104 66 
50 94 
28 99 
85 27 
66 47 
19 96 
14 107 
62 113 
31 92 
35 82 
128 21 
72 57 
117 24 
105 114 
118 42 
31 127 
18 110 
48 72 
84 98 
76 31 
48 21 
108 112 
58 48 
127 80 
62 22 
124 4 
80 108 
68 54 
51 86 
105 2 
93 119 
78 14 
76 72 
85 5 
95 126 
2 68 
124 24 
76 13 
42 131 
15 100 
101 12 
79 7 
29 65 
9 95 
111 48 
130 33 
88 48 
65 40 
43 93 
76 5 
10 47 
83 125 
61 10 
89 22 
49 94 
42 89 
131 44 
45 124 
98 13 
93 19 
101 109 
60 3 
34 51 
120 26 
71 24 
122 3 
30 22 
87 7 
43 121 
111 110 
16 88 
78 71 
67 50 
48 27 
14 15 
84 8 
104 68 
27 37 
106 16 
5 108 
46 32 
97 69 
72 121 
54 83 
63 106 
103 86 
50 33 
18 99 
15 95 
35 128 
107 75 
38 112 
100 26 
14 124 
5 101 
78 37 
93 44 
52 46 
61 7 
19 40 
39 15 
35 50 
111 34 
75 127 
2 71 
11 72 
122 7 
44 38 
33 43 
42 33 
67 36 
27 90 
5 34 
105 61 
130 66 
45 21 
13 38 
10 85 
26 82 
118 126 
62 10 
76 49 
115 22 
55 70 
35 57 
91 126 
82 38 
74 12 
10 48 
14 19 
1 105 
45 122 
126 96 
94 12 
85 30 
82 63 
51 76 
8 67 
104 54 
12 52 
97 63 
101 103 
115 15 
118 44 
85 108 
27 76 
111 2 
36 103 
68 44 
19 10 
71 80 
51 41 
80 29 
109 19 
130 13 
14 99 
56 81 
91 119 
80 13 
101 33 
54 47 
66 123 
11 41 
87 13 
80 30 
68 77 
55 79 
82 25 
7 115 
65 21 
52 58 
97 115 
88 87 
120 106 
93 63 
35 65 
125 4 
110 25 
115 67 
82 69 
39 90 
6 11 
124 18 
70 59 
21 96 
6 106 
25 18 
92 124 
60 131 
66 107 
121 50 
80 55 
56 92 
48 104 
50 2 
31 49 
98 101 
35 29 
18 92 
12 42 
44 1 
17 38 
18 14 
42 77 
13 85 
27 2 
130 87 
103 59 
16 122 
21 18 
122 117 
44 111 
41 67 
104 102 
66 27 
50 110 
7 108 
41 10 
38 12 
12 20 
129 37 
100 81 
103 5 
117 17 
125 107 
77 66 
26 95 
114 56 
39 60 
105 38 
109 73 
55 108 
123 13 
124 3 
58 111 
42 85 
66 79 
19 100 
10 44 
22 74 
112 102 
87 115 
29 130 
18 66 
8 17 
115 17 
99 21 
78 115 
120 16 
30 96 
86 42 
117 16 
88 86 
53 119 
31 37 
12 17 
93 90 
54 76 
122 62 
81 4 
68 79 
25 78 
120 32 
53 37 
124 80 
45 121 
72 34 
34 121 
32 84 
104 111 
7 34 
77 52 
10 16 
28 42 
64 25 
95 92 
18 61 
61 59 
71 44 
121 13 
5 16 
1 77 
104 126 
15 10 
56 109 
97 40 
51 17 
60 120 
105 84 
50 71 
98 53 
86 81 
29 81 
54 15 
20 48 
76 112 
85 80 
36 11 
20 1 
42 122 
15 119 
53 108 
129 73 
20 89 
47 89 
39 12 
101 56 
82 118 
67 29 
73 81 
124 70 
124 61 
11 125 
128 54 
93 60 
31 40 
106 67 
23 13 
77 19 
110 59 
78 122 
52 82 
52 119 
50 85 
4 43 
83 118 
23 67 
82 23 
84 92 
11 24 
86 56 
24 84 
72 124 
64 87 
23 83 
64 9 
101 113 
77 101 
46 104 
18 94 
107 53 
123 113 
62 44 
15 36 
57 94 
103 114 
88 13 
42 9 
3 45 
79 123 
68 19 
82 61 
9 118 
49 110 
94 6 
45 43 
3 6 
98 30 
131 62 
103 112 
72 114 
79 73 
60 14 
117 34 
62 28 
78 125 
49 106 
19 63 
61 131 
96 82 
100 47 
124 87 
9 131 
6 80 
50 38 
22 38 
96 124 
7 63 
66 105 
120 73 
127 26 
76 75 
7 113 
117 87 
12 108 
48 98 
35 10 
116 11 
56 9 
127 18 
29 104 
12 87 
114 74 
60 38 
94 129 
92 51 
80 36 
126 131 
118 98 
25 124 
65 4 
59 104 
100 123 
111 49 
68 24 
24 29 
112 97 
49 125 
69 18 
129 33 
50 123 
92 125 
18 35 
62 38 
99 88 
53 106 
104 24 
14 76 
119 10 
77 128 
20 60 
24 38 
48 5 
66 54 
80 95 
96 25 
93 16 
97 21 
14 64 
131 90 
88 53 
29 90 
113 45 
56 53 
79 129 
29 89 
103 120 
117 74 
63 80 
38 58 
29 96 
90 40 
6 7 
60 50 
102 80 
80 41 
21 1 
111 68 
30 103 
23 18 
65 11 
108 79 
20 4 
94 97 
63 54 
26 20 
101 104 
38 10 
44 81 
102 29 
7 106 
77 91 
124 91 
48 32 
18 120 
38 42 
79 46 
108 45 
85 113 
4 107 
27 77 
75 73 
46 20 
94 113 
63 23 
2 7 
107 126 
8 112 
52 31 
85 4 
14 40 
67 116 
41 28 
16 25 
85 25 
58 33 
127 121 
126 71 
74 99 
13 105 
114 104 
72 58 
93 18 
74 64 
15 116 
1 75 
65 87 
125 22 
3 128 
48 70 
64 34 
113 122 
112 100 
77 124 
15 117 
65 46 
22 113 
69 98 
73 131 
111 82 
70 2 
74 84 
123 51 
103 6 
85 76 
105 48 
37 9 
36 43 
53 21 
16 34 
22 91 
101 78 
40 5 
14 38 
121 57 
2 78 
111 131 
32 7 
125 96 
71 8 
34 87 
42 64 
93 110 
24 6 
96 104 
88 97 
40 104 
84 97 
101 41 
127 5 
76 43 
3 62 
110 128 
27 4 
69 10 
76 59 
22 85 
106 88 
131 25 
35 26 
22 109 
105 44 
94 34 
24 48 
44 15 
81 13 
125 25 
114 120 
53 50 
4 104 
120 119 
74 61 
39 87 
63 39 
89 114 
62 19 
44 79 
121 62 
121 75 
9 69 
45 18 
39 9 
45 95 
124 99 
54 22 
53 57 
128 127 
19 101 
61 43 
122 101 
9 85 
104 20 
72 56 
57 55 
63 31 
39 131 
9 55 
26 131 
82 104 
72 17 
109 26 
103 43 
86 124 
30 88 
59 84 
76 117 
27 131 
64 111 
41 4 
73 87 
113 95 
88 125 
23 44 
86 69 
96 97 
128 74 
51 126 
59 52 
68 4 
98 49 
131 76 
18 106 
68 90 
48 26 
53 81 
51 94 
46 101 
67 97 
77 64 
70 95 
32 21 
129 5 
72 9 
4 26 
91 87 
32 98 
27 117 
42 24 
76 129 
28 101 
111 114 
20 64 
105 74 
27 9 
62 103 
65 10 
15 23 
98 106 
10 29 
84 106 
4 130 
43 6 
115 71 
35 58 
98 111 
81 22 
22 124 
33 25 
126 94 
59 15 
39 118 
80 113 
127 130 
128 94 
116 7 
118 57 
66 25 
62 101 
108 56 
28 45 
104 39 
63 10 
3 61 
80 128 
41 32 
86 78 
105 68 
114 76 
16 68 
17 102 
12 19 
107 86 
31 22 
91 120 
61 92 
64 48 
9 38 
94 87 
11 110 
71 56 
30 44 
67 71 
122 121 
73 104 
43 125 
71 46 
7 49 
59 126 
51 11 
26 79 
40 92 
26 93 
105 20 
5 92 
45 44 
67 16 
48 51 
101 115 
124 82 
66 56 
70 56 
54 57 
4 87 
9 11 
117 100 
125 113 
101 80 
61 62 
75 71 
2 55 
20 28 
124 88 
41 36 
94 131 
120 105 
85 18 
7 50 
12 53 
54 117 
31 39 
6 109 
81 123 
104 122 
111 8 
31 51 
110 126 
18 44 
92 15 
95 36 
115 95 
82 62 
33 65 
84 51 
4 119 
131 4 
126 28 
129 46 
97 59 
20 68 
128 24 
107 11 
131 69 
54 60 
8 10 
79 4 
30 48 
23 131 
60 129 
58 31 
117 13 
23 127 
7 1 
63 91 
63 58 
124 40 
32 126 
14 103 
90 48 
11 127 
41 19 
126 125 
63 131 
67 126 
60 95 
91 17 
122 66 
42 27 
124 128 
68 95 
31 122 
16 15 
96 4 
67 122 
109 8 
92 55 
39 107 
116 79 
72 74 
37 25 
32 70 
27 56 
73 32 
75 128 
39 44 
66 131 
48 2 
97 52 
22 121 
95 91 
44 53 
5 19 
26 15 
6 70 
39 19 
40 55 
103 55 
22 114 
56 129 
12 27 
5 31 
39 91 
8 61 
66 6 
87 9 
65 24 
45 71 
68 126 
90 31 
13 67 
36 39 
44 104 
74 95 
49 29 
10 126 
43 24 
85 72 
82 81 
124 69 
48 79 
92 41 
84 80 
40 22 
31 120 
61 116 
1 125 
62 9 
30 118 
94 59 
38 84 
102 47 
32 75 
119 1 
77 121 
16 74 
104 131 
92 25 
12 24 
73 47 
81 122 
54 116 
39 73 
66 74 
32 34 
88 56 
96 122 
94 96 
18 81 
102 2 
72 1 
50 73 
85 100 
94 121 
115 6 
11 97 
111 19 
23 94 
71 55 
77 106 
48 116 
16 128 
5 23 
25 98 
86 47 
65 98 
123 21 
25 57 
69 23 
105 59 
46 57 
131 97 
14 111 
95 78 
35 110 
74 11 
62 98 
57 42 
97 55 
73 64 
122 53 
42 90 
115 31 
125 56 
93 62 
59 90 
18 3 
60 66 
59 2 
31 130 
36 130 
21 41 
57 89 
23 25 
79 78 
49 116 
117 14 
47 123 
32 25 
121 109 
65 23 
59 98 
21 39 
99 39 
106 126 
110 115 
103 107 
10 130 
114 55 
70 4 
96 63 
106 124 
12 79 
38 55 
71 35 
45 120 
45 17 
24 78 
38 115 
35 44 
50 28 
72 127 
60 18 
103 81 
86 68 
26 53 
89 24 
10 92 
62 106 
39 129 
65 74 
66 99 
72 29 
121 116 
13 131 
105 46 
92 118 
84 12 
70 62 
32 124 
20 97 
82 79 
118 31 
124 7 
64 88 
74 97 
39 51 
79 103 
85 81 
108 25 
13 3 
51 15 
1 99 
22 73 
7 71 
116 118 
110 55 
112 52 
113 12 
96 14 
22 16 
64 76 
13 2 
85 92 
56 119 
47 4 
78 15 
88 119 
43 44 
36 127 
19 85 
102 34 
31 38 
59 86 
110 105 
15 5 
65 80 
86 96 
52 34 
103 74 
78 11 
99 24 
54 110 
37 65 
62 14 
25 9 
84 73 
120 116 
2 75 
96 91 
90 47 
30 102 
45 59 
83 26 
62 84 
19 55 
53 121 
61 84 
12 119 
2 38 
117 129 
42 3 
49 118 
6 30 
84 4 
58 61 
73 62 
41 24 
104 38 
21 38 
64 106 
105 116 
46 76 
105 16 
50 117 
119 86 
108 49 
57 76 
12 110 
115 28 
98 102 
86 105 
83 67 
65 53 
55 82 
82 76 
125 75 
33 26 
16 91 
59 95 
121 108 
45 127 
99 71 
92 99 
34 40 
69 94 
61 120 
25 48 
113 126 
2 65 
35 39 
122 27 
49 78 
128 85 
64 113 
69 8 
38 92 
16 97 
117 96 
32 31 
89 23 
89 130 
77 18 
28 118 
37 26 
115 64 
43 118 
58 49 
19 54 
73 97 
127 110 
