176 4278 
97 147 244 136 32 33 67 138 224 151 37 159 204 64 290 230 248 38 204 121 94 294 58 232 184 38 77 22 140 141 38 265 166 150 1 273 7 52 28 208 190 60 166 248 129 180 118 296 285 270 82 244 29 57 283 84 261 27 1 133 286 275 186 11 82 281 41 257 93 31 139 152 118 193 273 251 230 203 10 250 52 120 176 259 96 8 21 185 221 237 224 99 199 19 204 8 20 30 252 134 284 123 67 176 61 24 46 6 168 285 4 155 247 62 163 270 212 125 290 76 247 96 52 283 8 246 3 226 245 252 24 34 94 15 124 73 150 125 123 180 89 99 299 33 231 13 81 22 280 76 34 267 274 243 25 17 7 136 130 248 104 36 68 94 153 54 110 127 212 222 18 216 154 110 57 279 
120 113 
74 15 
67 77 
134 137 
79 58 
55 37 
74 102 
121 155 
148 67 
83 108 
170 145 
148 79 
8 139 
8 78 
5 161 
99 125 
133 142 
135 123 
158 108 
3 22 
3 133 
138 30 
7 47 
8 129 
69 147 
137 170 
176 69 
131 148 
32 59 
164 53 
122 89 
76 86 
125 135 
71 77 
69 112 
166 134 
14 117 
122 67 
142 6 
143 50 
116 112 
73 161 
20 89 
12 100 
92 107 
115 137 
70 106 
19 97 
76 60 
138 89 
158 38 
126 75 
119 135 
129 45 
58 113 
46 27 
37 135 
95 17 
85 49 
75 52 
172 3 
95 76 
82 156 
166 63 
19 118 
164 22 
175 6 
107 175 
103 139 
118 145 
55 46 
57 167 
66 166 
89 38 
129 5 
2 93 
152 71 
14 109 
149 53 
152 143 
135 89 
31 165 
173 154 
156 25 
56 151 
51 72 
12 92 
176 30 
167 66 
5 28 
6 166 
33 97 
133 105 
31 145 
175 73 
86 130 
141 110 
140 135 
33 148 
103 92 
18 101 
57 172 
14 112 
142 45 
149 116 
130 157 
37 1 
166 126 
38 6 
19 129 
108 50 
31 174 
79 144 
45 11 
9 74 
51 171 
81 42 
42 50 
171 142 
23 27 
142 146 
18 121 
20 157 
112 55 
11 67 
116 28 
110 75 
67 27 
5 138 
7 32 
123 118 
89 171 
20 172 
120 92 
28 60 
80 107 
118 48 
149 15 
130 70 
48 172 
5 134 
33 149 
15 135 
115 123 
159 27 
151 103 
144 69 
13 172 
10 71 
147 58 
23 106 
34 145 
115 93 
139 105 
75 104 
86 71 
135 92 
104 85 
75 138 
33 51 
61 140 
138 63 
90 49 
144 48 
146 59 
91 162 
56 61 
40 35 
32 6 
160 45 
23 3 
102 159 
66 111 
159 72 
54 91 
5 70 
108 162 
81 145 
140 145 
154 45 
5 31 
65 92 
112 23 
133 114 
173 104 
74 23 
117 126 
46 147 
1 171 
174 164 
117 56 
7 169 
19 106 
13 72 
17 171 
88 55 
59 67 
153 80 
135 163 
147 125 
161 127 
6 35 
8 99 
41 126 
150 142 
138 65 
4 81 
144 1 
107 79 
90 50 
11 109 
46 48 
124 149 
35 119 
136 124 
167 146 
109 40 
28 55 
86 30 
149 11 
139 80 
168 68 
81 132 
78 27 
152 10 
48 28 
135 98 
163 165 
28 44 
83 131 
105 76 
86 169 
147 150 
130 83 
168 136 
45 105 
163 35 
153 51 
81 85 
91 169 
35 68 
138 109 
111 105 
112 32 
9 55 
72 119 
167 142 
7 161 
170 104 
37 21 
120 165 
152 163 
13 56 
65 163 
107 18 
43 170 
167 112 
140 37 
56 54 
130 122 
9 30 
89 3 
63 21 
29 79 
12 106 
153 162 
38 39 
80 37 
131 84 
103 82 
94 175 
132 136 
25 153 
42 165 
126 4 
54 47 
152 139 
85 95 
169 157 
103 13 
61 125 
54 100 
117 129 
30 40 
10 82 
29 140 
107 135 
97 151 
66 175 
136 121 
90 28 
20 152 
57 31 
50 174 
84 41 
151 71 
171 20 
168 126 
140 80 
158 151 
33 49 
174 150 
47 173 
28 1 
54 131 
13 14 
45 67 
50 129 
80 130 
168 22 
138 107 
150 35 
139 109 
154 47 
86 8 
157 37 
151 42 
121 70 
115 89 
63 157 
107 2 
168 150 
57 53 
87 100 
75 35 
81 172 
81 79 
53 167 
80 128 
6 138 
132 135 
45 73 
174 11 
127 111 
163 169 
145 113 
112 142 
123 60 
145 124 
55 111 
10 64 
159 43 
109 168 
130 46 
1 145 
168 80 
32 71 
29 83 
46 3 
104 56 
106 73 
80 148 
103 175 
103 49 
34 42 
121 63 
141 73 
174 129 
14 86 
112 46 
83 81 
7 174 
8 49 
47 20 
134 99 
93 66 
149 77 
68 112 
174 18 
65 77 
122 41 
82 139 
50 156 
124 4 
111 44 
70 53 
66 78 
102 8 
105 40 
113 133 
164 60 
4 22 
103 51 
5 45 
22 77 
165 79 
40 62 
119 175 
83 124 
146 15 
5 148 
164 81 
22 112 
49 42 
31 130 
51 161 
31 101 
124 59 
55 136 
46 133 
173 31 
93 94 
152 43 
132 23 
147 62 
158 110 
139 20 
90 114 
77 159 
80 16 
141 150 
18 132 
65 45 
57 109 
33 87 
9 99 
18 133 
12 113 
126 161 
86 81 
84 132 
134 104 
134 108 
134 60 
119 12 
90 159 
79 6 
136 143 
18 86 
23 103 
123 167 
138 69 
110 161 
173 1 
76 48 
55 98 
121 32 
28 126 
103 141 
86 78 
68 129 
16 106 
5 34 
175 109 
50 61 
123 90 
37 3 
23 11 
100 103 
38 120 
23 93 
24 5 
157 24 
58 166 
140 89 
116 45 
15 51 
119 157 
67 30 
72 14 
30 172 
155 55 
92 49 
144 21 
55 104 
77 66 
50 123 
6 66 
119 50 
10 173 
15 18 
29 101 
98 25 
128 22 
11 28 
91 139 
117 100 
167 35 
25 135 
98 77 
87 158 
43 110 
106 140 
22 123 
57 105 
138 106 
140 162 
31 133 
9 164 
53 114 
20 13 
26 128 
127 48 
57 14 
167 42 
101 118 
95 34 
40 90 
83 23 
122 92 
108 58 
79 99 
63 165 
119 124 
114 63 
58 8 
36 52 
145 27 
13 66 
170 34 
131 129 
157 64 
126 50 
159 67 
107 41 
50 30 
94 124 
64 52 
153 47 
40 160 
126 54 
18 168 
145 70 
4 94 
59 159 
113 109 
129 74 
132 167 
113 32 
24 113 
67 97 
51 175 
123 107 
175 10 
2 79 
137 130 
146 1 
121 60 
99 27 
129 67 
35 159 
137 37 
62 8 
50 5 
168 123 
104 83 
164 76 
45 42 
52 125 
52 79 
145 7 
151 167 
141 152 
121 162 
157 72 
12 156 
167 46 
145 51 
116 78 
71 120 
99 174 
154 32 
89 59 
37 83 
156 41 
28 71 
165 76 
108 85 
92 104 
75 6 
83 127 
99 31 
176 62 
129 98 
151 112 
26 33 
32 119 
125 84 
100 111 
80 21 
150 8 
128 92 
176 18 
79 15 
82 93 
48 1 
71 76 
27 84 
85 89 
173 131 
118 4 
42 110 
67 80 
170 82 
67 158 
27 167 
89 119 
39 121 
62 31 
30 21 
102 55 
119 45 
12 36 
117 83 
153 165 
91 1 
108 2 
28 54 
9 116 
45 84 
136 82 
16 65 
155 133 
65 115 
29 6 
101 116 
96 3 
73 27 
18 53 
105 7 
41 112 
147 11 
83 95 
153 7 
126 2 
100 29 
45 56 
105 97 
141 12 
4 141 
75 168 
165 129 
106 94 
39 13 
165 65 
96 105 
52 115 
165 86 
167 169 
134 152 
134 57 
6 123 
145 152 
65 108 
119 131 
19 95 
58 81 
119 15 
132 28 
36 108 
46 142 
123 133 
129 157 
143 23 
128 35 
27 13 
109 88 
64 74 
31 46 
119 138 
75 5 
98 94 
82 149 
107 104 
149 19 
173 135 
104 72 
11 40 
107 78 
92 112 
156 66 
76 161 
13 54 
27 152 
133 91 
122 47 
70 133 
100 144 
145 71 
26 75 
2 124 
62 56 
43 126 
146 162 
139 29 
29 111 
62 61 
80 69 
27 59 
165 138 
21 87 
142 125 
109 157 
47 19 
176 51 
91 15 
125 148 
7 172 
18 45 
121 116 
149 80 
164 63 
45 27 
23 22 
165 30 
35 162 
36 106 
24 110 
67 95 
155 78 
163 63 
113 73 
147 3 
54 175 
96 107 
126 63 
130 14 
11 18 
27 56 
13 48 
29 16 
129 160 
49 80 
104 53 
52 174 
131 176 
176 82 
57 46 
38 165 
131 117 
118 36 
42 75 
82 99 
34 138 
69 90 
76 89 
67 175 
58 20 
168 162 
42 156 
117 27 
38 123 
156 76 
134 105 
161 146 
64 78 
88 56 
73 118 
119 149 
116 148 
51 108 
115 169 
102 161 
73 98 
137 139 
173 113 
42 70 
89 55 
138 16 
77 88 
72 120 
31 102 
77 64 
153 75 
83 140 
15 99 
67 83 
111 136 
47 52 
81 174 
66 27 
109 43 
50 105 
43 16 
32 156 
35 13 
106 155 
77 37 
69 11 
77 7 
93 126 
135 28 
50 112 
22 51 
160 20 
167 141 
129 92 
142 76 
17 5 
27 158 
42 65 
129 69 
57 24 
162 8 
23 70 
21 90 
126 67 
4 80 
43 160 
152 7 
76 148 
166 91 
5 65 
48 25 
150 13 
31 42 
80 157 
72 170 
19 138 
61 15 
118 103 
158 116 
41 123 
109 16 
130 150 
139 11 
85 24 
49 71 
97 125 
164 59 
175 45 
41 146 
129 79 
13 12 
150 54 
31 150 
176 133 
46 157 
175 168 
171 15 
43 19 
50 87 
95 48 
146 85 
109 86 
120 57 
30 32 
24 143 
26 161 
153 103 
22 140 
83 159 
95 130 
33 3 
68 105 
2 24 
64 161 
144 62 
112 156 
165 83 
40 17 
148 134 
42 159 
109 70 
95 51 
170 38 
92 164 
122 149 
95 52 
135 79 
89 68 
82 56 
86 56 
98 21 
84 128 
19 71 
53 94 
113 137 
36 152 
30 106 
59 76 
172 113 
77 146 
113 112 
114 101 
35 9 
32 52 
26 55 
25 105 
37 18 
20 125 
151 15 
83 175 
155 95 
25 4 
79 5 
136 92 
39 157 
112 144 
101 158 
101 159 
92 154 
25 18 
29 170 
54 92 
41 136 
143 73 
167 3 
99 103 
77 70 
37 12 
72 168 
171 106 
45 140 
43 3 
47 23 
16 4 
49 48 
35 100 
91 102 
83 158 
5 40 
58 172 
107 109 
106 136 
73 43 
54 52 
93 149 
64 23 
143 37 
88 122 
73 167 
145 68 
146 91 
1 138 
33 136 
65 74 
111 42 
174 35 
76 87 
64 42 
55 122 
81 29 
132 56 
127 78 
108 40 
24 9 
103 152 
134 29 
155 18 
39 134 
72 176 
92 47 
30 13 
13 167 
24 39 
148 65 
43 141 
139 108 
93 114 
35 127 
49 87 
63 113 
21 38 
26 67 
1 112 
162 1 
165 40 
30 143 
61 20 
55 52 
130 170 
52 43 
89 34 
119 8 
131 156 
44 20 
138 141 
80 112 
82 169 
30 7 
149 32 
128 2 
62 22 
19 41 
105 87 
3 56 
71 54 
52 94 
175 96 
7 16 
128 67 
48 143 
165 50 
9 103 
168 65 
148 52 
125 115 
1 141 
60 170 
11 141 
24 161 
151 21 
27 39 
104 22 
164 97 
107 172 
140 27 
30 80 
97 99 
156 64 
21 115 
119 142 
70 11 
119 110 
152 28 
169 116 
25 1 
166 92 
44 146 
7 44 
155 96 
6 171 
23 128 
166 104 
95 36 
130 132 
167 148 
164 117 
37 53 
38 103 
58 15 
80 154 
135 58 
83 134 
77 39 
26 6 
139 162 
142 144 
30 39 
97 57 
86 142 
149 43 
154 128 
80 38 
117 118 
154 129 
100 42 
167 87 
66 29 
15 54 
17 140 
49 108 
119 62 
136 134 
107 117 
86 58 
31 144 
115 149 
6 71 
118 112 
112 175 
135 146 
134 53 
71 161 
30 73 
141 27 
162 112 
36 7 
138 42 
125 120 
20 136 
112 8 
148 124 
64 121 
54 105 
129 99 
150 38 
62 47 
2 151 
49 75 
47 169 
43 62 
96 126 
85 137 
88 133 
46 156 
95 166 
159 52 
156 28 
81 18 
117 57 
146 87 
172 38 
111 61 
158 174 
149 37 
39 101 
76 82 
42 116 
97 136 
160 76 
12 165 
100 139 
92 8 
6 53 
119 79 
133 90 
64 175 
169 26 
118 142 
70 127 
42 13 
140 10 
16 168 
176 114 
134 156 
75 82 
68 154 
39 16 
59 35 
115 102 
148 176 
142 116 
43 83 
146 61 
117 80 
82 126 
154 57 
83 21 
136 142 
1 101 
99 114 
28 76 
150 114 
142 66 
55 82 
91 4 
167 109 
161 124 
44 4 
158 150 
125 11 
47 94 
149 30 
17 141 
134 82 
14 31 
140 47 
131 60 
147 1 
139 107 
110 77 
115 77 
175 139 
22 92 
2 173 
164 12 
57 155 
145 65 
1 92 
41 141 
73 95 
100 16 
82 47 
11 35 
176 32 
126 69 
142 152 
37 89 
9 144 
164 52 
61 100 
51 135 
90 83 
67 70 
31 105 
37 66 
144 126 
121 52 
82 33 
50 118 
148 123 
157 114 
147 120 
78 15 
96 89 
141 107 
169 168 
165 132 
7 57 
35 175 
160 19 
79 139 
48 101 
31 21 
67 96 
111 118 
102 66 
24 8 
42 136 
21 76 
121 141 
118 60 
68 114 
120 8 
2 97 
160 25 
80 45 
91 18 
74 76 
51 125 
169 56 
15 84 
80 60 
131 13 
126 142 
8 85 
95 70 
59 94 
168 53 
76 114 
8 37 
78 67 
158 20 
169 139 
26 131 
165 62 
151 132 
62 44 
119 86 
135 120 
122 91 
21 7 
122 172 
123 70 
2 115 
33 58 
97 111 
36 61 
26 44 
65 8 
12 87 
139 167 
51 49 
88 117 
111 96 
166 16 
107 56 
144 55 
154 85 
49 81 
88 132 
48 41 
19 110 
36 28 
175 75 
2 8 
50 25 
18 134 
78 102 
58 92 
116 19 
158 120 
72 12 
62 16 
97 160 
71 84 
151 119 
23 59 
156 105 
147 29 
22 163 
28 67 
148 163 
132 123 
117 68 
34 29 
101 34 
139 96 
34 152 
58 66 
13 149 
42 83 
165 151 
36 92 
101 113 
38 112 
48 20 
164 43 
172 61 
97 98 
80 89 
66 107 
16 123 
19 124 
142 128 
65 130 
162 40 
14 165 
173 139 
30 77 
32 144 
163 175 
72 164 
172 5 
33 56 
5 72 
60 138 
114 142 
127 105 
30 44 
15 167 
158 34 
91 144 
141 48 
86 15 
80 63 
36 133 
101 175 
40 38 
107 31 
156 2 
24 169 
41 167 
164 169 
96 119 
131 103 
101 91 
119 38 
130 136 
52 85 
21 48 
84 164 
12 163 
121 95 
130 4 
57 18 
60 4 
123 9 
169 149 
116 144 
132 138 
127 10 
18 110 
156 1 
167 63 
143 32 
88 17 
8 94 
88 158 
88 38 
33 158 
116 5 
5 104 
153 113 
164 176 
8 169 
112 155 
45 92 
118 18 
89 19 
170 52 
58 105 
153 37 
135 18 
29 84 
75 76 
141 118 
4 15 
25 11 
54 145 
63 62 
32 56 
120 45 
32 23 
150 102 
154 88 
130 44 
90 108 
82 107 
169 18 
18 56 
43 95 
72 137 
78 71 
82 7 
30 112 
128 44 
165 119 
63 112 
146 125 
171 67 
160 47 
77 27 
71 85 
21 28 
42 93 
157 108 
83 3 
170 59 
167 65 
11 169 
2 114 
176 102 
8 143 
26 70 
120 44 
158 159 
75 8 
146 148 
90 88 
175 85 
142 29 
124 131 
8 117 
118 76 
127 99 
79 145 
176 108 
54 151 
125 76 
175 68 
110 26 
174 21 
59 122 
57 100 
76 147 
95 26 
119 105 
10 22 
170 150 
72 106 
134 118 
6 136 
74 167 
157 121 
14 114 
134 59 
65 28 
77 95 
57 73 
170 151 
56 176 
144 98 
9 95 
165 85 
175 80 
118 49 
93 52 
8 16 
64 8 
121 37 
167 150 
89 144 
153 146 
136 119 
12 56 
44 164 
134 123 
80 84 
91 119 
143 101 
174 86 
119 166 
46 15 
136 150 
9 31 
122 70 
31 58 
11 36 
85 170 
69 110 
11 117 
12 120 
146 118 
7 48 
55 63 
111 150 
145 142 
21 101 
76 52 
66 129 
35 154 
87 103 
56 87 
85 148 
12 143 
61 65 
6 121 
163 83 
34 139 
175 132 
107 97 
64 13 
156 9 
161 140 
79 72 
26 41 
28 8 
15 105 
127 53 
60 83 
120 142 
156 99 
56 154 
103 130 
56 84 
74 127 
126 173 
28 68 
56 106 
131 22 
142 154 
80 22 
123 92 
75 129 
67 104 
14 146 
163 118 
84 48 
28 3 
62 32 
51 87 
18 98 
105 81 
172 159 
1 76 
164 87 
157 44 
22 69 
93 160 
74 172 
16 119 
13 175 
105 14 
136 125 
7 147 
24 76 
66 85 
173 172 
93 18 
136 157 
56 1 
96 156 
151 51 
25 103 
153 163 
15 28 
132 46 
81 74 
172 161 
149 133 
72 161 
111 48 
62 71 
8 34 
1 47 
104 6 
165 98 
149 151 
62 129 
12 19 
160 52 
146 19 
60 77 
174 175 
2 92 
56 53 
10 36 
131 71 
89 32 
24 159 
5 88 
54 143 
17 128 
9 88 
60 15 
158 112 
5 130 
169 135 
15 41 
173 101 
115 14 
127 61 
20 169 
151 9 
33 166 
93 142 
158 17 
174 132 
140 91 
134 77 
165 155 
174 17 
151 52 
75 170 
172 163 
140 24 
127 87 
85 101 
78 136 
156 110 
159 87 
6 116 
35 161 
49 27 
109 13 
120 114 
32 166 
119 147 
15 30 
149 5 
8 157 
122 152 
68 83 
32 99 
13 67 
91 176 
85 133 
22 149 
53 139 
110 61 
157 152 
135 53 
76 42 
30 28 
167 92 
138 79 
16 11 
65 37 
33 131 
65 71 
64 20 
107 32 
78 97 
126 148 
11 32 
96 137 
29 103 
50 32 
122 176 
93 15 
175 50 
18 62 
32 164 
165 39 
63 85 
7 165 
78 65 
76 58 
58 72 
92 134 
52 111 
142 73 
19 168 
130 29 
64 90 
138 146 
108 138 
127 71 
164 79 
161 122 
43 80 
95 120 
163 137 
171 144 
92 70 
75 41 
20 1 
10 47 
160 151 
75 114 
108 33 
68 76 
73 120 
121 83 
165 106 
79 94 
91 153 
5 174 
138 9 
140 30 
164 146 
158 121 
167 153 
151 156 
80 111 
33 101 
133 148 
62 168 
29 126 
156 8 
54 26 
111 156 
155 99 
96 149 
89 134 
53 154 
172 72 
23 51 
102 6 
140 124 
72 59 
139 132 
95 53 
35 148 
121 7 
160 111 
85 68 
77 31 
106 151 
122 22 
159 145 
101 71 
29 97 
55 118 
27 163 
39 151 
158 1 
39 167 
176 166 
151 139 
22 76 
63 137 
36 79 
42 6 
20 12 
170 70 
34 7 
17 115 
47 152 
34 160 
108 148 
128 21 
165 72 
124 105 
130 92 
79 42 
62 152 
173 92 
77 44 
16 108 
166 39 
168 64 
90 165 
37 172 
10 155 
46 21 
67 58 
84 58 
57 61 
150 153 
122 15 
125 172 
155 139 
64 104 
95 64 
61 97 
15 88 
128 164 
127 133 
75 32 
129 7 
31 32 
94 120 
128 171 
14 82 
60 126 
40 141 
140 18 
86 57 
105 42 
11 113 
148 48 
172 80 
28 7 
163 88 
41 143 
79 57 
133 25 
117 109 
32 160 
42 8 
157 10 
10 2 
151 50 
150 116 
78 38 
136 90 
152 92 
134 54 
21 159 
125 36 
10 116 
41 160 
170 68 
31 20 
166 118 
83 171 
150 25 
123 83 
115 15 
35 129 
170 90 
125 57 
47 168 
170 14 
102 145 
146 133 
43 168 
57 142 
137 13 
81 34 
105 163 
66 112 
34 110 
71 114 
135 156 
8 22 
25 76 
159 84 
68 95 
89 63 
24 59 
42 62 
66 56 
56 155 
21 165 
166 148 
53 46 
79 100 
121 42 
155 167 
150 39 
10 172 
167 58 
94 21 
130 121 
150 91 
50 148 
175 25 
163 109 
137 131 
169 159 
9 67 
86 62 
40 47 
72 47 
130 6 
163 127 
102 70 
152 102 
138 57 
61 76 
162 43 
48 68 
166 77 
138 49 
51 16 
9 175 
100 105 
34 21 
152 74 
131 9 
32 158 
152 144 
13 6 
95 108 
85 29 
56 20 
17 93 
123 129 
159 100 
102 10 
75 115 
83 167 
147 41 
99 157 
63 83 
55 45 
10 107 
76 166 
37 98 
156 140 
50 169 
27 92 
69 39 
27 95 
119 17 
142 60 
58 115 
131 111 
32 161 
154 116 
157 42 
90 13 
81 62 
62 99 
65 123 
164 80 
69 162 
166 42 
10 135 
59 80 
35 47 
6 131 
38 87 
113 5 
10 164 
104 133 
140 86 
52 15 
176 112 
95 131 
45 103 
140 157 
125 143 
113 160 
169 41 
140 76 
163 114 
20 63 
38 86 
9 89 
149 55 
98 58 
155 136 
156 67 
26 141 
30 12 
58 121 
72 142 
160 131 
140 144 
63 125 
50 66 
150 84 
102 95 
130 127 
159 106 
105 132 
10 50 
83 156 
168 116 
14 157 
107 118 
135 174 
152 8 
104 61 
117 146 
125 37 
162 151 
157 160 
127 79 
2 69 
117 124 
114 172 
66 23 
45 114 
173 111 
131 130 
164 158 
104 93 
156 144 
72 141 
114 175 
161 34 
42 28 
91 25 
63 148 
158 26 
104 45 
18 30 
162 124 
147 161 
175 145 
82 32 
12 21 
85 144 
162 102 
163 123 
146 170 
10 104 
131 5 
59 127 
148 24 
173 148 
101 140 
1 151 
53 80 
57 169 
56 159 
93 63 
17 104 
119 7 
46 89 
16 97 
38 31 
147 130 
85 33 
39 149 
140 3 
130 149 
50 59 
76 150 
63 84 
61 90 
172 145 
49 53 
59 52 
38 55 
149 157 
161 2 
143 80 
46 110 
43 175 
133 168 
175 165 
137 160 
132 79 
166 24 
162 126 
1 53 
101 133 
79 39 
40 77 
15 16 
25 120 
86 104 
14 45 
53 3 
74 56 
2 82 
153 112 
151 115 
144 5 
174 168 
140 19 
112 170 
62 51 
93 153 
154 105 
48 100 
132 111 
56 147 
172 82 
64 135 
73 80 
123 33 
101 167 
164 11 
70 124 
46 128 
116 55 
138 24 
26 77 
161 16 
75 72 
149 62 
174 22 
114 28 
54 30 
7 88 
144 168 
130 87 
15 116 
121 5 
124 143 
163 164 
12 89 
7 125 
151 44 
169 34 
88 110 
93 71 
96 153 
150 79 
105 29 
48 70 
102 40 
95 31 
47 11 
51 98 
78 115 
63 49 
47 21 
32 74 
110 166 
141 143 
94 31 
98 14 
68 51 
58 3 
31 122 
21 62 
40 146 
154 111 
40 29 
64 44 
143 79 
106 150 
9 13 
89 6 
106 147 
14 92 
112 105 
141 98 
20 8 
63 50 
171 71 
61 141 
33 69 
158 15 
36 162 
57 130 
94 122 
144 15 
99 30 
59 36 
121 122 
112 29 
34 74 
31 88 
109 37 
69 57 
101 154 
50 158 
153 168 
101 8 
143 49 
106 130 
155 47 
105 165 
55 27 
108 122 
150 52 
122 56 
160 2 
80 36 
32 38 
8 113 
9 36 
105 61 
162 72 
3 41 
141 38 
118 9 
130 77 
80 147 
13 117 
39 127 
165 17 
84 103 
167 144 
91 95 
11 64 
54 29 
25 39 
51 174 
96 141 
158 77 
50 37 
136 18 
124 20 
116 151 
55 65 
81 90 
110 52 
18 8 
10 158 
157 175 
102 132 
59 103 
103 147 
93 106 
172 98 
127 162 
19 24 
45 122 
99 94 
28 34 
50 62 
20 11 
143 67 
98 5 
15 45 
34 14 
19 121 
175 126 
54 31 
33 168 
68 113 
53 32 
147 43 
168 134 
21 148 
15 152 
9 97 
75 134 
159 157 
88 36 
87 134 
72 105 
69 158 
127 170 
10 108 
164 157 
40 129 
23 16 
122 48 
93 79 
109 3 
107 19 
110 15 
81 134 
176 52 
78 131 
143 175 
109 152 
73 96 
111 115 
65 70 
93 74 
6 12 
123 26 
149 17 
60 54 
146 105 
146 147 
17 10 
105 149 
94 30 
78 108 
11 154 
19 61 
126 158 
114 117 
138 17 
98 131 
3 34 
122 72 
119 120 
64 110 
151 28 
45 30 
10 58 
176 46 
31 171 
86 28 
7 104 
90 45 
14 42 
136 50 
111 167 
114 124 
12 169 
49 130 
31 125 
41 62 
55 119 
152 53 
76 143 
110 148 
40 36 
99 93 
89 52 
56 126 
18 31 
125 108 
122 87 
140 92 
119 47 
74 148 
114 61 
29 133 
14 38 
93 5 
34 105 
172 118 
60 113 
107 113 
23 139 
104 144 
30 145 
159 37 
16 3 
65 160 
23 54 
64 75 
108 145 
139 123 
135 87 
114 148 
171 32 
84 23 
129 112 
155 28 
4 1 
17 116 
50 133 
131 114 
26 137 
119 146 
42 134 
130 174 
80 81 
89 16 
115 64 
174 26 
166 172 
135 70 
38 27 
123 51 
32 120 
106 121 
5 61 
90 122 
161 63 
13 120 
22 32 
109 141 
33 74 
15 70 
25 65 
61 126 
112 99 
125 10 
170 108 
77 72 
94 83 
2 153 
125 64 
139 45 
147 75 
156 167 
5 60 
66 73 
52 11 
92 20 
73 22 
122 124 
108 169 
98 151 
10 25 
55 80 
154 42 
47 108 
79 61 
11 95 
136 116 
21 152 
4 133 
101 152 
160 79 
137 105 
49 128 
3 111 
59 87 
60 157 
159 34 
44 173 
45 72 
135 16 
151 80 
148 15 
131 133 
55 50 
69 42 
137 164 
90 158 
109 145 
88 126 
167 6 
100 45 
29 135 
43 33 
33 135 
123 56 
45 108 
2 146 
30 49 
96 80 
24 107 
94 19 
108 105 
84 106 
159 28 
9 140 
129 44 
69 100 
101 89 
133 54 
69 114 
81 126 
41 81 
128 99 
148 137 
118 77 
161 114 
30 20 
72 60 
47 50 
138 128 
127 122 
19 8 
147 173 
117 28 
7 14 
126 163 
2 73 
21 49 
92 68 
152 65 
89 143 
32 153 
84 21 
97 74 
13 98 
148 10 
152 48 
146 20 
96 90 
103 127 
104 100 
154 107 
38 101 
19 23 
57 141 
121 143 
144 121 
28 120 
40 87 
82 145 
23 162 
40 136 
166 123 
18 23 
72 41 
16 167 
87 9 
46 39 
79 14 
128 14 
71 69 
160 23 
124 52 
143 58 
131 17 
115 6 
141 24 
104 114 
72 69 
34 65 
68 66 
128 90 
99 106 
50 162 
124 141 
57 76 
30 168 
26 24 
30 171 
161 33 
18 77 
175 140 
64 48 
43 23 
93 50 
139 135 
85 50 
58 176 
87 111 
17 79 
20 25 
174 20 
163 108 
47 71 
5 99 
63 175 
115 100 
33 95 
94 72 
76 17 
74 165 
96 35 
60 85 
99 81 
32 138 
172 28 
26 64 
22 166 
127 138 
168 41 
81 53 
76 153 
123 27 
86 63 
26 63 
32 150 
42 22 
113 36 
129 115 
55 81 
86 34 
13 82 
117 136 
91 70 
67 65 
80 31 
137 143 
47 4 
143 105 
6 107 
32 14 
79 120 
75 156 
78 112 
54 89 
5 166 
49 117 
103 154 
124 167 
102 33 
70 56 
26 17 
29 67 
93 84 
17 60 
17 94 
148 72 
10 85 
110 55 
40 133 
144 139 
87 148 
58 175 
97 159 
149 146 
106 135 
83 77 
143 60 
104 19 
42 25 
29 152 
88 103 
72 50 
152 59 
97 92 
10 132 
139 42 
168 52 
120 103 
114 65 
89 95 
115 127 
64 40 
33 122 
4 48 
36 160 
101 22 
33 18 
44 24 
59 53 
65 85 
9 150 
71 99 
174 88 
54 20 
100 41 
66 96 
172 175 
145 137 
96 78 
129 111 
68 138 
131 91 
133 17 
170 148 
111 34 
87 79 
106 11 
57 40 
12 46 
88 3 
118 58 
91 74 
75 43 
8 148 
13 134 
109 58 
44 116 
33 66 
108 89 
22 26 
164 24 
128 115 
69 142 
153 81 
147 61 
100 67 
103 28 
72 154 
72 11 
130 138 
90 95 
111 110 
89 56 
88 168 
176 44 
64 5 
60 155 
111 172 
98 161 
75 122 
109 55 
21 111 
57 39 
52 107 
89 14 
171 120 
98 166 
48 125 
5 47 
86 173 
129 171 
42 87 
48 86 
111 143 
31 140 
166 46 
67 51 
70 41 
146 39 
64 176 
53 130 
8 48 
31 166 
90 54 
28 69 
140 58 
123 8 
133 64 
105 48 
70 22 
100 162 
108 160 
152 148 
92 62 
103 2 
165 123 
120 36 
147 175 
85 23 
155 35 
120 118 
53 107 
75 2 
96 147 
63 45 
99 43 
62 38 
163 49 
87 81 
99 56 
75 80 
85 111 
47 164 
164 126 
25 92 
129 71 
42 161 
11 91 
34 91 
88 62 
153 41 
131 159 
32 57 
116 2 
67 7 
111 135 
67 151 
164 153 
68 65 
50 34 
22 94 
68 176 
136 48 
76 18 
101 73 
148 150 
56 134 
76 173 
73 129 
105 157 
3 174 
137 51 
89 87 
176 12 
31 39 
103 166 
106 127 
78 161 
59 176 
131 106 
86 9 
113 154 
95 143 
111 10 
125 90 
150 94 
91 103 
31 69 
132 91 
104 112 
157 67 
89 139 
90 15 
24 46 
150 50 
85 15 
54 159 
18 20 
83 109 
62 113 
26 31 
25 170 
34 71 
129 21 
111 25 
54 168 
153 10 
159 73 
111 16 
72 103 
149 56 
123 24 
161 152 
139 14 
45 163 
115 157 
66 124 
146 83 
116 59 
71 157 
81 75 
40 93 
162 175 
136 140 
125 166 
41 40 
84 95 
101 23 
4 84 
65 128 
32 155 
176 140 
142 83 
98 1 
53 133 
173 99 
25 33 
127 47 
93 25 
113 115 
88 66 
11 89 
38 67 
142 17 
89 64 
123 21 
10 106 
149 23 
91 6 
154 102 
171 153 
21 64 
93 145 
19 87 
167 171 
97 96 
114 127 
152 39 
17 162 
41 5 
140 55 
9 168 
154 38 
104 50 
4 128 
106 164 
111 145 
34 168 
156 89 
71 64 
134 3 
36 134 
130 93 
110 41 
78 101 
43 143 
154 52 
24 106 
168 39 
140 122 
4 138 
83 116 
6 156 
126 143 
165 139 
112 3 
96 91 
118 37 
82 166 
166 57 
77 121 
84 64 
137 40 
117 17 
76 44 
73 70 
1 175 
16 88 
160 132 
81 158 
35 109 
54 173 
82 66 
50 91 
80 1 
153 18 
50 56 
101 174 
59 17 
162 29 
98 115 
173 57 
149 103 
37 57 
69 94 
82 89 
33 114 
160 28 
112 62 
86 172 
151 171 
139 43 
124 68 
48 116 
22 156 
129 64 
67 110 
101 66 
100 38 
75 46 
27 174 
82 39 
158 100 
119 153 
116 24 
58 73 
34 46 
75 163 
24 22 
124 28 
92 156 
155 120 
50 74 
73 88 
90 44 
23 147 
25 49 
79 26 
51 138 
107 69 
8 140 
78 171 
22 105 
56 59 
144 143 
122 68 
7 50 
29 22 
135 43 
3 82 
173 39 
43 63 
11 38 
96 125 
23 118 
19 32 
85 142 
52 98 
31 23 
117 160 
138 2 
6 30 
48 119 
169 103 
59 77 
175 113 
120 126 
25 113 
123 31 
36 170 
25 3 
156 74 
138 160 
47 22 
56 79 
17 81 
11 55 
122 164 
88 102 
107 95 
145 6 
142 77 
101 148 
82 49 
100 119 
142 30 
138 90 
3 161 
167 29 
66 115 
63 23 
28 137 
28 119 
56 23 
162 7 
75 29 
13 108 
41 97 
83 49 
103 174 
142 99 
129 49 
44 150 
88 153 
33 10 
95 24 
51 9 
2 111 
37 108 
39 155 
92 157 
16 101 
134 150 
174 154 
36 130 
55 29 
138 136 
90 9 
25 155 
74 14 
27 171 
107 143 
58 129 
78 170 
79 24 
27 116 
107 67 
48 149 
15 53 
122 111 
13 38 
90 14 
48 45 
130 40 
77 62 
130 20 
156 100 
171 152 
70 140 
84 72 
113 100 
95 150 
22 33 
14 28 
27 114 
84 158 
135 77 
172 143 
13 96 
57 3 
105 82 
34 117 
148 95 
125 106 
121 59 
32 169 
86 92 
45 13 
126 79 
19 44 
31 55 
162 12 
109 129 
137 152 
71 143 
174 163 
112 56 
114 111 
145 112 
40 95 
136 131 
31 129 
114 26 
82 17 
66 163 
56 140 
9 174 
8 105 
77 113 
147 50 
117 119 
35 120 
23 125 
1 2 
98 116 
111 5 
126 116 
80 165 
157 106 
123 142 
48 164 
82 167 
142 162 
75 97 
16 141 
140 151 
15 127 
2 35 
21 106 
37 129 
53 17 
36 1 
176 124 
98 74 
19 109 
7 27 
156 87 
69 59 
169 35 
58 37 
104 175 
112 35 
113 56 
163 124 
14 127 
125 72 
34 142 
87 71 
127 65 
168 107 
36 45 
127 121 
59 119 
94 61 
76 112 
77 164 
165 16 
20 82 
168 152 
17 109 
72 3 
104 136 
8 68 
113 7 
125 50 
64 6 
91 58 
65 162 
167 161 
49 168 
11 76 
5 132 
167 44 
14 83 
74 122 
17 148 
100 138 
16 72 
34 137 
128 5 
64 72 
110 86 
8 35 
161 14 
98 108 
81 48 
109 90 
101 99 
132 90 
126 46 
102 54 
146 172 
119 97 
136 151 
48 73 
116 125 
102 28 
115 44 
41 159 
144 137 
117 116 
110 120 
148 41 
165 48 
77 125 
158 118 
115 54 
1 127 
86 44 
33 93 
63 91 
161 36 
63 39 
96 47 
23 33 
17 114 
72 24 
114 52 
79 22 
160 143 
51 8 
17 12 
42 109 
62 67 
49 167 
172 36 
99 67 
74 3 
33 126 
3 97 
29 104 
146 35 
3 139 
67 20 
81 63 
173 136 
174 42 
82 25 
11 140 
152 76 
125 6 
66 65 
65 116 
176 98 
167 90 
47 14 
13 99 
105 121 
167 77 
52 135 
21 166 
99 90 
144 59 
161 94 
66 48 
28 88 
137 146 
73 68 
151 114 
148 103 
175 12 
139 142 
34 118 
172 117 
117 38 
98 16 
157 23 
6 86 
2 52 
172 141 
146 122 
102 116 
167 131 
146 63 
165 149 
7 11 
144 87 
87 17 
114 36 
39 53 
18 36 
59 105 
78 60 
14 88 
161 80 
87 152 
97 32 
123 7 
146 124 
53 175 
130 22 
95 163 
83 98 
49 170 
163 161 
92 57 
158 95 
10 92 
141 136 
134 20 
84 141 
49 157 
136 71 
171 103 
136 95 
73 75 
66 81 
125 32 
166 114 
66 143 
86 90 
156 164 
73 53 
149 7 
65 12 
112 140 
23 40 
18 34 
165 111 
21 55 
138 23 
13 71 
66 36 
81 109 
16 84 
101 15 
27 160 
105 32 
66 55 
36 72 
171 138 
158 7 
85 93 
113 79 
100 72 
54 82 
132 124 
62 169 
153 129 
21 82 
29 110 
74 116 
46 100 
18 19 
31 40 
171 136 
169 30 
49 106 
6 100 
135 84 
122 57 
73 140 
100 143 
130 81 
140 41 
101 86 
8 60 
58 77 
175 166 
170 20 
145 144 
127 24 
7 24 
113 74 
138 139 
171 22 
148 162 
1 41 
103 116 
161 121 
96 127 
7 59 
104 60 
85 34 
137 168 
155 147 
150 89 
159 4 
159 153 
169 114 
122 156 
95 21 
108 7 
119 33 
50 64 
153 158 
91 151 
27 90 
6 23 
104 132 
114 84 
133 144 
66 86 
113 95 
52 141 
94 164 
51 42 
103 140 
157 27 
19 3 
92 175 
130 60 
4 11 
71 110 
36 71 
115 138 
35 117 
73 125 
82 150 
158 161 
164 134 
147 60 
73 146 
134 93 
48 137 
37 42 
115 168 
104 122 
4 37 
119 132 
24 50 
4 62 
18 63 
76 115 
102 134 
6 160 
48 3 
128 148 
157 54 
19 153 
11 144 
29 172 
85 36 
120 131 
65 98 
175 105 
30 102 
21 44 
79 112 
143 52 
129 140 
147 140 
172 4 
35 104 
159 81 
12 48 
99 75 
10 53 
77 94 
1 116 
148 174 
51 144 
174 6 
109 147 
29 120 
24 137 
167 40 
51 78 
104 106 
146 36 
123 25 
64 111 
144 176 
123 172 
148 97 
167 102 
84 12 
75 9 
63 32 
90 30 
35 4 
161 20 
1 30 
61 4 
79 141 
76 3 
169 166 
86 45 
11 26 
163 168 
166 17 
70 94 
157 144 
119 143 
25 26 
22 102 
55 139 
74 164 
55 142 
11 143 
46 117 
49 111 
169 52 
166 36 
118 167 
77 12 
97 162 
114 23 
21 118 
49 154 
151 127 
76 129 
16 82 
29 35 
79 90 
13 132 
66 106 
170 136 
140 54 
118 33 
101 74 
134 133 
109 176 
81 89 
80 104 
8 50 
140 60 
144 94 
16 45 
58 138 
114 82 
119 163 
152 174 
87 153 
18 4 
39 141 
74 30 
1 157 
158 165 
7 68 
14 64 
20 4 
117 22 
49 84 
109 103 
9 21 
1 120 
101 75 
124 158 
125 87 
22 17 
38 105 
111 17 
128 20 
43 29 
48 35 
54 12 
94 121 
8 135 
18 143 
109 84 
109 100 
83 4 
106 123 
174 14 
72 32 
123 40 
93 8 
90 80 
82 141 
97 130 
129 128 
114 5 
35 54 
142 110 
97 14 
67 102 
7 45 
45 150 
27 5 
174 119 
176 172 
108 25 
166 87 
58 59 
93 80 
133 111 
84 43 
129 12 
33 134 
44 147 
166 60 
26 20 
69 161 
15 40 
75 119 
7 10 
97 82 
112 16 
176 110 
116 140 
108 94 
151 23 
62 175 
35 42 
71 90 
148 145 
98 20 
4 55 
80 174 
174 1 
36 19 
122 133 
72 54 
23 121 
98 53 
69 123 
175 173 
17 39 
147 92 
129 4 
55 108 
114 47 
163 70 
67 90 
76 8 
25 136 
166 81 
81 125 
171 112 
64 12 
24 125 
136 100 
124 100 
153 110 
135 96 
129 56 
20 105 
8 121 
74 162 
95 80 
70 105 
76 91 
134 25 
48 156 
154 150 
42 55 
12 144 
70 68 
103 162 
162 167 
139 127 
16 116 
92 168 
50 132 
24 94 
41 108 
160 105 
88 111 
59 99 
117 120 
8 69 
158 78 
99 76 
119 168 
103 121 
156 81 
92 16 
48 82 
75 142 
124 10 
2 90 
69 7 
133 16 
143 56 
142 163 
134 124 
70 101 
13 125 
81 31 
65 47 
100 157 
71 121 
142 149 
134 127 
112 120 
122 34 
69 174 
73 109 
5 22 
51 86 
136 113 
65 136 
62 52 
161 4 
137 159 
38 111 
20 3 
147 158 
147 134 
49 14 
48 162 
118 42 
88 156 
48 90 
73 59 
98 23 
103 36 
40 39 
134 16 
171 97 
165 24 
77 91 
54 156 
7 131 
32 129 
120 163 
90 176 
61 3 
155 169 
52 49 
148 61 
53 20 
37 123 
165 2 
175 14 
41 30 
80 170 
137 49 
92 67 
47 148 
13 105 
96 10 
153 29 
124 154 
90 127 
102 107 
113 4 
98 85 
170 28 
115 142 
23 50 
46 6 
176 171 
109 46 
81 35 
54 95 
162 11 
71 140 
43 59 
76 175 
19 111 
27 175 
69 4 
144 125 
71 2 
79 173 
24 32 
64 36 
40 103 
84 30 
153 102 
83 9 
37 115 
134 172 
103 67 
162 144 
168 167 
44 63 
99 17 
40 152 
171 102 
98 43 
73 166 
139 50 
149 71 
172 8 
148 22 
155 37 
69 55 
23 176 
43 100 
55 151 
19 130 
64 57 
164 119 
157 74 
29 176 
1 140 
2 144 
108 77 
68 163 
73 21 
119 61 
115 12 
113 169 
78 144 
111 152 
116 114 
137 108 
133 34 
91 92 
75 69 
171 113 
40 51 
55 137 
77 84 
101 94 
125 101 
105 99 
109 133 
43 20 
153 175 
140 34 
121 151 
104 159 
30 135 
67 31 
151 19 
78 111 
57 25 
39 88 
77 93 
134 157 
172 105 
2 139 
81 15 
113 106 
160 21 
78 5 
106 169 
136 77 
103 85 
142 41 
19 161 
63 36 
21 33 
111 41 
78 31 
116 70 
125 173 
52 165 
93 68 
127 62 
105 77 
151 8 
80 24 
63 24 
122 83 
58 55 
7 107 
20 85 
156 34 
73 132 
119 121 
52 35 
81 37 
36 93 
150 139 
50 121 
9 45 
141 68 
138 92 
117 161 
132 68 
49 96 
147 31 
119 43 
102 42 
49 94 
164 120 
149 158 
40 85 
35 17 
162 166 
116 76 
34 78 
148 86 
118 122 
71 3 
89 58 
128 11 
113 167 
166 54 
62 33 
171 23 
79 68 
9 92 
102 83 
31 6 
176 20 
87 143 
24 100 
76 66 
94 87 
4 39 
150 62 
107 140 
145 157 
171 125 
28 12 
126 114 
45 167 
91 118 
102 90 
162 85 
21 65 
140 146 
167 149 
68 87 
90 39 
145 3 
95 144 
143 47 
18 17 
120 41 
35 74 
14 156 
128 32 
166 107 
146 47 
17 124 
118 40 
139 154 
87 119 
8 80 
61 39 
114 96 
137 166 
157 111 
144 159 
123 52 
147 13 
174 134 
11 44 
115 34 
109 45 
121 139 
106 62 
159 107 
126 128 
169 131 
6 176 
123 62 
19 164 
80 9 
90 130 
95 109 
126 101 
98 104 
118 59 
49 102 
129 168 
9 32 
165 92 
144 77 
116 96 
45 49 
126 35 
66 19 
174 109 
78 110 
141 30 
123 97 
30 133 
137 123 
44 58 
22 91 
128 176 
127 98 
98 22 
88 119 
107 151 
89 24 
128 6 
83 172 
48 167 
97 118 
12 8 
36 151 
38 97 
168 21 
53 14 
112 31 
154 169 
6 18 
51 34 
1 75 
16 103 
13 107 
117 73 
30 51 
164 14 
95 65 
60 45 
100 114 
159 111 
163 2 
109 54 
60 160 
172 108 
56 22 
43 163 
4 156 
76 103 
118 124 
132 148 
15 141 
151 152 
116 132 
114 165 
114 43 
155 88 
26 86 
79 162 
154 81 
2 175 
76 78 
157 170 
109 39 
68 53 
123 151 
130 58 
87 16 
30 156 
29 49 
62 128 
150 175 
144 127 
119 82 
62 57 
121 117 
70 128 
45 53 
171 82 
122 52 
114 10 
161 155 
145 46 
42 172 
140 159 
12 69 
33 75 
40 99 
111 101 
91 163 
162 53 
132 98 
146 103 
124 6 
52 140 
51 154 
20 80 
126 40 
6 93 
62 69 
163 15 
44 159 
58 156 
12 154 
79 82 
68 11 
61 156 
137 120 
26 155 
66 28 
131 1 
140 51 
95 32 
33 32 
155 86 
161 97 
109 76 
41 93 
30 38 
12 88 
107 4 
20 151 
81 50 
107 124 
176 65 
171 104 
55 141 
62 3 
140 63 
96 98 
40 26 
164 129 
130 45 
147 135 
102 36 
86 25 
102 81 
107 110 
20 154 
86 94 
109 114 
170 32 
146 88 
40 42 
25 144 
72 156 
7 52 
45 117 
114 152 
2 60 
38 102 
8 98 
170 7 
108 109 
147 16 
144 149 
76 88 
33 175 
125 165 
26 93 
42 19 
164 25 
119 170 
65 106 
86 170 
144 135 
111 8 
117 134 
125 40 
3 162 
156 51 
81 138 
169 68 
29 31 
60 167 
168 111 
55 94 
106 53 
83 50 
151 75 
75 66 
83 38 
16 32 
152 1 
147 26 
34 126 
22 172 
116 92 
37 22 
16 10 
87 32 
9 120 
29 109 
81 119 
161 108 
57 27 
47 121 
171 52 
95 165 
173 146 
10 154 
79 125 
176 167 
85 38 
135 170 
125 130 
109 98 
72 4 
11 58 
55 171 
99 110 
105 64 
141 114 
25 148 
173 112 
130 35 
141 163 
175 135 
72 42 
4 97 
136 96 
114 40 
23 77 
67 82 
159 10 
134 160 
35 38 
176 42 
14 23 
69 21 
19 55 
28 19 
86 73 
89 113 
50 39 
173 159 
92 151 
165 82 
159 65 
81 56 
144 39 
109 10 
125 62 
127 73 
96 104 
45 165 
173 29 
22 111 
62 83 
9 44 
14 52 
164 105 
41 22 
134 14 
68 43 
88 49 
165 28 
21 3 
48 171 
168 103 
64 88 
79 134 
90 126 
81 146 
18 92 
72 34 
46 43 
50 27 
44 18 
3 12 
44 88 
156 33 
40 155 
117 84 
72 145 
160 66 
58 22 
24 124 
39 84 
12 145 
156 52 
20 120 
128 43 
23 113 
87 58 
133 120 
140 115 
161 112 
173 95 
97 109 
24 4 
51 160 
136 169 
70 136 
61 34 
66 127 
154 161 
58 96 
169 16 
45 70 
110 72 
69 88 
96 63 
94 107 
21 121 
93 139 
164 110 
143 85 
90 161 
39 55 
15 136 
94 42 
42 67 
81 168 
24 75 
34 153 
147 142 
79 161 
164 166 
162 5 
123 55 
90 3 
51 17 
62 23 
98 138 
25 95 
160 169 
117 105 
153 176 
84 139 
7 15 
126 106 
120 106 
23 127 
62 94 
156 126 
172 149 
112 39 
98 89 
40 96 
152 169 
71 24 
112 43 
129 159 
53 33 
59 132 
2 57 
12 172 
101 60 
56 64 
80 46 
41 74 
59 130 
76 13 
127 101 
54 119 
86 134 
96 123 
27 138 
104 113 
133 6 
142 4 
84 8 
36 53 
14 12 
17 84 
93 49 
121 82 
25 63 
55 77 
113 90 
122 65 
84 94 
19 21 
50 29 
113 65 
164 114 
3 99 
33 129 
21 155 
129 121 
135 109 
71 147 
138 112 
52 72 
166 167 
94 169 
149 14 
148 105 
11 96 
115 176 
53 13 
153 152 
87 123 
88 100 
48 60 
32 61 
16 75 
38 20 
118 88 
66 72 
58 28 
68 52 
35 134 
34 32 
135 90 
81 149 
171 134 
79 92 
115 87 
35 15 
89 147 
100 75 
152 159 
53 163 
119 176 
103 61 
19 60 
99 91 
131 163 
164 31 
163 81 
41 43 
17 120 
172 54 
45 38 
168 2 
27 151 
24 176 
165 145 
152 24 
15 47 
144 84 
143 1 
114 87 
153 136 
106 149 
