193 5665 
85 40 152 215 46 125 72 157 142 254 89 228 253 277 262 272 222 146 138 116 118 204 119 111 245 256 1 71 30 253 300 292 99 76 28 96 61 98 38 278 167 92 221 253 92 81 109 219 224 246 29 54 84 244 223 236 187 117 128 192 150 34 54 191 61 21 113 264 177 55 241 226 59 150 11 250 56 189 147 87 91 191 158 281 254 58 138 150 249 17 124 201 99 130 299 218 184 179 236 31 96 205 262 32 247 114 129 80 238 254 284 102 269 163 238 57 124 86 12 263 155 51 83 170 97 103 273 217 249 160 206 287 173 52 114 135 186 3 46 165 53 254 136 36 89 227 158 166 275 181 251 56 186 276 266 24 216 223 79 55 282 197 99 300 274 263 179 225 92 108 60 112 212 89 18 135 4 197 197 91 81 269 22 263 6 79 52 163 291 205 134 172 207 
133 15 
30 87 
126 177 
116 56 
7 40 
52 147 
57 133 
134 109 
32 176 
171 102 
163 151 
175 64 
54 66 
43 7 
71 140 
81 66 
174 78 
60 165 
91 4 
163 157 
187 30 
43 144 
162 148 
184 114 
44 168 
127 177 
116 53 
88 160 
156 128 
134 30 
66 127 
174 20 
191 72 
42 104 
117 127 
123 180 
3 139 
154 4 
183 5 
30 145 
71 20 
179 103 
166 132 
134 123 
53 62 
153 12 
31 2 
23 17 
120 54 
155 120 
118 107 
179 20 
57 163 
62 121 
188 102 
116 98 
100 27 
53 12 
33 18 
124 104 
131 162 
26 12 
184 193 
132 43 
35 1 
115 57 
86 119 
145 60 
104 122 
180 51 
192 127 
78 185 
108 31 
171 60 
109 16 
183 117 
152 187 
24 1 
137 28 
135 174 
62 93 
148 61 
64 89 
21 129 
111 128 
129 184 
161 114 
48 45 
41 118 
171 145 
30 37 
46 15 
128 108 
104 47 
159 94 
19 18 
28 86 
128 113 
125 148 
163 31 
128 32 
121 2 
146 170 
163 56 
32 167 
97 94 
10 145 
70 42 
157 152 
30 79 
31 114 
38 126 
93 180 
159 154 
181 115 
152 69 
50 14 
159 36 
167 150 
151 67 
95 150 
18 99 
26 168 
129 9 
29 21 
168 29 
36 173 
85 23 
120 1 
78 47 
144 180 
41 120 
97 13 
5 28 
124 39 
115 182 
132 161 
66 130 
26 29 
146 116 
160 147 
170 171 
96 134 
109 80 
29 33 
61 149 
29 160 
100 34 
109 83 
16 8 
16 120 
26 27 
17 98 
103 158 
190 11 
24 39 
190 135 
114 163 
153 84 
69 169 
116 30 
157 39 
75 68 
48 64 
109 173 
117 151 
165 26 
149 190 
70 86 
173 157 
141 115 
83 112 
180 167 
42 83 
134 46 
58 166 
19 42 
8 58 
65 160 
120 52 
42 84 
7 65 
64 21 
51 70 
71 81 
94 45 
27 95 
38 32 
104 24 
17 142 
188 169 
4 189 
11 145 
5 43 
13 156 
114 142 
34 7 
107 75 
160 73 
132 63 
27 75 
163 70 
75 166 
110 143 
44 1 
47 70 
86 84 
172 182 
28 79 
28 54 
116 171 
136 141 
163 50 
108 125 
82 29 
24 166 
22 170 
151 164 
32 15 
87 192 
43 156 
181 186 
16 141 
57 180 
117 124 
106 30 
94 61 
43 126 
144 187 
34 190 
72 171 
125 186 
27 28 
92 8 
131 52 
141 40 
156 45 
104 79 
193 23 
164 143 
163 138 
51 90 
134 128 
157 1 
152 135 
120 32 
159 107 
67 5 
73 74 
173 16 
176 79 
167 3 
53 37 
46 81 
121 144 
83 48 
145 151 
49 147 
149 161 
104 178 
103 3 
20 97 
4 146 
106 18 
105 104 
186 176 
148 182 
78 39 
185 193 
73 171 
168 51 
67 112 
187 148 
37 23 
189 96 
43 142 
6 116 
187 131 
162 21 
111 122 
123 168 
109 46 
5 57 
158 109 
47 178 
86 33 
73 112 
4 110 
156 101 
106 71 
62 99 
43 85 
116 102 
16 58 
96 159 
106 169 
103 85 
45 117 
128 29 
33 118 
69 125 
53 104 
112 12 
144 146 
189 155 
133 193 
63 64 
160 122 
104 162 
25 51 
151 6 
49 102 
46 137 
36 4 
103 5 
170 179 
153 102 
85 1 
160 177 
112 27 
79 48 
187 103 
5 146 
54 31 
96 38 
78 3 
10 128 
101 189 
122 145 
180 70 
109 161 
100 22 
2 44 
153 100 
27 159 
160 126 
103 75 
87 111 
116 118 
125 14 
181 137 
129 189 
51 107 
99 136 
151 11 
182 176 
146 132 
42 88 
21 24 
42 162 
148 10 
46 30 
88 186 
137 105 
86 173 
91 66 
126 80 
160 57 
129 105 
85 161 
121 125 
56 115 
20 124 
51 131 
8 114 
46 65 
47 125 
20 29 
47 162 
100 191 
125 30 
130 46 
47 110 
64 94 
177 108 
118 105 
79 180 
87 29 
6 18 
168 30 
145 55 
126 60 
32 81 
35 181 
16 59 
83 68 
190 193 
45 57 
38 147 
123 193 
140 134 
102 149 
148 62 
1 71 
6 169 
148 170 
138 17 
30 48 
6 192 
5 190 
97 143 
145 78 
11 51 
141 61 
164 173 
84 148 
183 55 
89 127 
130 81 
7 118 
128 150 
67 191 
66 104 
139 137 
184 172 
47 71 
159 141 
60 170 
123 160 
67 132 
159 122 
118 58 
175 156 
191 132 
175 138 
103 104 
24 25 
121 177 
172 91 
22 20 
18 74 
112 182 
47 72 
146 136 
49 53 
167 20 
183 61 
125 68 
21 15 
117 72 
145 101 
178 48 
140 88 
155 55 
138 80 
118 83 
16 103 
53 135 
132 144 
76 68 
69 151 
80 46 
130 65 
52 76 
192 29 
70 21 
77 78 
143 104 
15 90 
135 181 
3 94 
162 82 
70 127 
11 27 
46 190 
175 9 
62 132 
87 163 
52 123 
17 79 
103 31 
108 39 
32 12 
100 8 
101 83 
22 148 
76 55 
164 35 
93 38 
180 127 
113 117 
181 189 
9 99 
12 77 
48 93 
52 56 
118 78 
21 177 
167 17 
26 188 
34 186 
6 126 
44 173 
169 161 
121 107 
19 51 
5 142 
13 31 
54 18 
128 50 
82 46 
29 125 
130 96 
43 176 
96 175 
58 103 
181 86 
130 151 
38 155 
13 182 
46 42 
187 11 
98 41 
90 73 
75 43 
60 106 
172 38 
6 131 
115 96 
64 179 
161 150 
53 92 
192 7 
122 173 
59 68 
94 15 
135 131 
162 164 
75 125 
182 73 
120 55 
174 125 
92 30 
170 157 
170 11 
59 92 
112 7 
171 45 
30 15 
143 83 
148 83 
95 177 
191 159 
45 145 
107 20 
123 73 
166 91 
21 135 
23 173 
61 108 
105 193 
104 115 
35 185 
97 50 
9 166 
182 146 
142 30 
67 133 
178 123 
159 73 
84 83 
71 174 
37 61 
33 104 
22 142 
64 191 
114 155 
141 172 
70 177 
58 104 
131 177 
83 147 
123 5 
190 182 
186 73 
123 35 
26 137 
110 19 
173 123 
96 7 
106 186 
55 92 
188 68 
188 70 
76 35 
115 17 
128 72 
54 126 
112 21 
184 3 
85 44 
147 19 
118 37 
168 105 
134 83 
129 25 
166 2 
95 17 
55 158 
63 121 
85 166 
97 149 
65 76 
31 77 
122 118 
70 75 
20 133 
110 190 
23 144 
63 143 
177 31 
66 109 
54 12 
169 55 
60 183 
85 17 
15 183 
86 31 
135 168 
132 90 
189 71 
60 141 
126 193 
122 124 
43 174 
27 166 
170 64 
102 8 
98 64 
175 73 
135 107 
32 165 
70 20 
54 138 
123 170 
94 140 
128 99 
94 88 
52 59 
72 29 
101 190 
115 95 
66 181 
181 15 
42 21 
113 148 
148 78 
69 185 
104 10 
171 76 
149 98 
155 130 
131 175 
101 158 
158 139 
111 29 
132 24 
13 113 
128 101 
153 78 
29 144 
176 26 
83 14 
75 143 
146 64 
44 122 
90 149 
111 18 
170 29 
168 84 
30 104 
104 153 
162 63 
32 50 
177 85 
76 93 
124 127 
167 156 
127 108 
71 116 
160 105 
40 161 
69 141 
103 91 
174 64 
152 5 
174 187 
37 68 
82 179 
37 158 
87 162 
70 19 
187 110 
141 31 
85 7 
127 141 
143 78 
142 147 
121 166 
69 168 
64 56 
188 7 
115 22 
136 45 
78 189 
63 35 
57 138 
111 168 
190 148 
29 47 
143 77 
81 120 
84 186 
119 186 
6 177 
37 144 
65 159 
119 190 
103 86 
176 29 
180 190 
125 155 
65 64 
93 89 
23 64 
27 157 
57 95 
86 134 
90 115 
84 185 
11 117 
186 90 
27 46 
165 176 
52 24 
55 20 
168 56 
80 10 
98 6 
149 38 
185 191 
32 73 
187 32 
68 110 
157 38 
6 48 
143 14 
11 186 
67 152 
105 103 
141 18 
183 129 
175 41 
116 175 
54 105 
87 161 
11 100 
188 84 
78 140 
50 7 
44 98 
78 46 
25 29 
170 125 
161 115 
181 184 
47 23 
34 156 
17 147 
101 58 
134 119 
105 102 
15 53 
72 180 
39 182 
48 91 
109 135 
184 26 
43 56 
38 183 
173 69 
156 139 
127 100 
150 88 
55 99 
91 85 
9 113 
89 159 
135 71 
145 71 
153 52 
14 11 
13 53 
43 121 
169 193 
10 165 
7 23 
138 25 
161 141 
139 77 
141 162 
143 100 
112 102 
170 44 
161 110 
73 177 
2 68 
82 41 
90 137 
49 45 
176 58 
38 153 
52 43 
70 77 
84 172 
165 106 
87 135 
36 98 
55 130 
114 148 
152 167 
6 21 
137 143 
24 130 
127 135 
14 19 
158 106 
71 33 
22 120 
17 7 
35 14 
64 72 
188 159 
115 77 
89 87 
69 163 
87 136 
159 139 
29 156 
130 10 
56 39 
26 102 
189 52 
82 50 
118 174 
51 136 
3 53 
65 143 
193 101 
1 11 
124 29 
120 101 
107 153 
91 189 
133 88 
9 108 
7 190 
12 75 
34 121 
41 184 
8 61 
42 168 
136 13 
78 67 
93 95 
147 179 
35 190 
151 40 
93 164 
14 69 
40 140 
157 19 
64 137 
44 41 
132 112 
107 45 
149 24 
157 66 
127 186 
81 89 
97 135 
172 189 
64 168 
82 93 
152 6 
5 173 
131 61 
107 176 
184 6 
161 147 
164 184 
89 96 
99 24 
63 163 
81 41 
113 28 
120 40 
28 187 
124 49 
173 38 
55 44 
43 116 
61 10 
15 180 
174 32 
80 53 
57 61 
149 192 
98 45 
2 116 
101 183 
111 130 
50 70 
175 143 
122 176 
3 24 
21 86 
140 50 
173 56 
111 113 
42 25 
76 62 
168 157 
44 9 
161 166 
151 186 
101 49 
171 18 
97 103 
191 184 
148 129 
69 48 
6 82 
71 80 
83 105 
86 17 
81 47 
5 96 
10 160 
182 78 
162 96 
128 21 
23 117 
37 10 
146 34 
23 177 
58 34 
177 14 
79 83 
188 125 
2 149 
128 152 
11 44 
186 126 
176 133 
58 17 
111 3 
187 155 
120 87 
152 24 
102 133 
151 61 
170 105 
48 39 
91 173 
68 127 
68 17 
32 188 
7 33 
9 164 
108 99 
95 43 
22 182 
96 173 
57 148 
55 104 
2 9 
68 11 
60 83 
114 180 
188 161 
154 127 
40 172 
51 183 
48 181 
11 86 
48 190 
5 129 
7 42 
156 32 
161 83 
53 76 
108 186 
4 157 
136 133 
144 186 
25 174 
170 180 
57 64 
80 181 
44 89 
181 19 
146 47 
36 63 
18 113 
113 92 
165 124 
34 135 
85 24 
37 20 
77 75 
157 169 
149 62 
68 36 
184 179 
41 144 
156 40 
62 191 
150 116 
107 28 
176 104 
175 31 
121 130 
99 87 
140 20 
20 83 
190 134 
13 190 
187 75 
129 143 
87 178 
127 31 
150 157 
66 63 
36 50 
140 101 
185 157 
133 58 
76 119 
52 25 
117 12 
49 96 
117 121 
167 81 
144 147 
110 73 
127 22 
181 174 
71 93 
115 167 
147 182 
172 31 
69 144 
92 80 
140 32 
182 167 
94 108 
61 38 
141 39 
189 76 
80 47 
96 98 
129 18 
93 34 
166 129 
90 70 
26 34 
59 110 
51 125 
188 17 
159 60 
93 150 
86 106 
146 30 
186 117 
168 76 
98 180 
37 19 
184 36 
58 117 
11 65 
148 109 
179 188 
48 99 
18 11 
57 158 
164 110 
88 61 
89 33 
4 161 
115 16 
93 183 
15 190 
191 178 
122 58 
177 113 
146 97 
115 76 
160 94 
60 44 
144 111 
120 138 
34 171 
32 31 
65 177 
161 1 
14 138 
118 35 
101 100 
137 156 
112 108 
52 149 
58 106 
21 115 
52 180 
168 7 
2 14 
87 37 
74 166 
39 123 
131 93 
176 125 
26 124 
68 49 
30 82 
70 43 
13 42 
107 8 
191 124 
21 169 
164 168 
77 25 
45 112 
175 66 
178 91 
113 15 
32 92 
110 95 
36 106 
148 87 
120 149 
122 188 
32 56 
40 125 
178 38 
14 31 
93 179 
74 183 
178 155 
24 53 
22 131 
18 60 
42 20 
31 112 
50 171 
14 9 
106 112 
4 90 
21 3 
104 80 
87 2 
166 4 
31 94 
185 112 
48 149 
175 150 
114 85 
74 117 
112 174 
186 99 
1 133 
31 166 
10 121 
70 128 
119 50 
51 53 
131 97 
90 65 
6 117 
132 157 
53 71 
90 177 
137 141 
148 110 
88 30 
15 58 
113 19 
160 64 
103 25 
68 123 
106 49 
67 35 
104 123 
152 108 
139 118 
135 42 
61 67 
16 111 
133 83 
14 22 
69 101 
146 46 
66 151 
61 166 
175 142 
62 166 
5 40 
32 29 
150 18 
17 42 
15 150 
126 79 
16 187 
84 138 
97 169 
22 126 
56 157 
34 32 
137 40 
45 110 
42 154 
39 109 
30 99 
98 54 
37 64 
85 67 
69 131 
120 142 
83 35 
186 50 
83 96 
96 122 
67 24 
130 88 
117 89 
103 160 
8 53 
48 129 
53 153 
115 162 
81 102 
96 176 
182 58 
138 135 
105 192 
17 38 
49 126 
148 146 
168 49 
74 67 
155 115 
152 86 
127 168 
150 26 
44 132 
111 193 
62 8 
141 8 
111 53 
185 41 
67 155 
181 88 
164 141 
93 190 
53 171 
144 1 
134 158 
109 193 
21 41 
139 69 
2 154 
86 147 
95 183 
35 166 
193 143 
106 185 
99 110 
26 16 
15 10 
107 171 
71 113 
13 130 
110 25 
60 93 
183 69 
7 63 
37 45 
16 9 
178 121 
161 2 
3 147 
111 79 
94 149 
125 21 
30 89 
179 163 
33 137 
72 181 
91 183 
98 130 
120 50 
141 148 
119 117 
172 185 
42 69 
70 59 
149 12 
24 42 
45 47 
91 5 
67 174 
127 143 
27 192 
192 165 
67 171 
181 176 
42 61 
87 105 
149 9 
110 184 
79 39 
23 10 
47 53 
57 19 
70 193 
95 109 
10 4 
24 90 
53 96 
166 142 
13 25 
85 92 
149 87 
68 14 
78 41 
141 153 
109 187 
92 144 
190 169 
179 79 
56 118 
119 191 
154 146 
74 36 
166 137 
105 122 
124 155 
168 103 
12 30 
180 87 
51 138 
115 13 
137 108 
87 17 
43 72 
78 126 
33 39 
162 167 
8 76 
90 30 
9 150 
29 76 
173 102 
63 80 
166 44 
60 181 
39 87 
8 135 
84 9 
2 36 
159 172 
137 157 
144 73 
102 128 
10 56 
120 85 
177 20 
31 173 
169 160 
27 106 
166 36 
93 73 
57 114 
179 84 
81 39 
144 175 
75 173 
17 77 
177 75 
124 81 
9 7 
118 126 
165 177 
152 111 
107 25 
111 117 
21 91 
17 36 
122 28 
150 5 
179 69 
15 5 
4 137 
191 78 
113 157 
162 8 
118 183 
31 174 
16 166 
165 39 
149 40 
114 46 
75 72 
47 164 
190 81 
38 185 
39 190 
104 59 
56 1 
107 35 
180 181 
126 152 
147 170 
22 110 
96 123 
151 182 
51 150 
151 7 
49 165 
166 45 
14 20 
173 65 
38 76 
93 122 
84 58 
83 106 
180 177 
3 5 
53 83 
61 193 
107 145 
10 163 
99 16 
167 6 
107 91 
118 8 
9 42 
12 99 
3 145 
122 120 
169 75 
24 119 
74 14 
22 141 
192 139 
19 126 
83 100 
88 100 
185 167 
50 3 
187 145 
93 161 
148 126 
151 98 
74 33 
82 78 
93 83 
124 169 
52 127 
143 3 
153 176 
125 10 
34 40 
41 79 
115 176 
187 73 
64 185 
44 137 
108 78 
36 102 
45 192 
47 35 
167 86 
187 181 
129 83 
30 107 
113 145 
52 79 
63 47 
105 11 
70 94 
35 25 
84 49 
157 179 
45 93 
105 16 
84 122 
39 183 
45 165 
89 180 
100 107 
50 175 
179 191 
39 192 
135 43 
111 42 
142 144 
164 94 
110 75 
87 50 
72 45 
33 90 
133 35 
17 4 
89 42 
184 22 
67 58 
116 113 
24 58 
97 159 
37 154 
16 147 
182 87 
157 85 
180 4 
59 168 
3 132 
192 155 
129 115 
193 150 
24 16 
132 19 
74 174 
80 160 
62 7 
14 102 
29 36 
46 158 
150 176 
114 181 
152 130 
190 60 
46 151 
30 177 
60 17 
128 142 
31 106 
124 189 
110 118 
162 140 
5 187 
165 101 
133 91 
156 100 
1 64 
110 38 
133 185 
142 69 
73 146 
40 79 
148 24 
86 64 
65 121 
151 190 
127 49 
17 113 
139 144 
175 38 
18 125 
93 143 
126 179 
182 188 
68 65 
19 124 
52 112 
147 14 
69 90 
126 73 
110 192 
21 5 
134 159 
165 62 
11 127 
23 152 
101 20 
96 186 
102 170 
141 112 
20 104 
46 181 
43 45 
174 68 
13 153 
175 101 
159 82 
42 96 
83 2 
87 31 
183 79 
50 60 
29 41 
140 18 
169 30 
121 179 
164 88 
59 166 
54 151 
73 181 
151 82 
108 173 
14 30 
56 193 
15 83 
124 65 
34 152 
86 12 
113 166 
173 40 
12 15 
48 108 
10 122 
167 148 
125 20 
118 150 
18 185 
95 69 
85 62 
151 42 
67 33 
71 149 
80 21 
120 103 
87 36 
95 32 
24 26 
67 84 
37 182 
122 182 
29 126 
114 80 
68 118 
174 180 
170 152 
115 172 
161 27 
99 82 
147 21 
101 160 
150 155 
24 140 
14 85 
125 32 
117 73 
104 172 
103 68 
155 153 
126 13 
44 75 
42 23 
29 179 
124 107 
132 94 
27 48 
26 21 
153 130 
179 40 
129 22 
48 13 
44 54 
101 93 
161 99 
88 3 
106 37 
44 140 
78 73 
32 59 
150 71 
68 82 
175 124 
177 7 
85 80 
74 7 
160 28 
38 50 
11 135 
128 143 
10 65 
177 193 
71 55 
63 12 
19 17 
168 91 
3 49 
26 178 
173 161 
50 152 
94 28 
155 180 
188 64 
47 157 
123 165 
45 91 
184 149 
1 70 
151 64 
163 124 
167 45 
99 4 
137 128 
52 111 
187 115 
167 155 
191 131 
105 39 
48 159 
191 186 
153 123 
90 54 
88 97 
123 83 
23 134 
38 158 
134 154 
46 4 
8 169 
76 86 
170 67 
31 3 
75 42 
40 106 
36 136 
132 116 
139 164 
139 26 
59 126 
53 139 
109 124 
158 136 
154 139 
96 142 
161 57 
106 170 
83 160 
150 81 
142 171 
179 108 
53 97 
123 135 
109 38 
9 47 
114 97 
75 160 
30 156 
145 158 
41 8 
127 153 
100 190 
45 133 
30 73 
47 103 
176 30 
177 60 
46 112 
122 88 
17 172 
70 179 
20 23 
70 83 
180 43 
147 176 
14 116 
89 151 
68 45 
101 153 
150 102 
188 28 
3 56 
164 117 
53 109 
129 168 
40 62 
165 175 
43 59 
150 137 
136 147 
5 70 
58 52 
19 162 
118 137 
67 104 
103 148 
81 153 
192 169 
137 81 
51 153 
145 47 
51 134 
47 98 
78 112 
66 64 
90 169 
119 78 
26 135 
95 30 
138 18 
14 167 
6 118 
104 134 
87 5 
44 183 
92 36 
162 107 
104 107 
62 106 
141 43 
90 101 
83 179 
2 146 
94 126 
58 56 
125 158 
183 42 
92 173 
73 185 
186 118 
116 148 
20 142 
51 91 
191 165 
62 42 
104 70 
27 180 
131 48 
2 115 
158 112 
135 142 
164 2 
6 178 
75 170 
96 75 
83 63 
133 49 
15 178 
97 90 
74 65 
69 12 
164 176 
73 65 
179 60 
122 119 
65 86 
83 104 
109 45 
113 16 
95 119 
154 78 
10 174 
130 90 
46 144 
44 23 
172 162 
118 190 
141 120 
130 113 
130 39 
60 70 
154 156 
30 49 
163 147 
85 89 
56 156 
27 137 
109 166 
80 110 
154 82 
5 12 
92 23 
152 18 
83 74 
127 190 
172 42 
91 176 
104 27 
76 96 
101 123 
21 79 
176 163 
22 76 
139 100 
39 67 
76 95 
97 22 
174 27 
143 167 
185 28 
135 37 
5 50 
180 83 
4 37 
147 123 
18 96 
1 113 
164 58 
106 46 
5 54 
81 123 
41 153 
146 12 
43 66 
139 82 
158 182 
57 39 
89 179 
9 1 
9 6 
78 81 
154 104 
41 157 
75 16 
23 156 
175 139 
7 147 
10 60 
25 119 
183 137 
153 2 
49 24 
134 70 
65 98 
52 191 
166 37 
61 56 
112 178 
28 156 
182 133 
17 173 
39 146 
169 94 
82 183 
51 99 
193 180 
14 103 
93 105 
12 125 
6 113 
148 81 
123 98 
44 147 
7 75 
81 54 
77 190 
142 42 
192 14 
135 20 
19 6 
36 14 
87 121 
26 186 
27 85 
32 91 
54 89 
45 128 
64 62 
94 49 
38 94 
164 133 
112 118 
148 77 
119 116 
162 142 
161 181 
131 130 
38 80 
32 101 
149 106 
48 126 
52 42 
3 43 
128 114 
133 151 
169 2 
163 2 
131 78 
67 88 
87 33 
94 85 
106 124 
39 172 
45 77 
4 74 
67 158 
58 115 
150 114 
122 47 
43 89 
122 14 
154 52 
140 86 
138 56 
92 91 
86 116 
135 119 
123 188 
156 52 
176 141 
130 2 
149 174 
169 108 
34 163 
65 183 
41 170 
19 12 
148 153 
26 192 
62 13 
12 152 
131 116 
97 65 
107 152 
113 150 
107 132 
23 62 
176 6 
170 47 
99 175 
83 126 
56 36 
125 31 
160 2 
55 79 
98 138 
136 29 
33 28 
83 45 
169 7 
49 25 
13 111 
21 59 
96 40 
3 134 
57 53 
115 55 
150 42 
150 162 
67 13 
103 126 
59 120 
90 20 
72 120 
58 73 
12 181 
42 144 
69 106 
105 53 
10 85 
84 146 
123 119 
77 68 
123 12 
173 94 
23 79 
123 14 
115 47 
67 96 
142 67 
169 48 
188 9 
13 83 
93 112 
181 31 
100 28 
114 100 
162 156 
146 25 
77 117 
172 21 
83 164 
47 193 
32 163 
127 164 
51 185 
165 9 
148 183 
6 172 
99 132 
132 46 
132 92 
87 32 
7 141 
66 171 
136 58 
69 56 
53 156 
154 191 
156 66 
146 21 
111 12 
118 143 
10 105 
60 2 
50 47 
37 191 
91 151 
162 24 
114 179 
49 176 
83 136 
101 10 
120 74 
82 61 
77 32 
96 82 
181 76 
54 20 
66 10 
49 132 
161 47 
181 107 
138 69 
3 105 
162 135 
160 189 
183 126 
129 100 
98 60 
30 93 
24 170 
60 87 
112 11 
30 66 
124 128 
100 65 
173 154 
49 139 
60 71 
2 189 
186 61 
95 28 
133 134 
32 159 
125 107 
168 81 
187 182 
171 128 
78 93 
141 46 
107 130 
132 118 
18 30 
133 105 
43 190 
51 193 
52 96 
128 57 
143 35 
133 89 
138 4 
106 175 
83 31 
176 72 
173 175 
172 90 
182 19 
62 161 
112 99 
117 167 
7 92 
108 166 
144 96 
86 166 
50 154 
76 25 
127 81 
94 40 
119 63 
34 178 
63 139 
193 121 
150 6 
53 82 
159 24 
13 18 
187 101 
143 57 
47 31 
7 57 
166 123 
142 179 
160 118 
75 184 
177 81 
144 181 
150 101 
187 173 
148 97 
16 133 
16 97 
119 23 
25 63 
27 142 
172 174 
181 118 
91 101 
94 172 
181 154 
105 98 
132 83 
132 129 
8 156 
70 107 
64 130 
88 105 
110 153 
74 5 
142 62 
86 1 
97 152 
113 2 
189 148 
22 37 
97 119 
91 29 
40 15 
104 132 
142 36 
7 106 
91 53 
122 61 
94 71 
162 121 
48 24 
165 56 
190 28 
129 29 
142 2 
62 36 
127 182 
71 89 
111 176 
49 20 
38 104 
5 186 
185 94 
79 98 
173 182 
56 54 
138 151 
148 14 
119 182 
124 183 
173 14 
180 8 
187 17 
9 191 
59 63 
153 35 
95 67 
5 27 
28 132 
122 83 
3 107 
73 42 
130 1 
13 73 
169 70 
4 147 
61 133 
178 21 
97 54 
90 26 
85 108 
65 140 
95 5 
118 76 
140 41 
169 68 
31 152 
182 47 
34 185 
114 23 
112 79 
142 173 
90 105 
171 85 
63 188 
192 79 
146 120 
37 50 
114 160 
13 91 
8 63 
174 106 
54 24 
138 77 
58 161 
129 123 
162 161 
93 51 
112 15 
94 125 
91 175 
108 27 
17 43 
129 30 
16 45 
97 193 
107 131 
191 19 
79 43 
48 96 
26 94 
138 146 
65 163 
49 111 
169 93 
112 129 
140 80 
161 39 
126 45 
130 99 
29 157 
70 74 
36 145 
117 149 
131 115 
110 167 
142 13 
2 20 
105 42 
167 77 
175 154 
158 173 
49 175 
102 168 
145 155 
101 48 
150 185 
126 143 
188 114 
103 119 
57 6 
68 121 
134 155 
102 17 
37 164 
61 190 
150 66 
12 131 
175 115 
122 7 
30 115 
90 167 
91 159 
149 54 
85 186 
115 180 
79 156 
126 55 
190 145 
91 88 
107 12 
173 3 
185 141 
72 135 
154 94 
76 73 
183 134 
10 51 
124 18 
152 28 
141 45 
128 75 
150 48 
183 58 
103 13 
56 181 
4 191 
63 116 
167 165 
127 183 
173 64 
163 83 
141 169 
45 155 
48 152 
141 68 
30 139 
66 176 
41 192 
169 136 
163 137 
22 40 
91 118 
126 136 
158 21 
94 75 
29 146 
104 52 
183 81 
111 155 
7 56 
146 95 
192 100 
6 20 
24 77 
73 88 
77 184 
128 122 
55 6 
193 92 
119 46 
148 112 
171 21 
63 174 
52 177 
91 93 
47 90 
173 4 
181 1 
102 53 
186 172 
193 49 
181 156 
19 71 
185 40 
42 82 
185 105 
179 14 
59 45 
95 120 
127 77 
115 24 
190 86 
85 136 
79 82 
54 183 
187 104 
101 85 
169 181 
20 136 
12 55 
65 24 
135 1 
29 173 
133 66 
142 37 
66 191 
99 92 
49 103 
5 134 
150 188 
188 10 
7 54 
110 136 
175 54 
93 186 
46 23 
89 184 
26 148 
106 73 
28 138 
170 35 
61 154 
174 96 
43 177 
55 174 
136 145 
95 149 
52 7 
112 166 
68 74 
170 85 
71 182 
184 98 
145 167 
189 73 
38 108 
20 63 
111 77 
46 59 
69 79 
166 8 
174 72 
109 63 
34 173 
178 53 
160 168 
147 121 
124 116 
117 100 
70 73 
19 186 
63 32 
98 193 
77 156 
146 91 
126 114 
57 118 
103 32 
52 167 
35 57 
15 130 
135 176 
153 83 
143 172 
153 184 
177 61 
145 67 
46 176 
120 183 
58 154 
54 129 
173 93 
146 112 
126 108 
97 142 
18 148 
65 122 
10 32 
40 44 
16 134 
60 63 
128 25 
146 42 
158 107 
169 105 
15 129 
120 90 
178 192 
140 58 
8 49 
40 43 
190 165 
148 151 
191 175 
118 106 
70 159 
83 29 
183 176 
43 162 
180 150 
109 132 
14 152 
16 79 
145 163 
18 102 
11 93 
159 14 
147 102 
13 169 
94 84 
34 180 
88 16 
189 113 
178 9 
5 65 
192 112 
80 186 
81 72 
178 193 
9 55 
132 10 
160 93 
38 124 
25 79 
89 189 
29 4 
111 45 
47 134 
49 2 
108 56 
148 20 
177 64 
158 59 
76 166 
5 122 
176 53 
95 174 
49 170 
99 150 
101 77 
78 117 
183 98 
25 130 
32 177 
160 5 
126 150 
26 45 
171 23 
34 38 
59 27 
150 97 
145 170 
178 76 
175 18 
3 178 
166 18 
34 82 
84 113 
55 123 
169 104 
146 36 
137 79 
164 148 
7 79 
61 16 
183 132 
8 120 
49 108 
42 110 
47 38 
74 57 
171 84 
190 76 
96 99 
125 141 
183 49 
15 51 
10 57 
18 53 
98 117 
147 101 
134 117 
139 134 
98 51 
146 105 
18 2 
115 62 
182 32 
31 180 
167 70 
132 170 
142 153 
19 79 
1 173 
175 97 
165 119 
9 79 
13 154 
11 73 
143 133 
47 136 
103 74 
50 88 
47 36 
81 65 
184 134 
107 50 
51 154 
52 84 
66 2 
93 106 
33 178 
11 130 
146 128 
181 142 
90 60 
186 129 
141 154 
50 114 
193 28 
67 83 
187 118 
33 127 
25 88 
155 126 
73 153 
104 15 
49 11 
41 142 
9 116 
186 40 
79 129 
144 79 
10 69 
49 169 
43 16 
126 91 
86 15 
161 185 
37 109 
168 47 
161 84 
1 88 
21 190 
66 5 
74 42 
145 192 
78 66 
104 157 
80 136 
64 71 
138 144 
5 164 
151 171 
14 151 
22 90 
146 121 
58 70 
20 137 
154 76 
63 16 
168 37 
45 6 
105 31 
43 112 
14 150 
162 61 
122 40 
127 107 
150 186 
16 183 
95 50 
139 16 
64 13 
90 99 
160 23 
151 114 
6 138 
162 40 
167 64 
123 105 
140 171 
36 185 
30 81 
123 154 
88 76 
104 2 
13 81 
13 160 
155 177 
24 17 
106 168 
32 72 
113 164 
190 107 
91 19 
153 61 
6 164 
149 5 
147 35 
107 192 
63 92 
133 23 
164 96 
193 20 
9 38 
51 163 
44 18 
50 96 
39 155 
1 45 
17 94 
38 71 
175 171 
102 19 
162 2 
175 155 
52 12 
8 9 
150 149 
31 84 
40 133 
192 78 
2 171 
42 32 
120 19 
1 81 
74 142 
39 116 
7 26 
53 182 
35 15 
170 128 
40 164 
124 180 
18 134 
43 191 
80 60 
183 192 
140 167 
42 45 
148 172 
165 139 
64 50 
72 186 
190 137 
87 46 
12 18 
178 28 
119 73 
132 188 
81 174 
115 158 
171 155 
60 32 
38 65 
114 153 
67 167 
93 81 
69 52 
54 57 
88 49 
20 12 
124 171 
146 153 
34 29 
11 54 
68 98 
8 17 
76 133 
121 92 
88 135 
37 108 
3 104 
181 99 
24 76 
88 165 
53 100 
87 110 
48 56 
36 129 
20 164 
59 131 
94 113 
8 10 
137 147 
157 54 
179 186 
53 148 
63 175 
69 162 
53 185 
102 187 
146 118 
54 14 
15 172 
113 172 
134 84 
41 129 
179 2 
29 86 
148 51 
54 101 
53 177 
65 152 
53 170 
63 189 
184 106 
142 11 
20 143 
133 104 
107 128 
163 4 
30 138 
41 57 
98 161 
109 17 
10 103 
53 137 
6 32 
175 28 
37 123 
109 24 
43 23 
174 45 
135 185 
184 113 
49 61 
152 98 
148 122 
174 34 
75 15 
171 62 
33 155 
5 88 
180 18 
140 53 
180 117 
32 93 
160 127 
112 75 
181 164 
92 43 
128 174 
24 136 
83 77 
142 152 
167 1 
113 97 
38 190 
46 56 
113 40 
52 63 
178 7 
85 90 
148 90 
164 153 
158 122 
11 178 
1 33 
47 177 
141 187 
117 65 
136 149 
162 193 
128 27 
187 48 
60 146 
64 52 
158 15 
68 81 
189 16 
72 136 
168 131 
145 121 
47 28 
88 52 
166 128 
54 99 
31 24 
134 89 
67 72 
9 168 
160 1 
84 30 
73 48 
7 89 
59 8 
67 137 
20 88 
96 84 
170 86 
151 4 
165 37 
3 186 
135 47 
34 22 
183 94 
109 77 
118 72 
60 96 
63 89 
141 86 
188 174 
171 161 
39 31 
97 182 
15 119 
107 101 
111 93 
79 107 
176 138 
162 22 
128 151 
154 54 
119 153 
117 66 
174 18 
9 180 
191 49 
109 179 
90 67 
89 10 
2 10 
7 13 
138 102 
139 170 
139 50 
162 20 
109 101 
65 69 
84 120 
177 192 
131 23 
2 33 
119 81 
132 128 
178 85 
156 124 
117 4 
147 148 
48 128 
146 100 
116 180 
35 183 
46 170 
123 151 
130 193 
61 15 
157 37 
192 123 
145 59 
66 180 
30 4 
19 10 
46 100 
4 122 
101 14 
55 85 
181 113 
23 66 
31 169 
138 162 
55 119 
150 80 
159 49 
175 2 
5 20 
8 178 
11 75 
71 51 
116 161 
88 83 
134 54 
193 43 
75 92 
31 143 
136 137 
80 99 
145 4 
82 103 
121 135 
26 138 
132 162 
130 143 
82 24 
161 54 
59 175 
53 10 
63 77 
136 123 
175 5 
66 20 
121 66 
5 29 
140 143 
15 116 
1 148 
37 170 
76 63 
145 104 
41 136 
174 114 
103 163 
41 67 
59 103 
73 59 
163 94 
170 28 
10 177 
178 59 
21 9 
34 130 
189 14 
160 70 
119 131 
113 122 
136 152 
96 26 
36 84 
161 112 
190 24 
17 90 
144 25 
71 114 
5 145 
137 48 
46 58 
177 97 
4 152 
160 95 
66 16 
20 44 
88 38 
114 14 
50 165 
98 167 
75 139 
76 188 
187 100 
100 102 
130 144 
147 145 
125 113 
145 80 
117 143 
127 14 
36 110 
189 169 
105 163 
60 133 
151 13 
136 34 
106 111 
5 6 
52 103 
51 79 
167 188 
143 25 
99 29 
45 178 
47 61 
29 142 
8 134 
35 43 
76 126 
79 70 
90 72 
69 54 
159 176 
38 48 
44 138 
76 169 
38 163 
114 125 
64 79 
60 59 
42 143 
147 30 
82 190 
126 151 
68 111 
184 35 
109 85 
74 101 
73 25 
9 117 
111 89 
183 59 
143 56 
133 47 
140 17 
7 83 
40 85 
187 8 
102 10 
38 75 
90 48 
183 165 
158 22 
124 145 
41 65 
113 144 
37 96 
126 173 
40 114 
129 164 
10 109 
166 78 
7 108 
75 65 
37 8 
93 43 
158 178 
39 93 
149 78 
66 96 
57 47 
43 108 
142 187 
44 80 
164 15 
182 156 
118 87 
123 87 
77 39 
191 1 
116 48 
180 165 
123 162 
53 103 
91 100 
102 23 
92 188 
111 51 
137 75 
161 148 
165 121 
84 116 
122 117 
153 62 
94 170 
120 113 
10 21 
14 91 
124 46 
165 42 
55 75 
172 173 
72 140 
114 116 
68 108 
28 85 
76 12 
82 122 
19 180 
85 160 
80 139 
1 118 
137 124 
190 3 
52 144 
168 181 
151 122 
193 50 
188 145 
106 42 
43 119 
99 45 
179 50 
151 58 
4 92 
187 29 
20 62 
141 34 
8 113 
147 124 
87 171 
99 1 
170 66 
170 110 
167 47 
182 59 
189 106 
87 77 
4 1 
168 36 
68 143 
152 113 
153 58 
82 132 
107 34 
179 149 
30 171 
134 145 
22 183 
40 109 
119 32 
186 16 
23 103 
91 23 
83 107 
76 9 
20 132 
29 62 
79 141 
100 108 
122 181 
16 143 
103 125 
2 26 
106 92 
8 65 
158 126 
110 101 
177 123 
121 56 
78 43 
71 100 
62 183 
56 154 
32 127 
166 57 
189 133 
141 140 
125 185 
117 19 
48 160 
45 62 
81 14 
29 28 
124 136 
47 15 
116 11 
17 108 
53 55 
162 151 
32 181 
79 161 
191 155 
22 82 
97 147 
63 54 
82 52 
26 87 
132 45 
38 148 
165 153 
161 6 
189 90 
121 184 
132 165 
116 95 
75 2 
125 56 
44 171 
170 57 
55 49 
93 167 
112 58 
174 90 
179 182 
8 34 
14 139 
189 126 
24 129 
78 193 
119 156 
187 54 
81 43 
14 82 
108 161 
57 71 
50 48 
95 94 
115 51 
74 135 
42 123 
11 129 
4 119 
59 144 
47 76 
119 83 
145 74 
153 3 
151 12 
154 72 
146 126 
6 65 
102 120 
117 96 
57 89 
33 156 
3 101 
66 38 
157 106 
36 147 
95 143 
7 35 
98 158 
78 104 
28 21 
19 26 
33 79 
135 117 
125 78 
131 2 
121 59 
149 47 
129 169 
95 80 
114 96 
125 106 
66 75 
171 123 
46 105 
173 79 
167 44 
25 121 
189 166 
99 26 
46 147 
166 48 
154 28 
91 63 
26 11 
167 146 
179 77 
5 117 
17 131 
50 164 
183 121 
128 81 
146 28 
106 22 
94 184 
185 179 
123 78 
59 180 
90 147 
46 70 
135 6 
38 112 
12 102 
18 130 
9 68 
101 124 
140 168 
170 178 
23 178 
7 16 
97 3 
156 152 
33 36 
102 42 
99 185 
123 46 
116 177 
44 127 
20 154 
82 71 
106 136 
85 192 
160 62 
99 166 
18 32 
128 118 
114 167 
61 91 
58 3 
157 28 
45 139 
180 128 
145 146 
108 5 
131 71 
97 125 
51 84 
20 166 
25 30 
134 99 
1 150 
152 61 
43 4 
93 97 
94 55 
91 57 
19 81 
162 171 
163 158 
59 15 
143 145 
30 189 
10 151 
73 4 
175 43 
31 41 
153 118 
111 35 
116 32 
151 150 
155 87 
79 152 
105 116 
54 148 
132 97 
60 5 
5 41 
119 89 
101 117 
27 41 
137 179 
90 170 
154 147 
33 190 
87 117 
160 154 
136 140 
120 105 
66 189 
28 83 
33 115 
185 31 
151 107 
35 64 
190 50 
159 72 
62 124 
61 27 
138 71 
78 30 
32 75 
87 157 
26 80 
21 130 
160 144 
141 82 
58 87 
156 2 
182 106 
139 68 
21 55 
169 47 
184 24 
151 28 
159 2 
89 20 
140 99 
132 154 
85 54 
59 114 
115 5 
167 175 
10 129 
100 40 
63 169 
96 65 
133 183 
60 67 
82 147 
167 121 
49 112 
44 159 
92 28 
150 35 
87 129 
193 122 
119 85 
124 150 
134 147 
79 186 
186 1 
16 168 
25 178 
36 34 
185 47 
67 68 
150 64 
187 127 
97 18 
44 125 
83 152 
136 143 
105 138 
94 148 
55 29 
189 111 
26 93 
152 17 
41 188 
13 94 
23 16 
68 33 
6 182 
188 36 
92 130 
26 169 
109 59 
177 5 
66 25 
24 84 
159 29 
37 88 
156 97 
51 59 
121 55 
146 51 
171 185 
1 189 
94 76 
23 122 
123 118 
52 48 
179 42 
154 62 
149 178 
142 150 
119 8 
91 111 
37 127 
147 119 
9 95 
119 14 
46 135 
155 61 
100 97 
43 157 
19 87 
60 46 
176 192 
37 179 
109 79 
37 65 
166 156 
36 112 
68 193 
59 164 
168 144 
59 84 
47 113 
45 131 
61 13 
147 12 
90 157 
32 106 
186 139 
130 73 
54 78 
78 65 
90 62 
47 124 
114 45 
167 133 
109 186 
28 62 
13 98 
141 109 
29 175 
69 92 
8 2 
148 63 
178 68 
3 66 
118 163 
121 70 
137 15 
116 115 
97 158 
124 8 
120 151 
27 117 
170 65 
165 36 
129 188 
46 165 
81 149 
92 118 
100 15 
68 63 
124 139 
71 126 
190 132 
50 173 
96 44 
191 34 
30 39 
145 31 
71 137 
148 128 
82 81 
55 171 
1 106 
30 6 
98 165 
57 175 
97 40 
117 56 
100 68 
151 44 
183 10 
86 69 
136 26 
10 74 
164 66 
161 70 
74 76 
119 110 
190 186 
175 45 
37 76 
62 22 
61 103 
64 142 
32 43 
34 69 
12 190 
154 98 
76 157 
101 188 
80 37 
51 133 
19 165 
20 103 
37 188 
27 44 
26 129 
117 15 
177 12 
55 144 
9 33 
13 166 
27 72 
145 135 
81 84 
171 6 
52 193 
167 102 
11 150 
128 165 
26 36 
101 171 
77 186 
67 9 
144 99 
71 118 
136 134 
181 9 
58 126 
105 124 
118 103 
31 144 
148 132 
55 3 
161 44 
18 22 
59 25 
108 159 
143 121 
179 13 
45 71 
171 8 
170 193 
6 52 
78 72 
88 81 
59 193 
120 44 
139 102 
113 183 
1 96 
192 48 
100 112 
131 15 
122 167 
60 114 
37 184 
50 76 
148 3 
182 140 
57 13 
9 137 
91 18 
65 125 
10 108 
145 157 
187 36 
174 2 
134 188 
77 86 
55 138 
176 101 
88 190 
109 75 
15 184 
174 60 
85 155 
119 172 
54 188 
82 167 
122 19 
161 23 
4 42 
36 189 
110 145 
122 114 
72 19 
36 157 
177 11 
77 84 
58 159 
9 147 
25 72 
189 98 
21 27 
35 46 
66 137 
33 116 
132 61 
44 152 
21 141 
17 186 
160 140 
167 142 
137 82 
81 170 
124 158 
113 174 
61 51 
184 73 
83 80 
124 90 
112 164 
7 12 
28 167 
64 28 
144 72 
17 111 
2 16 
41 51 
106 50 
80 178 
159 51 
58 51 
43 159 
138 3 
137 47 
29 64 
146 61 
114 193 
50 103 
158 154 
33 162 
8 94 
127 53 
60 64 
153 154 
79 92 
166 190 
12 118 
176 98 
191 27 
135 144 
89 86 
26 171 
108 157 
108 181 
126 154 
22 56 
6 106 
5 38 
54 84 
29 181 
59 12 
192 25 
59 9 
167 163 
74 176 
43 62 
55 117 
181 81 
93 53 
190 25 
140 185 
120 193 
52 60 
119 125 
19 66 
98 124 
85 18 
100 104 
191 102 
103 21 
121 108 
95 55 
36 172 
3 30 
187 86 
12 135 
118 185 
189 56 
56 25 
49 54 
160 110 
127 181 
91 152 
148 44 
47 154 
46 89 
135 17 
15 118 
176 157 
129 93 
113 173 
74 148 
55 149 
113 79 
66 154 
113 59 
159 15 
4 88 
89 106 
11 10 
88 107 
47 12 
113 187 
119 112 
55 18 
80 24 
6 51 
28 39 
68 154 
59 147 
5 102 
97 55 
178 129 
124 185 
121 9 
90 46 
148 186 
85 156 
153 131 
4 11 
110 85 
7 15 
180 179 
150 87 
162 79 
95 48 
77 152 
163 132 
112 114 
178 49 
109 28 
92 136 
67 93 
138 107 
100 4 
185 148 
132 80 
110 189 
169 101 
128 77 
121 153 
48 44 
80 64 
193 87 
191 58 
28 117 
157 167 
181 175 
113 170 
123 66 
178 65 
7 124 
11 185 
11 106 
26 141 
34 131 
57 29 
82 144 
68 187 
124 84 
106 66 
155 10 
8 148 
14 24 
168 121 
189 118 
80 25 
8 91 
142 146 
56 164 
140 105 
139 81 
28 116 
51 105 
21 44 
6 142 
124 115 
52 45 
139 25 
82 1 
105 187 
182 80 
85 135 
49 186 
16 10 
162 30 
11 13 
14 97 
137 151 
104 168 
3 152 
72 155 
108 143 
14 64 
123 70 
64 88 
149 158 
24 93 
144 74 
154 31 
16 122 
167 68 
105 143 
22 61 
174 82 
45 56 
135 116 
142 161 
144 76 
168 10 
20 168 
86 125 
190 80 
91 161 
28 49 
46 155 
150 136 
55 190 
68 46 
180 138 
77 112 
122 154 
48 63 
191 23 
13 75 
85 127 
137 83 
69 38 
104 1 
15 79 
181 90 
120 188 
175 53 
10 79 
99 66 
20 58 
32 146 
3 81 
105 184 
52 54 
171 75 
181 96 
28 45 
170 159 
171 90 
170 99 
175 148 
84 145 
54 19 
54 139 
105 179 
117 43 
105 182 
65 184 
175 128 
148 144 
39 13 
12 148 
23 95 
54 190 
105 139 
147 73 
168 138 
8 167 
151 152 
138 21 
55 103 
66 70 
65 131 
188 155 
185 168 
130 148 
150 190 
32 24 
128 121 
94 19 
157 164 
191 107 
98 166 
61 21 
147 127 
71 151 
86 95 
180 146 
4 102 
75 148 
19 38 
85 118 
22 3 
147 22 
109 123 
27 144 
27 167 
175 22 
22 31 
158 31 
149 82 
32 142 
38 37 
51 167 
144 11 
23 39 
91 33 
67 81 
164 95 
137 73 
158 162 
137 89 
161 190 
108 81 
110 18 
178 125 
163 76 
57 184 
49 129 
32 158 
115 61 
116 4 
138 117 
134 62 
13 35 
70 57 
38 139 
40 81 
171 32 
41 128 
119 159 
24 86 
136 172 
158 167 
182 50 
38 64 
120 144 
96 154 
25 133 
78 121 
175 35 
30 31 
15 111 
131 193 
190 113 
62 100 
33 4 
65 62 
179 151 
111 39 
180 47 
27 91 
8 192 
154 167 
57 56 
147 13 
164 7 
137 153 
157 65 
184 161 
159 87 
188 157 
79 149 
48 182 
113 109 
91 62 
69 36 
129 88 
113 134 
38 162 
122 123 
22 176 
189 25 
176 90 
11 136 
126 106 
93 85 
189 47 
27 176 
78 128 
16 121 
1 108 
53 147 
154 6 
158 30 
61 104 
188 175 
188 97 
118 130 
145 120 
84 53 
35 109 
107 180 
50 79 
144 171 
90 107 
188 53 
40 159 
98 18 
127 7 
88 14 
101 111 
185 2 
19 171 
182 30 
146 17 
105 136 
148 48 
112 87 
87 69 
154 177 
149 115 
175 87 
71 32 
124 190 
28 99 
58 81 
103 12 
84 26 
172 124 
193 154 
82 11 
29 23 
52 5 
173 147 
47 109 
92 24 
119 98 
97 128 
42 163 
110 131 
8 48 
187 42 
27 101 
160 97 
169 140 
57 108 
66 187 
66 98 
150 25 
187 114 
17 132 
67 162 
120 135 
180 73 
21 159 
26 142 
33 8 
146 186 
91 97 
136 25 
125 187 
169 165 
184 86 
50 157 
43 11 
82 25 
98 97 
67 45 
148 119 
158 91 
151 155 
10 48 
6 47 
93 77 
166 160 
186 147 
82 106 
177 18 
18 57 
138 123 
11 72 
23 40 
41 3 
158 54 
147 72 
95 127 
33 157 
96 32 
159 147 
116 85 
121 20 
149 135 
172 87 
144 101 
101 129 
186 132 
88 120 
137 57 
188 73 
33 179 
159 76 
159 193 
44 155 
21 142 
22 87 
79 14 
111 23 
42 140 
68 78 
52 9 
167 91 
165 22 
87 127 
142 125 
100 49 
5 62 
167 26 
144 86 
64 126 
33 54 
92 39 
184 48 
151 37 
5 33 
149 14 
61 144 
63 117 
76 32 
116 153 
60 113 
57 116 
86 161 
189 84 
76 116 
65 166 
3 99 
173 130 
168 146 
95 136 
182 1 
17 124 
23 63 
22 96 
154 151 
74 28 
148 188 
193 77 
185 164 
193 90 
21 90 
70 85 
50 13 
91 73 
161 119 
148 117 
95 158 
182 4 
170 1 
124 71 
104 193 
113 56 
129 150 
152 57 
147 23 
61 159 
70 144 
85 193 
189 182 
146 75 
131 84 
182 104 
133 174 
43 99 
38 145 
36 52 
74 158 
148 139 
173 103 
16 69 
187 78 
28 192 
114 66 
167 126 
44 29 
180 192 
179 38 
80 162 
177 145 
42 180 
35 95 
82 104 
43 21 
32 180 
61 29 
12 129 
9 27 
32 1 
105 127 
36 15 
60 166 
126 47 
68 16 
15 145 
152 150 
76 49 
169 32 
83 50 
117 178 
156 51 
192 168 
187 59 
138 46 
6 121 
55 161 
191 103 
139 114 
184 8 
19 40 
5 97 
147 103 
170 120 
54 172 
158 179 
76 127 
109 165 
85 21 
121 150 
123 181 
138 86 
177 173 
39 171 
142 83 
61 187 
141 15 
172 53 
174 24 
51 143 
106 127 
122 29 
98 78 
57 21 
161 51 
173 169 
78 178 
80 107 
70 174 
136 60 
33 48 
2 191 
33 123 
75 35 
102 77 
167 18 
25 164 
117 120 
182 93 
59 163 
182 186 
191 61 
190 16 
61 18 
41 88 
86 113 
73 97 
193 134 
24 189 
79 99 
83 141 
135 112 
192 136 
96 113 
62 131 
132 74 
180 106 
19 100 
103 152 
135 35 
83 27 
76 137 
74 115 
174 86 
163 74 
25 14 
80 65 
22 180 
62 33 
106 137 
113 67 
181 68 
145 28 
169 80 
145 9 
43 13 
36 104 
107 86 
8 73 
35 71 
130 95 
138 11 
122 51 
27 7 
95 58 
158 96 
30 184 
18 20 
21 154 
33 110 
44 185 
127 173 
79 20 
187 186 
110 137 
155 143 
22 11 
171 37 
40 30 
27 62 
128 66 
179 34 
36 180 
74 168 
120 43 
138 115 
11 107 
122 35 
161 35 
121 42 
88 11 
22 178 
90 82 
186 21 
132 137 
188 126 
189 142 
191 41 
129 3 
124 179 
91 188 
86 56 
23 190 
19 112 
112 1 
33 119 
57 136 
61 169 
106 87 
145 37 
90 39 
104 7 
174 16 
43 63 
21 99 
18 43 
188 20 
121 64 
10 159 
132 121 
163 121 
65 18 
48 172 
141 48 
41 35 
122 137 
185 68 
76 176 
144 75 
125 184 
114 2 
150 189 
186 59 
109 152 
140 89 
190 66 
161 183 
57 129 
164 54 
179 176 
34 64 
73 131 
143 48 
13 167 
31 115 
75 48 
32 65 
192 76 
175 51 
115 160 
171 59 
23 126 
23 116 
81 163 
193 146 
13 82 
94 150 
3 92 
189 43 
58 186 
8 108 
106 16 
90 80 
133 191 
42 141 
157 128 
87 126 
16 162 
56 178 
123 164 
66 145 
153 168 
59 134 
105 158 
10 68 
23 142 
75 180 
97 111 
20 30 
18 28 
69 123 
106 102 
97 6 
147 50 
38 26 
22 186 
166 110 
161 12 
42 60 
163 108 
39 10 
185 37 
55 91 
180 33 
150 20 
120 189 
178 110 
112 2 
34 48 
96 152 
134 58 
41 139 
174 108 
31 136 
69 193 
67 189 
151 92 
55 26 
61 72 
79 45 
127 148 
187 147 
155 129 
175 117 
125 139 
27 60 
53 121 
171 180 
166 11 
133 12 
114 55 
173 188 
35 60 
116 44 
135 151 
56 111 
2 76 
103 63 
178 142 
126 107 
117 50 
177 94 
179 23 
164 34 
18 37 
27 129 
159 31 
190 159 
39 68 
60 192 
78 36 
124 43 
46 10 
83 187 
47 91 
15 77 
69 184 
151 160 
31 34 
62 61 
78 60 
85 146 
157 130 
77 125 
158 137 
143 139 
128 127 
138 130 
124 70 
124 123 
69 121 
75 81 
1 138 
55 73 
94 104 
150 41 
100 61 
16 40 
178 1 
162 54 
168 70 
7 186 
56 42 
89 154 
110 24 
105 1 
37 84 
186 41 
8 21 
76 30 
3 73 
109 126 
44 135 
168 137 
2 57 
78 116 
4 133 
76 34 
160 16 
156 153 
193 188 
51 38 
192 20 
139 22 
86 108 
132 105 
121 119 
22 140 
131 8 
175 190 
34 189 
64 103 
77 172 
89 97 
36 139 
28 102 
17 123 
139 122 
80 1 
11 164 
57 123 
31 100 
92 119 
15 108 
65 27 
75 122 
26 174 
160 129 
96 36 
30 57 
68 142 
9 148 
26 113 
90 150 
45 135 
92 140 
48 23 
136 32 
78 161 
38 62 
117 123 
45 120 
113 77 
104 191 
36 53 
74 30 
64 43 
170 95 
146 165 
12 162 
140 29 
20 108 
55 98 
74 78 
108 62 
8 60 
10 100 
54 170 
41 66 
117 21 
163 15 
64 104 
101 88 
180 187 
63 193 
104 65 
97 127 
139 179 
94 81 
92 150 
16 110 
142 51 
102 24 
94 187 
49 189 
50 172 
44 149 
105 55 
94 146 
170 92 
51 85 
8 106 
67 168 
48 61 
72 175 
118 60 
84 164 
35 126 
53 110 
190 63 
18 142 
61 117 
57 122 
131 75 
140 126 
156 7 
161 9 
130 60 
123 16 
71 79 
80 123 
33 46 
33 81 
133 170 
99 64 
76 112 
28 166 
174 17 
78 24 
165 58 
66 102 
76 42 
162 72 
50 26 
168 155 
147 75 
142 136 
11 139 
55 122 
47 82 
112 104 
69 145 
172 26 
61 81 
155 108 
41 112 
176 97 
110 7 
60 140 
161 104 
152 82 
45 164 
108 133 
105 111 
68 53 
170 82 
17 166 
89 59 
8 163 
84 162 
58 94 
156 148 
12 138 
79 84 
148 177 
110 149 
65 60 
42 190 
166 155 
53 193 
47 143 
54 94 
21 166 
2 56 
27 178 
184 95 
88 193 
184 138 
85 41 
174 46 
157 187 
53 114 
153 143 
93 147 
172 34 
51 162 
25 15 
139 92 
139 1 
70 135 
108 142 
159 64 
128 133 
53 11 
185 158 
126 68 
16 51 
43 181 
100 51 
9 112 
116 192 
100 176 
154 187 
109 81 
173 176 
189 22 
44 32 
155 184 
3 48 
47 51 
161 127 
183 104 
87 191 
87 61 
86 101 
134 168 
111 34 
159 92 
193 76 
50 99 
16 28 
135 56 
19 61 
5 32 
158 17 
155 73 
85 87 
86 9 
114 99 
60 175 
123 175 
178 14 
11 111 
125 136 
118 120 
24 20 
126 135 
183 7 
104 165 
115 66 
177 162 
60 47 
79 76 
170 182 
148 39 
152 110 
185 128 
189 173 
98 150 
66 31 
92 14 
102 166 
44 189 
53 163 
162 29 
65 113 
76 139 
122 64 
135 59 
88 173 
94 122 
183 87 
86 154 
139 126 
57 103 
23 13 
16 30 
154 188 
126 125 
15 152 
59 152 
110 163 
179 148 
149 77 
27 110 
7 153 
23 151 
124 173 
175 187 
140 106 
43 9 
38 182 
17 70 
3 140 
86 5 
82 75 
57 85 
38 63 
35 96 
106 77 
48 163 
20 157 
114 103 
20 117 
48 134 
143 41 
158 47 
37 126 
58 6 
21 94 
50 25 
19 178 
19 192 
46 187 
155 89 
146 37 
72 149 
29 133 
4 96 
114 38 
126 39 
86 120 
75 1 
22 108 
101 172 
133 43 
170 70 
76 106 
23 110 
177 149 
76 19 
40 59 
167 96 
42 100 
112 40 
13 96 
140 10 
174 92 
91 112 
177 101 
102 52 
64 113 
39 88 
193 13 
27 140 
150 191 
133 18 
95 97 
148 184 
149 130 
161 63 
43 172 
14 76 
23 174 
127 110 
28 155 
30 141 
70 101 
186 12 
135 69 
109 118 
11 113 
117 75 
193 182 
68 131 
161 136 
71 27 
107 98 
124 144 
149 132 
80 120 
114 16 
64 22 
19 49 
36 138 
11 16 
193 106 
79 115 
149 41 
193 175 
163 192 
72 168 
186 47 
87 53 
22 173 
64 189 
33 171 
119 137 
42 176 
71 171 
172 29 
89 190 
147 64 
94 116 
101 29 
117 156 
12 183 
54 27 
145 142 
74 160 
120 109 
115 188 
88 184 
38 177 
79 140 
183 128 
60 97 
102 50 
51 56 
156 107 
6 68 
8 36 
37 121 
41 130 
76 146 
163 190 
108 119 
78 175 
73 16 
120 82 
110 183 
135 36 
167 85 
106 99 
172 18 
57 44 
37 7 
65 93 
149 75 
124 159 
176 168 
3 122 
37 85 
154 83 
67 76 
164 71 
1 40 
139 35 
174 124 
53 85 
6 42 
2 50 
10 118 
121 175 
30 163 
69 29 
179 156 
102 16 
102 154 
62 71 
112 56 
147 34 
148 34 
41 158 
179 91 
157 116 
29 163 
165 57 
61 76 
31 48 
78 132 
68 168 
88 110 
124 146 
88 85 
33 183 
130 94 
137 138 
163 96 
177 182 
119 80 
32 123 
41 138 
190 121 
49 154 
100 84 
132 64 
119 176 
52 121 
80 51 
75 102 
79 53 
98 139 
85 50 
133 14 
57 149 
143 181 
64 16 
41 127 
111 85 
143 22 
188 156 
4 24 
13 192 
142 78 
51 104 
33 114 
78 42 
78 51 
186 46 
136 128 
80 89 
120 7 
124 187 
1 154 
66 80 
68 158 
111 54 
102 9 
94 72 
159 37 
24 46 
126 163 
71 7 
21 167 
161 165 
116 19 
130 132 
39 64 
22 118 
46 2 
184 101 
69 74 
166 170 
27 89 
10 166 
125 88 
178 154 
22 91 
112 33 
123 182 
43 150 
122 18 
168 3 
155 193 
73 64 
20 178 
125 81 
97 41 
169 1 
63 144 
134 130 
101 192 
28 42 
184 55 
39 163 
59 167 
93 107 
177 164 
53 38 
118 24 
39 54 
169 158 
62 37 
82 101 
41 162 
30 69 
176 50 
162 93 
21 56 
87 73 
134 166 
87 27 
28 14 
191 92 
187 14 
77 80 
3 9 
166 133 
106 109 
126 90 
22 155 
162 133 
127 23 
65 45 
111 70 
137 154 
114 164 
78 14 
46 127 
135 157 
40 64 
115 37 
120 166 
112 116 
58 127 
17 37 
129 193 
64 136 
174 126 
6 77 
67 105 
16 12 
130 87 
102 127 
40 180 
9 127 
123 125 
5 128 
72 55 
171 166 
108 178 
192 185 
7 149 
66 34 
96 124 
34 160 
32 160 
175 10 
77 146 
60 138 
34 24 
177 166 
2 108 
48 183 
175 168 
115 148 
12 57 
146 122 
111 164 
74 110 
122 162 
177 161 
179 3 
150 79 
56 155 
63 110 
136 56 
9 75 
115 169 
135 178 
144 116 
15 31 
54 42 
122 138 
155 110 
152 143 
46 94 
77 26 
165 145 
17 143 
5 89 
126 178 
124 74 
120 134 
27 121 
69 161 
18 51 
108 69 
79 193 
21 153 
155 127 
118 180 
183 157 
7 193 
153 75 
121 89 
191 141 
98 192 
175 159 
182 116 
65 92 
123 92 
40 155 
142 57 
129 167 
41 119 
121 102 
73 193 
166 53 
182 128 
111 188 
103 109 
138 97 
111 6 
7 59 
50 189 
95 52 
22 15 
33 97 
99 73 
149 60 
80 5 
19 146 
7 140 
138 82 
64 144 
9 5 
186 123 
166 26 
45 7 
39 96 
120 12 
10 82 
2 126 
73 108 
143 154 
5 153 
126 62 
66 147 
15 101 
160 38 
192 172 
142 45 
30 96 
142 10 
27 160 
55 42 
135 179 
39 193 
128 184 
164 49 
30 101 
174 179 
104 44 
188 44 
173 150 
163 112 
111 92 
77 51 
20 114 
125 146 
164 152 
134 186 
35 10 
95 4 
13 184 
35 179 
156 157 
136 162 
66 184 
76 113 
172 46 
89 88 
43 170 
42 79 
176 129 
23 164 
151 134 
33 133 
174 21 
177 44 
82 23 
100 155 
149 76 
178 105 
109 169 
173 117 
132 155 
56 122 
75 18 
69 146 
149 139 
165 112 
183 164 
59 48 
125 118 
97 80 
77 160 
36 100 
5 125 
189 154 
70 183 
32 11 
124 125 
103 192 
172 151 
55 88 
37 175 
68 64 
94 141 
54 169 
77 169 
17 80 
59 17 
143 85 
74 102 
110 100 
192 104 
76 87 
81 91 
50 126 
53 120 
123 133 
58 163 
144 20 
105 79 
187 159 
143 142 
103 115 
181 59 
88 192 
40 87 
119 166 
121 122 
184 7 
34 14 
174 101 
140 100 
89 41 
165 142 
162 37 
17 84 
142 52 
84 130 
101 2 
78 59 
30 103 
122 142 
38 78 
134 150 
133 158 
154 106 
132 7 
152 133 
59 174 
7 88 
176 83 
33 181 
100 169 
43 111 
84 127 
46 61 
14 106 
135 165 
41 13 
51 173 
13 152 
73 127 
38 13 
38 166 
20 111 
122 13 
140 158 
172 122 
182 83 
166 43 
4 45 
125 116 
8 55 
77 98 
147 68 
42 120 
29 164 
164 46 
18 42 
100 150 
91 186 
173 104 
31 29 
112 103 
34 176 
96 150 
28 131 
167 5 
89 68 
162 17 
156 39 
95 63 
77 44 
6 66 
87 100 
31 38 
162 11 
133 116 
96 104 
83 18 
8 19 
178 29 
116 176 
115 156 
151 121 
105 167 
169 149 
112 94 
60 34 
52 115 
172 19 
149 21 
152 153 
82 118 
135 30 
91 54 
190 140 
98 35 
21 34 
110 139 
169 5 
171 164 
17 78 
177 51 
149 25 
49 81 
136 144 
76 107 
188 34 
97 63 
19 176 
14 53 
70 55 
144 104 
114 63 
157 165 
11 36 
70 18 
181 110 
117 84 
39 144 
74 51 
80 183 
122 180 
108 25 
28 114 
90 138 
147 164 
182 149 
127 55 
23 8 
4 132 
149 51 
76 109 
137 116 
141 166 
73 114 
188 137 
192 51 
144 47 
149 58 
146 81 
82 186 
186 6 
112 107 
64 120 
43 97 
92 189 
155 181 
104 93 
190 174 
25 96 
7 145 
94 124 
112 157 
172 125 
160 180 
8 168 
12 96 
20 130 
122 66 
12 80 
101 185 
167 63 
38 2 
145 128 
188 3 
39 7 
171 78 
12 160 
88 124 
5 193 
47 179 
125 71 
98 59 
157 124 
34 187 
109 170 
39 1 
7 100 
42 64 
41 189 
139 65 
140 84 
5 192 
186 64 
103 78 
181 129 
26 191 
32 173 
66 155 
143 180 
100 54 
128 19 
83 117 
76 131 
85 102 
150 86 
100 79 
182 28 
111 21 
167 99 
24 112 
12 65 
119 90 
107 117 
81 115 
84 19 
94 137 
113 46 
9 65 
33 186 
160 81 
9 24 
7 134 
155 78 
1 59 
114 115 
24 108 
120 153 
8 144 
63 50 
121 142 
60 69 
35 129 
45 191 
133 112 
129 130 
3 108 
14 73 
141 132 
