144 3659 
118 68 34 58 58 233 184 73 125 147 237 180 166 207 47 94 141 163 200 2 208 46 159 8 152 201 33 262 108 9 266 120 216 51 21 219 112 122 264 273 159 292 119 284 190 48 7 271 132 195 74 6 206 100 43 89 190 35 154 50 198 183 6 231 130 185 132 247 107 187 60 168 166 190 76 123 74 157 179 94 135 127 103 130 18 124 73 160 141 261 218 142 197 291 74 88 289 74 249 149 157 259 175 86 145 43 187 86 156 174 228 157 118 289 79 96 198 275 114 37 42 1 33 111 143 79 83 112 248 289 214 15 260 269 270 197 202 118 169 44 289 46 154 101 
54 78 
42 51 
70 121 
81 50 
6 17 
90 30 
104 93 
89 6 
133 113 
28 112 
113 82 
114 50 
121 23 
33 16 
50 56 
142 134 
142 93 
119 97 
120 66 
64 65 
58 129 
44 134 
86 38 
144 20 
109 87 
5 18 
82 73 
23 114 
29 4 
131 81 
136 40 
137 75 
99 5 
113 76 
35 41 
25 138 
4 73 
126 48 
17 22 
116 46 
100 71 
112 116 
23 90 
68 33 
64 17 
106 88 
24 63 
91 73 
99 132 
133 96 
10 35 
112 70 
38 138 
91 44 
36 47 
139 27 
2 141 
69 55 
129 10 
82 138 
85 34 
43 80 
10 55 
108 84 
95 17 
34 87 
71 53 
4 134 
109 6 
32 112 
135 76 
93 118 
87 139 
67 62 
104 140 
20 17 
71 144 
89 74 
140 13 
124 6 
18 2 
128 50 
116 48 
49 67 
105 53 
120 24 
82 50 
24 15 
90 138 
78 62 
88 79 
135 24 
53 15 
99 129 
97 12 
55 98 
119 58 
31 135 
69 139 
94 50 
98 59 
108 126 
59 94 
51 32 
5 85 
114 59 
85 129 
17 21 
103 130 
50 110 
42 20 
87 45 
122 39 
57 108 
85 44 
39 99 
39 75 
78 40 
7 93 
104 107 
40 52 
64 82 
46 138 
3 7 
112 40 
66 115 
65 25 
124 139 
110 82 
38 10 
8 105 
97 28 
96 62 
70 35 
29 142 
113 106 
140 81 
125 136 
66 50 
64 49 
123 71 
23 123 
24 58 
124 140 
111 17 
134 129 
104 44 
94 17 
40 129 
47 85 
113 11 
114 8 
65 41 
33 26 
120 11 
20 38 
41 128 
84 103 
1 69 
61 113 
99 30 
107 23 
15 90 
36 19 
27 79 
106 57 
119 66 
107 142 
84 50 
92 11 
99 112 
38 91 
76 5 
10 16 
26 34 
31 45 
35 44 
113 72 
112 29 
22 27 
117 50 
135 72 
123 50 
48 40 
103 106 
61 26 
109 135 
107 21 
39 132 
103 68 
37 108 
138 116 
27 108 
82 88 
23 27 
118 65 
1 35 
39 93 
37 67 
56 78 
92 50 
143 43 
36 96 
121 42 
3 8 
42 82 
39 126 
100 43 
90 43 
56 83 
90 26 
119 40 
56 99 
9 142 
77 91 
25 139 
31 140 
63 118 
140 17 
63 68 
103 26 
119 25 
10 60 
37 90 
3 2 
66 114 
87 12 
10 137 
103 27 
29 111 
30 125 
121 142 
142 16 
111 32 
36 21 
124 27 
72 60 
25 66 
99 127 
60 77 
16 40 
84 18 
91 116 
52 68 
64 114 
73 96 
117 40 
88 120 
18 20 
142 69 
71 31 
48 93 
35 19 
17 80 
119 32 
96 143 
35 7 
78 88 
33 56 
40 10 
31 143 
111 137 
61 133 
144 27 
60 74 
75 86 
94 45 
93 16 
83 28 
139 33 
86 57 
55 75 
141 51 
71 136 
101 63 
72 65 
21 7 
37 66 
47 60 
59 85 
74 93 
70 129 
133 73 
66 124 
83 33 
141 40 
76 8 
94 101 
10 122 
138 10 
52 103 
105 110 
140 99 
99 122 
118 1 
3 18 
125 134 
52 129 
112 92 
41 61 
131 123 
105 132 
118 86 
43 139 
124 17 
87 89 
31 47 
120 72 
116 40 
141 30 
28 23 
136 35 
83 102 
125 58 
117 59 
52 117 
72 127 
3 51 
57 50 
111 48 
140 107 
99 50 
122 76 
24 18 
116 21 
9 70 
16 95 
107 113 
24 17 
79 24 
64 77 
16 11 
65 116 
60 94 
50 37 
29 38 
73 50 
136 37 
110 94 
128 36 
44 117 
140 115 
137 129 
127 87 
46 86 
76 77 
119 33 
122 67 
12 69 
139 100 
67 80 
139 77 
71 110 
67 103 
4 88 
26 29 
39 38 
26 99 
75 104 
10 72 
44 28 
84 126 
41 80 
21 90 
122 83 
117 66 
107 56 
15 98 
24 68 
82 32 
138 84 
79 44 
40 65 
72 116 
126 63 
137 101 
56 9 
81 141 
112 19 
44 127 
43 48 
48 9 
25 55 
36 1 
52 67 
58 106 
52 77 
86 113 
57 13 
54 51 
130 83 
139 105 
45 50 
100 138 
47 77 
31 121 
13 7 
53 12 
133 39 
39 67 
48 137 
129 31 
141 142 
10 87 
5 120 
49 134 
98 120 
30 66 
30 14 
63 27 
114 99 
132 123 
38 23 
115 16 
26 96 
102 144 
79 113 
138 22 
39 1 
41 13 
141 28 
60 70 
132 107 
57 132 
50 65 
52 3 
119 109 
43 11 
60 89 
64 74 
84 21 
140 70 
57 95 
131 32 
97 129 
63 99 
124 99 
107 71 
8 56 
77 48 
121 1 
43 123 
125 123 
144 137 
73 72 
64 115 
125 78 
70 107 
12 63 
113 12 
13 19 
11 12 
93 24 
36 77 
96 6 
8 6 
44 77 
22 91 
43 17 
131 117 
83 116 
73 18 
39 120 
98 85 
102 125 
35 8 
4 12 
135 118 
12 80 
101 128 
37 120 
33 99 
74 100 
133 105 
28 18 
48 54 
122 33 
111 4 
43 24 
55 29 
133 75 
130 58 
34 140 
62 105 
125 140 
72 92 
104 82 
70 85 
38 137 
52 133 
23 25 
19 114 
62 119 
27 112 
72 108 
58 44 
55 48 
107 121 
90 40 
46 71 
29 61 
77 55 
70 13 
92 12 
58 38 
82 72 
96 89 
132 118 
43 91 
103 90 
96 101 
104 101 
1 43 
139 2 
24 56 
19 83 
14 97 
63 78 
27 137 
88 54 
23 111 
44 24 
21 14 
125 105 
53 125 
58 92 
114 31 
52 75 
139 40 
29 108 
104 85 
40 105 
53 144 
76 38 
28 66 
132 9 
43 114 
109 15 
1 61 
127 47 
106 127 
130 5 
76 69 
81 82 
110 98 
19 31 
38 11 
2 134 
125 6 
61 31 
40 106 
104 19 
63 122 
25 5 
76 46 
57 55 
113 77 
36 6 
107 19 
136 15 
21 2 
7 73 
40 84 
73 100 
141 12 
118 12 
84 5 
34 52 
65 62 
139 13 
36 93 
35 79 
101 133 
76 68 
5 58 
101 119 
120 4 
17 27 
120 25 
49 103 
25 111 
132 106 
111 40 
110 14 
94 121 
94 130 
82 94 
40 74 
99 101 
60 86 
113 22 
75 49 
56 32 
72 25 
94 143 
50 115 
139 29 
113 104 
10 48 
135 42 
17 98 
58 30 
139 66 
96 100 
48 39 
10 6 
55 34 
113 33 
144 5 
101 113 
84 143 
112 108 
78 5 
35 5 
75 66 
1 38 
101 70 
57 63 
143 78 
59 25 
25 46 
84 36 
134 67 
37 93 
77 123 
140 86 
130 133 
22 54 
39 70 
32 133 
134 10 
29 131 
103 43 
41 91 
142 95 
33 31 
59 57 
61 11 
68 105 
114 132 
83 35 
144 4 
74 14 
130 27 
79 71 
114 45 
126 130 
96 76 
35 68 
48 58 
2 67 
96 82 
123 62 
21 66 
50 44 
99 102 
3 94 
89 104 
50 98 
75 36 
105 96 
13 18 
71 143 
33 17 
31 107 
12 126 
24 125 
47 28 
12 77 
57 121 
73 20 
54 92 
139 70 
133 33 
30 60 
111 116 
51 18 
135 27 
82 12 
81 115 
30 33 
15 47 
85 58 
54 115 
89 86 
129 81 
143 118 
66 105 
101 28 
65 123 
5 55 
116 63 
122 74 
12 140 
32 100 
55 35 
82 30 
95 89 
111 16 
77 125 
58 35 
13 109 
22 81 
24 139 
109 27 
129 108 
115 98 
136 60 
6 34 
143 102 
100 92 
52 111 
74 30 
36 113 
120 134 
39 9 
58 29 
80 8 
39 36 
94 80 
116 123 
59 37 
53 117 
128 44 
22 29 
109 41 
66 133 
30 70 
79 45 
60 63 
56 67 
87 8 
10 99 
108 60 
44 121 
69 140 
68 67 
115 67 
66 62 
5 117 
46 129 
21 28 
111 73 
49 69 
100 52 
118 4 
42 143 
35 36 
80 105 
6 19 
60 55 
92 69 
30 54 
78 129 
5 43 
27 21 
130 80 
39 96 
35 138 
88 95 
97 64 
57 54 
118 26 
46 9 
117 77 
54 116 
11 118 
60 120 
20 66 
43 61 
14 83 
124 63 
50 33 
118 14 
121 126 
99 106 
95 23 
8 1 
130 73 
68 53 
10 15 
124 14 
1 31 
119 12 
110 64 
105 11 
75 29 
33 22 
92 51 
33 14 
92 122 
32 18 
137 131 
138 20 
49 33 
6 48 
71 16 
137 22 
109 99 
61 136 
105 123 
98 2 
3 22 
115 70 
12 114 
31 62 
42 48 
58 11 
60 110 
8 32 
135 1 
27 71 
95 93 
92 139 
123 38 
83 90 
131 69 
46 80 
88 25 
80 18 
65 2 
36 136 
2 137 
45 18 
117 88 
120 117 
112 69 
23 11 
102 91 
17 51 
49 18 
114 137 
142 125 
100 65 
62 77 
13 16 
32 139 
46 16 
47 105 
86 72 
15 63 
119 96 
35 24 
50 90 
10 20 
118 88 
104 124 
86 70 
1 73 
12 121 
44 113 
43 128 
36 112 
144 30 
47 135 
79 6 
19 122 
10 19 
44 49 
8 97 
8 26 
15 42 
63 37 
47 106 
92 61 
87 66 
60 106 
99 40 
19 20 
79 54 
97 83 
34 59 
55 109 
34 66 
52 76 
71 131 
104 116 
2 92 
11 98 
39 115 
43 101 
9 96 
89 24 
137 121 
130 110 
108 50 
6 132 
36 100 
76 125 
117 139 
96 17 
78 21 
25 107 
4 106 
88 75 
86 138 
105 109 
102 58 
142 61 
40 109 
124 53 
33 111 
57 87 
112 117 
4 64 
24 112 
72 94 
80 1 
30 137 
102 52 
14 113 
27 140 
97 9 
21 118 
137 132 
21 26 
96 68 
24 22 
143 18 
5 116 
77 112 
83 41 
16 120 
85 125 
18 115 
20 70 
128 12 
135 114 
73 112 
19 47 
26 101 
119 36 
86 7 
61 63 
58 65 
3 60 
125 137 
7 54 
82 142 
50 131 
28 85 
140 141 
22 63 
101 33 
66 12 
72 29 
132 18 
78 99 
101 69 
127 113 
20 76 
118 17 
131 23 
50 121 
67 15 
38 61 
85 101 
91 66 
110 88 
24 143 
100 137 
29 66 
32 70 
106 45 
82 1 
124 11 
66 49 
111 59 
55 40 
20 46 
85 136 
94 89 
34 81 
128 14 
80 61 
2 142 
31 88 
38 115 
93 22 
92 124 
63 43 
112 90 
136 133 
6 104 
45 30 
38 18 
140 71 
34 2 
57 79 
128 13 
143 12 
102 131 
59 13 
83 60 
76 87 
25 116 
140 77 
100 87 
42 130 
3 48 
140 122 
12 105 
75 31 
60 98 
50 86 
85 29 
72 122 
108 115 
12 40 
85 12 
17 136 
94 35 
60 139 
63 114 
117 15 
129 75 
65 120 
116 30 
132 55 
39 105 
100 88 
65 126 
138 13 
40 143 
122 12 
26 124 
65 52 
88 89 
111 1 
78 80 
90 105 
30 18 
118 106 
98 131 
42 123 
120 115 
111 66 
103 21 
18 55 
49 77 
136 130 
44 62 
27 88 
120 51 
83 136 
137 126 
9 41 
58 51 
76 120 
136 23 
143 122 
17 143 
17 30 
98 89 
140 83 
8 125 
9 104 
55 107 
112 137 
20 122 
37 34 
127 53 
44 5 
127 64 
10 50 
132 67 
32 16 
95 141 
88 2 
66 94 
34 119 
133 135 
5 13 
131 91 
67 31 
94 129 
69 30 
127 36 
140 102 
83 45 
122 130 
80 143 
131 129 
86 13 
127 7 
4 34 
122 23 
81 27 
11 13 
119 131 
63 9 
41 14 
46 95 
25 36 
49 140 
17 40 
76 138 
141 97 
142 116 
98 61 
126 73 
40 95 
91 55 
121 35 
114 69 
59 138 
23 130 
53 19 
19 3 
97 7 
53 88 
143 93 
52 140 
129 15 
101 124 
57 80 
121 45 
14 2 
36 108 
38 52 
47 114 
18 56 
131 2 
111 19 
73 70 
106 114 
66 15 
92 17 
110 12 
28 143 
72 90 
133 131 
55 103 
58 21 
35 134 
94 11 
73 31 
55 108 
59 130 
54 114 
141 80 
116 8 
8 140 
130 34 
91 31 
134 85 
29 134 
124 23 
14 138 
45 5 
50 103 
2 100 
7 114 
46 74 
121 116 
116 107 
109 29 
79 112 
136 91 
58 128 
100 127 
70 44 
132 109 
82 89 
8 2 
123 36 
41 113 
62 128 
49 98 
90 6 
82 106 
117 115 
107 3 
84 55 
98 84 
119 11 
69 21 
80 126 
24 62 
11 1 
20 30 
107 95 
143 85 
114 96 
49 131 
80 98 
80 133 
68 28 
88 41 
40 123 
12 60 
55 104 
101 130 
14 139 
42 95 
125 141 
97 106 
26 51 
109 26 
1 114 
116 94 
44 76 
17 73 
39 50 
129 38 
46 23 
96 125 
62 72 
38 16 
50 116 
63 74 
79 14 
138 129 
114 81 
132 93 
66 61 
10 94 
126 7 
29 23 
94 98 
48 92 
92 143 
89 53 
12 5 
29 96 
20 57 
66 108 
43 106 
9 88 
100 134 
39 14 
1 105 
117 89 
1 23 
124 48 
64 51 
15 8 
101 139 
121 3 
37 109 
100 112 
53 107 
76 102 
46 94 
52 20 
29 128 
55 134 
12 29 
8 122 
127 42 
141 18 
120 104 
44 115 
103 119 
88 61 
37 9 
103 137 
60 141 
25 16 
101 122 
53 73 
120 52 
6 41 
100 104 
114 52 
119 121 
67 72 
48 59 
115 124 
99 52 
72 41 
129 21 
49 102 
108 107 
98 95 
81 20 
4 25 
99 62 
124 62 
11 68 
9 129 
30 63 
131 25 
27 74 
35 131 
51 35 
115 19 
134 139 
103 71 
62 88 
99 16 
29 34 
81 69 
85 80 
84 86 
48 16 
75 76 
97 16 
36 7 
52 54 
53 102 
36 124 
82 71 
4 50 
90 56 
115 138 
62 127 
24 88 
7 12 
37 80 
7 89 
6 73 
91 39 
80 128 
5 73 
6 18 
25 84 
70 53 
80 104 
137 84 
105 22 
84 59 
7 59 
63 127 
85 60 
52 10 
12 65 
46 100 
119 48 
119 6 
113 56 
39 83 
19 79 
71 14 
50 60 
16 141 
79 9 
124 35 
29 70 
44 43 
68 7 
126 36 
78 131 
62 69 
85 18 
8 23 
5 47 
20 133 
64 6 
71 48 
143 138 
71 102 
65 88 
57 96 
40 72 
38 142 
113 49 
135 132 
99 139 
53 24 
91 126 
95 20 
140 48 
81 10 
22 130 
65 83 
91 64 
81 132 
26 78 
23 143 
140 45 
62 113 
98 10 
72 83 
46 34 
126 35 
94 7 
80 68 
12 13 
1 13 
122 82 
41 103 
102 65 
129 93 
8 10 
130 41 
65 51 
98 24 
20 84 
65 49 
65 112 
7 135 
56 125 
73 102 
51 49 
112 133 
56 51 
109 134 
78 69 
8 85 
6 97 
115 95 
87 21 
47 14 
102 43 
7 67 
9 31 
7 96 
124 125 
24 73 
88 28 
16 137 
76 64 
88 102 
18 139 
37 14 
136 93 
124 13 
27 58 
14 127 
135 12 
54 42 
81 84 
125 120 
143 26 
1 129 
126 81 
98 48 
101 93 
68 113 
70 128 
11 21 
76 13 
69 61 
43 60 
16 77 
67 110 
24 126 
58 63 
134 51 
9 53 
8 73 
66 8 
16 37 
5 61 
14 48 
48 37 
101 56 
133 16 
97 18 
124 109 
76 66 
16 62 
87 40 
88 99 
132 100 
9 1 
29 37 
44 123 
69 22 
19 140 
113 48 
15 100 
97 126 
105 56 
19 125 
95 123 
1 107 
21 142 
19 108 
29 42 
4 127 
122 142 
135 134 
30 109 
35 33 
44 20 
113 116 
123 13 
5 103 
117 109 
112 135 
120 90 
92 49 
135 66 
84 142 
142 59 
106 5 
40 3 
78 95 
116 56 
118 61 
25 62 
48 127 
106 102 
133 139 
39 82 
68 134 
116 87 
71 9 
58 7 
32 19 
49 93 
62 47 
21 81 
95 62 
79 10 
66 84 
44 120 
95 31 
2 12 
106 21 
124 65 
1 49 
39 102 
28 37 
76 126 
111 103 
36 105 
2 83 
17 54 
12 25 
44 69 
43 130 
33 13 
86 81 
11 74 
20 87 
20 120 
1 96 
123 134 
38 103 
15 123 
144 54 
92 110 
57 119 
101 103 
18 140 
19 124 
31 2 
129 72 
81 14 
15 95 
10 116 
91 62 
36 4 
17 107 
52 141 
101 118 
15 32 
115 14 
94 106 
127 84 
144 72 
71 84 
32 29 
16 121 
84 112 
98 97 
59 18 
20 9 
104 66 
103 45 
14 51 
141 105 
116 80 
6 46 
116 45 
105 99 
22 73 
123 55 
17 62 
38 5 
59 101 
87 94 
61 13 
35 102 
70 123 
28 14 
35 122 
138 34 
41 66 
69 36 
78 76 
98 57 
63 4 
114 30 
102 111 
70 3 
125 14 
47 13 
126 128 
37 139 
84 85 
60 61 
23 127 
55 87 
143 90 
106 123 
3 63 
18 98 
45 41 
68 77 
36 11 
97 134 
121 65 
91 9 
47 83 
45 117 
31 81 
78 28 
69 93 
70 74 
14 117 
128 112 
58 137 
64 100 
142 18 
65 86 
62 27 
106 111 
21 6 
102 2 
110 32 
111 36 
142 87 
135 79 
59 23 
116 102 
29 10 
114 143 
127 34 
54 14 
24 5 
113 35 
74 29 
11 2 
113 30 
132 89 
32 9 
10 56 
111 39 
6 33 
22 28 
110 40 
108 9 
129 88 
89 116 
73 117 
80 112 
58 2 
16 21 
62 43 
11 32 
83 91 
74 16 
16 131 
33 34 
98 51 
124 40 
101 44 
126 87 
143 32 
9 24 
8 71 
27 24 
72 75 
37 36 
86 71 
58 116 
121 49 
83 29 
2 91 
20 50 
121 128 
131 11 
20 7 
95 61 
128 118 
52 58 
76 71 
95 143 
112 104 
125 37 
86 58 
18 144 
113 110 
20 47 
77 13 
101 79 
87 124 
50 68 
72 27 
44 92 
18 44 
5 33 
5 41 
127 82 
24 69 
23 54 
27 132 
49 15 
35 4 
7 8 
51 30 
142 105 
118 74 
115 59 
122 44 
61 30 
54 128 
39 113 
135 94 
66 40 
47 107 
111 69 
19 70 
122 110 
53 136 
130 48 
84 135 
67 120 
75 91 
108 18 
20 72 
139 19 
79 73 
40 1 
91 84 
67 23 
3 68 
16 130 
35 67 
48 33 
67 59 
141 86 
41 97 
133 134 
38 89 
140 106 
7 78 
79 100 
99 85 
114 107 
80 63 
121 123 
85 137 
53 37 
105 57 
98 3 
74 130 
67 28 
6 51 
64 79 
87 114 
106 84 
5 141 
105 27 
107 122 
28 62 
109 139 
61 67 
12 79 
9 5 
132 38 
9 50 
45 58 
98 36 
15 22 
60 20 
67 130 
38 104 
98 132 
22 23 
136 80 
104 88 
107 66 
138 66 
74 20 
42 79 
143 121 
61 73 
21 117 
63 34 
120 109 
19 100 
132 15 
139 116 
90 44 
80 38 
107 48 
53 43 
125 20 
25 7 
130 95 
44 96 
123 14 
42 129 
87 22 
56 7 
108 61 
114 129 
114 139 
100 120 
110 85 
60 100 
85 71 
130 107 
133 17 
118 131 
106 48 
10 77 
5 8 
144 86 
95 91 
54 127 
89 40 
110 17 
114 144 
53 98 
51 34 
141 33 
115 24 
103 141 
5 15 
28 57 
119 74 
52 144 
75 11 
11 110 
25 6 
93 52 
67 108 
2 115 
141 135 
84 89 
20 96 
6 108 
98 5 
138 40 
48 52 
69 79 
92 35 
4 81 
121 134 
20 116 
129 63 
62 59 
137 123 
118 77 
125 98 
106 121 
73 90 
46 61 
68 124 
35 128 
128 34 
109 68 
59 78 
9 43 
108 144 
52 53 
54 112 
129 115 
88 19 
106 71 
115 93 
137 14 
49 126 
37 20 
117 24 
104 105 
22 89 
127 12 
74 37 
21 131 
20 79 
132 61 
121 43 
87 56 
56 47 
27 67 
89 113 
59 123 
90 22 
93 116 
27 115 
91 134 
16 92 
13 111 
70 89 
58 70 
49 96 
32 107 
140 59 
89 23 
61 25 
89 31 
138 62 
132 46 
21 22 
73 37 
57 39 
13 29 
57 138 
126 78 
80 82 
142 4 
117 9 
124 18 
9 2 
130 134 
97 115 
37 8 
83 27 
137 83 
58 55 
121 74 
9 35 
120 45 
4 51 
15 70 
94 4 
54 93 
38 56 
95 52 
14 57 
105 93 
136 67 
59 41 
52 86 
44 65 
103 74 
112 49 
32 72 
133 60 
58 126 
141 9 
96 79 
18 104 
113 109 
3 74 
123 9 
34 99 
74 36 
60 135 
139 26 
68 112 
16 134 
89 56 
115 91 
120 121 
32 79 
30 7 
92 73 
114 73 
108 110 
42 3 
66 55 
53 122 
46 139 
74 6 
99 64 
42 71 
71 51 
78 114 
131 20 
121 9 
132 83 
74 120 
88 108 
106 143 
113 100 
19 109 
73 128 
24 121 
38 67 
122 87 
28 43 
19 130 
109 82 
68 144 
74 96 
106 39 
12 56 
51 105 
142 98 
21 85 
48 35 
135 30 
65 24 
6 57 
42 62 
76 128 
107 120 
97 3 
98 144 
135 29 
69 25 
97 45 
9 18 
5 49 
23 60 
93 1 
127 37 
144 138 
25 79 
37 115 
95 109 
3 111 
52 124 
58 40 
70 97 
103 57 
141 38 
103 31 
72 134 
3 41 
22 123 
133 106 
2 47 
127 20 
131 24 
91 101 
138 45 
101 60 
134 24 
135 23 
62 3 
27 76 
58 39 
68 73 
112 106 
20 108 
131 67 
120 13 
98 136 
21 15 
29 97 
139 112 
105 134 
96 92 
99 111 
6 29 
61 71 
10 14 
125 87 
53 75 
55 113 
105 2 
46 83 
113 60 
74 51 
137 77 
4 107 
23 125 
138 142 
96 52 
112 14 
139 38 
67 24 
90 131 
97 66 
1 117 
124 122 
106 19 
15 48 
37 105 
6 35 
114 112 
86 15 
127 40 
90 128 
126 118 
140 2 
17 3 
131 63 
109 123 
26 16 
132 77 
111 62 
106 46 
64 3 
98 21 
76 141 
20 94 
10 113 
31 13 
93 128 
133 38 
78 57 
18 138 
69 31 
41 125 
27 117 
126 114 
23 129 
141 11 
135 48 
123 28 
2 64 
135 104 
119 21 
30 130 
72 133 
79 143 
104 25 
47 80 
26 69 
136 12 
80 52 
26 122 
50 113 
78 47 
12 39 
114 18 
79 2 
114 115 
51 106 
118 142 
24 46 
60 67 
116 57 
41 98 
69 7 
4 136 
23 57 
104 10 
110 134 
132 11 
3 71 
35 69 
93 4 
12 78 
138 125 
125 126 
109 91 
130 86 
41 1 
132 78 
35 14 
33 118 
109 20 
39 116 
4 75 
109 70 
64 59 
115 36 
125 88 
7 1 
5 54 
75 110 
123 51 
44 26 
30 41 
123 80 
1 101 
3 123 
138 87 
77 95 
22 46 
57 83 
21 109 
101 36 
36 46 
143 73 
18 34 
39 141 
99 93 
107 44 
70 33 
132 97 
66 31 
114 122 
131 139 
45 82 
14 32 
117 33 
5 94 
114 56 
129 71 
13 37 
78 65 
12 31 
53 3 
20 88 
78 29 
107 58 
74 65 
48 128 
85 116 
118 140 
135 33 
5 1 
38 105 
50 25 
115 60 
130 38 
89 109 
45 101 
141 26 
110 129 
92 98 
14 106 
14 142 
132 62 
96 127 
98 88 
61 35 
72 91 
120 62 
23 35 
134 104 
105 75 
63 91 
8 12 
52 72 
117 12 
37 18 
61 143 
72 123 
13 135 
23 58 
9 8 
53 80 
120 73 
11 14 
114 124 
49 119 
73 134 
36 10 
112 45 
34 124 
23 110 
81 111 
68 5 
128 25 
40 35 
78 33 
118 36 
68 90 
108 59 
131 12 
99 45 
135 41 
111 42 
37 10 
13 131 
142 36 
26 81 
123 53 
129 32 
125 143 
71 96 
143 128 
104 13 
47 37 
131 26 
14 133 
53 39 
28 25 
92 129 
108 123 
139 83 
33 65 
28 94 
142 6 
55 139 
82 28 
67 139 
88 139 
38 14 
74 95 
78 50 
57 123 
94 113 
47 126 
96 109 
57 69 
95 12 
130 31 
44 54 
30 50 
4 119 
88 143 
43 23 
39 8 
78 97 
9 84 
46 117 
37 62 
43 81 
33 112 
119 81 
38 64 
84 47 
19 91 
39 80 
104 90 
26 95 
112 88 
91 42 
46 12 
93 110 
22 66 
56 76 
57 27 
16 63 
46 115 
122 139 
6 101 
5 129 
64 67 
9 86 
27 59 
38 100 
2 59 
58 18 
131 132 
54 47 
72 5 
52 50 
31 35 
96 2 
32 144 
115 86 
82 136 
144 65 
136 115 
11 65 
56 81 
84 2 
16 98 
130 127 
108 81 
89 29 
115 35 
118 107 
137 139 
32 39 
82 6 
8 64 
28 107 
54 90 
56 103 
78 75 
128 31 
10 30 
91 40 
33 46 
59 124 
90 110 
4 82 
62 57 
4 80 
45 104 
21 122 
118 20 
75 119 
111 51 
66 143 
12 103 
131 7 
135 120 
44 67 
78 8 
64 50 
7 66 
111 97 
17 130 
10 103 
11 50 
109 43 
135 127 
77 20 
87 88 
124 75 
57 3 
129 44 
35 101 
12 22 
28 75 
51 68 
19 50 
144 99 
36 85 
14 101 
15 142 
5 21 
97 20 
131 48 
109 17 
124 9 
71 30 
132 119 
104 2 
43 31 
38 42 
41 24 
50 79 
54 100 
139 113 
97 46 
66 48 
118 130 
8 84 
110 5 
83 109 
102 40 
41 134 
43 71 
32 138 
46 69 
101 39 
69 103 
5 57 
46 26 
67 118 
16 18 
136 56 
51 43 
85 14 
64 45 
74 83 
36 107 
101 13 
88 21 
78 27 
39 143 
96 128 
29 143 
116 23 
13 142 
61 115 
10 100 
94 62 
91 15 
12 30 
56 27 
127 35 
13 119 
106 49 
140 42 
12 17 
73 27 
39 69 
56 97 
136 119 
74 82 
120 42 
45 122 
74 41 
18 88 
77 3 
34 5 
42 106 
140 84 
7 51 
136 7 
11 135 
78 13 
74 107 
14 91 
112 42 
104 118 
14 143 
59 136 
119 89 
45 11 
92 55 
131 101 
61 96 
33 102 
53 114 
72 104 
14 107 
76 104 
121 15 
85 108 
22 135 
86 95 
25 22 
82 13 
62 13 
138 140 
56 53 
80 56 
106 119 
65 103 
69 99 
8 77 
8 99 
9 19 
40 63 
54 38 
8 47 
24 50 
128 26 
73 113 
59 75 
100 91 
28 41 
99 23 
3 137 
40 51 
59 96 
126 62 
10 65 
74 134 
30 86 
138 102 
138 47 
110 58 
35 60 
116 53 
39 4 
56 77 
141 15 
43 41 
128 72 
77 37 
84 96 
12 33 
25 1 
107 65 
122 144 
141 67 
141 111 
5 52 
68 8 
83 71 
9 109 
118 8 
44 23 
100 106 
94 79 
8 129 
70 131 
46 45 
125 92 
88 130 
106 62 
112 26 
44 53 
72 96 
90 20 
58 80 
6 12 
45 70 
98 101 
24 3 
66 35 
23 74 
142 103 
65 114 
131 66 
46 21 
102 30 
25 60 
1 131 
135 67 
31 84 
90 85 
64 1 
48 136 
100 44 
63 136 
17 104 
12 49 
118 122 
32 137 
22 136 
109 58 
118 84 
72 125 
10 9 
25 143 
114 98 
126 110 
15 36 
92 97 
24 28 
114 70 
60 140 
31 57 
101 106 
8 14 
68 114 
87 53 
89 43 
102 103 
95 66 
91 5 
119 26 
13 58 
132 19 
101 82 
61 134 
81 137 
75 45 
63 75 
136 139 
49 41 
15 126 
49 10 
119 110 
66 6 
92 41 
52 94 
98 87 
106 1 
89 120 
143 62 
35 109 
124 76 
89 73 
42 134 
1 100 
77 63 
66 18 
15 46 
9 85 
108 109 
10 64 
78 118 
70 4 
42 76 
102 90 
110 62 
74 62 
62 5 
103 98 
44 17 
112 85 
40 2 
39 92 
32 68 
15 79 
97 114 
46 99 
25 83 
104 133 
1 20 
108 128 
79 16 
35 107 
122 127 
135 88 
73 105 
81 33 
108 38 
94 31 
80 65 
21 1 
103 58 
89 12 
2 56 
25 57 
69 98 
64 136 
52 109 
2 122 
10 132 
130 117 
60 37 
126 136 
120 118 
3 61 
56 5 
117 121 
95 11 
71 52 
76 51 
28 80 
3 59 
86 85 
58 54 
104 49 
3 112 
98 67 
76 133 
13 6 
27 34 
40 107 
78 10 
67 53 
54 123 
143 113 
135 131 
144 64 
38 112 
102 119 
141 115 
97 130 
82 103 
40 86 
85 117 
102 20 
130 89 
97 68 
103 96 
36 79 
54 107 
130 57 
69 45 
46 89 
47 25 
91 133 
128 60 
135 93 
53 38 
93 117 
48 44 
88 90 
24 111 
81 41 
96 45 
68 82 
90 24 
94 27 
59 51 
41 23 
102 26 
87 54 
55 117 
28 56 
83 21 
84 70 
26 86 
84 48 
73 3 
102 110 
12 108 
36 97 
75 12 
135 82 
11 106 
7 105 
94 39 
66 44 
134 64 
110 52 
58 1 
24 86 
61 140 
105 6 
14 116 
111 136 
43 129 
81 51 
93 78 
117 67 
85 74 
106 83 
52 63 
14 134 
85 49 
59 50 
39 35 
123 135 
53 35 
42 52 
94 142 
143 63 
1 89 
72 6 
137 120 
73 131 
42 141 
39 71 
18 17 
142 112 
47 49 
15 13 
97 69 
108 135 
5 36 
94 144 
45 93 
35 144 
6 67 
123 98 
32 84 
111 8 
47 139 
11 128 
113 141 
45 89 
139 127 
8 43 
32 97 
91 86 
10 67 
49 14 
34 120 
134 93 
2 136 
125 111 
4 138 
126 90 
37 86 
99 12 
92 116 
42 22 
36 53 
35 37 
18 53 
129 121 
80 42 
59 32 
94 96 
144 142 
3 101 
107 50 
117 62 
17 123 
22 5 
99 94 
121 67 
136 97 
4 121 
7 128 
95 22 
38 19 
95 19 
109 10 
141 37 
141 98 
140 41 
15 106 
30 139 
33 89 
44 81 
61 34 
101 78 
134 60 
49 59 
117 133 
37 22 
127 46 
124 41 
133 55 
119 78 
38 97 
80 93 
142 91 
115 65 
7 143 
8 143 
104 12 
6 126 
24 54 
138 43 
54 111 
7 98 
36 109 
143 87 
79 132 
137 64 
98 9 
73 119 
13 81 
105 111 
43 15 
113 95 
76 131 
106 35 
93 10 
114 74 
77 22 
36 83 
73 115 
69 144 
57 1 
21 120 
7 130 
140 121 
134 99 
114 119 
27 116 
81 87 
35 74 
55 118 
17 29 
116 3 
12 94 
34 121 
46 108 
28 140 
38 71 
40 126 
84 14 
86 74 
26 64 
98 22 
9 62 
66 52 
124 120 
131 85 
104 5 
43 126 
49 20 
5 131 
131 88 
126 67 
40 79 
50 47 
130 64 
10 111 
76 100 
80 114 
61 85 
43 56 
126 83 
43 6 
61 101 
68 42 
111 82 
35 38 
35 87 
93 77 
90 42 
141 116 
17 112 
64 39 
118 29 
114 86 
109 64 
49 108 
36 73 
122 13 
120 102 
59 63 
104 78 
29 121 
25 141 
4 8 
129 82 
13 102 
27 91 
28 117 
129 59 
102 86 
67 97 
68 21 
68 111 
42 31 
18 7 
76 25 
2 44 
70 42 
135 36 
2 50 
18 131 
13 39 
11 126 
30 85 
136 141 
28 132 
16 96 
80 26 
72 33 
140 142 
24 99 
79 3 
126 79 
39 19 
46 70 
49 141 
112 94 
121 58 
115 82 
44 72 
67 94 
127 79 
82 119 
6 102 
6 134 
99 138 
16 54 
134 137 
27 127 
6 15 
85 68 
130 104 
27 86 
120 1 
27 101 
70 87 
64 25 
130 62 
137 17 
137 135 
80 72 
120 126 
58 127 
4 105 
114 5 
98 44 
91 56 
124 69 
102 104 
127 105 
80 138 
18 64 
127 103 
113 117 
5 40 
137 142 
111 129 
58 75 
33 77 
7 28 
33 136 
45 136 
22 144 
66 106 
81 144 
45 60 
92 91 
103 66 
122 18 
107 89 
117 38 
73 51 
83 73 
72 26 
133 62 
99 125 
23 87 
50 53 
117 17 
109 116 
135 57 
64 40 
137 97 
79 98 
43 78 
99 100 
48 4 
60 118 
69 17 
11 93 
99 47 
69 90 
143 119 
31 76 
90 19 
140 35 
52 7 
42 9 
14 92 
67 5 
86 124 
59 99 
25 142 
10 17 
51 135 
104 94 
84 133 
123 45 
40 26 
119 65 
29 144 
94 140 
66 99 
124 42 
139 36 
82 75 
84 26 
78 24 
66 137 
96 66 
130 132 
54 105 
137 68 
84 88 
19 45 
3 4 
42 63 
16 65 
111 113 
127 18 
134 70 
15 33 
39 44 
5 75 
112 76 
25 132 
30 2 
35 90 
45 131 
50 29 
105 101 
84 110 
12 76 
11 117 
135 18 
33 110 
115 128 
44 22 
81 112 
77 30 
83 104 
80 77 
108 131 
130 25 
111 20 
9 89 
48 19 
70 57 
141 91 
35 16 
35 49 
96 3 
89 26 
137 37 
8 90 
143 101 
124 133 
75 69 
130 123 
27 45 
121 36 
137 109 
75 35 
4 131 
49 83 
97 72 
141 31 
138 5 
80 76 
119 83 
83 68 
73 78 
21 18 
68 26 
23 81 
140 3 
10 123 
124 112 
66 67 
40 83 
53 135 
79 34 
53 95 
26 17 
91 82 
25 121 
56 109 
36 22 
29 95 
138 37 
2 25 
127 65 
24 103 
22 47 
133 54 
126 77 
124 21 
128 138 
34 44 
70 38 
73 2 
65 136 
136 29 
92 121 
35 100 
120 33 
128 86 
11 9 
144 126 
3 75 
53 96 
94 30 
103 29 
127 25 
29 141 
101 88 
33 69 
90 106 
104 138 
40 32 
64 30 
95 116 
124 28 
125 18 
67 4 
15 85 
111 144 
71 134 
66 11 
66 26 
104 61 
34 96 
91 37 
88 113 
140 51 
89 139 
58 15 
111 132 
63 94 
103 132 
116 59 
129 79 
77 53 
19 141 
114 92 
136 78 
97 52 
34 41 
67 119 
18 54 
54 40 
30 122 
55 3 
100 31 
108 143 
53 92 
2 124 
60 88 
138 139 
139 48 
21 73 
47 55 
68 31 
101 49 
93 73 
92 140 
10 105 
125 114 
57 56 
125 116 
54 60 
2 106 
114 79 
31 50 
100 7 
31 120 
88 92 
103 136 
43 107 
1 44 
55 32 
37 112 
90 45 
140 54 
45 102 
43 34 
104 70 
1 75 
6 23 
20 139 
21 48 
26 107 
64 126 
67 70 
52 73 
9 102 
79 122 
38 88 
31 65 
7 80 
59 6 
52 83 
65 28 
75 70 
132 90 
12 132 
68 6 
34 24 
122 28 
102 108 
63 135 
4 99 
52 13 
47 86 
100 57 
138 55 
50 58 
79 7 
46 8 
24 57 
79 138 
135 68 
105 43 
56 82 
59 143 
130 128 
96 111 
112 82 
143 100 
129 80 
38 78 
52 41 
47 64 
114 14 
122 68 
124 64 
43 22 
63 142 
61 79 
89 133 
75 67 
101 142 
118 116 
17 99 
142 90 
22 31 
81 76 
2 49 
126 72 
109 110 
115 42 
32 27 
94 105 
85 144 
33 37 
77 105 
107 79 
138 9 
104 28 
45 38 
8 94 
68 2 
18 41 
98 106 
120 79 
50 51 
110 123 
85 51 
3 20 
92 117 
31 104 
97 1 
59 40 
114 33 
11 5 
100 27 
121 51 
127 74 
137 41 
22 122 
40 98 
79 28 
97 102 
81 121 
127 77 
108 90 
22 106 
41 12 
41 104 
13 74 
106 142 
28 103 
78 110 
23 19 
129 73 
125 117 
74 98 
92 82 
46 87 
20 135 
84 42 
99 70 
130 116 
52 30 
99 15 
54 139 
95 67 
6 71 
50 72 
70 27 
135 45 
120 133 
2 36 
128 10 
97 93 
109 12 
82 24 
143 20 
81 127 
47 88 
73 65 
77 1 
47 101 
33 109 
96 31 
17 113 
134 107 
129 34 
90 98 
117 2 
41 10 
83 121 
30 15 
33 132 
80 29 
99 115 
74 48 
64 140 
76 129 
60 57 
89 21 
99 6 
77 59 
61 141 
139 126 
34 117 
63 86 
63 111 
15 143 
79 48 
99 141 
144 17 
41 143 
136 74 
58 67 
12 83 
140 103 
84 10 
115 4 
124 50 
127 92 
98 86 
68 10 
61 119 
134 75 
142 10 
106 12 
112 59 
111 11 
102 96 
37 97 
130 85 
37 69 
105 136 
50 132 
32 94 
63 125 
94 122 
1 32 
56 65 
85 93 
119 55 
63 123 
21 29 
20 40 
14 4 
13 117 
9 65 
124 24 
129 11 
124 12 
84 41 
38 90 
1 139 
15 135 
84 37 
47 41 
54 134 
3 72 
54 21 
33 107 
42 41 
70 11 
28 55 
134 80 
63 41 
56 62 
18 8 
20 128 
64 83 
91 104 
75 74 
1 29 
93 26 
103 99 
44 32 
137 88 
11 8 
113 8 
89 3 
77 115 
101 41 
61 55 
40 36 
75 97 
66 92 
95 126 
127 17 
119 31 
127 76 
109 4 
75 143 
86 92 
108 104 
75 7 
58 135 
1 37 
59 137 
79 84 
92 57 
64 96 
65 35 
65 81 
4 86 
130 55 
136 44 
99 121 
127 136 
115 107 
34 104 
82 90 
143 123 
133 64 
93 35 
82 55 
73 34 
11 91 
93 92 
67 43 
136 131 
121 39 
83 70 
91 33 
3 78 
129 123 
16 112 
55 126 
32 108 
65 6 
76 36 
90 29 
113 125 
60 62 
105 119 
108 127 
15 130 
53 21 
16 5 
94 51 
121 124 
34 98 
135 144 
79 43 
52 84 
79 99 
125 31 
110 9 
116 77 
132 128 
124 83 
103 16 
139 35 
61 40 
125 115 
91 59 
49 136 
73 80 
49 137 
26 104 
10 86 
109 23 
35 64 
91 107 
100 114 
21 65 
51 11 
3 99 
79 141 
84 97 
18 11 
72 84 
30 3 
79 8 
66 71 
82 105 
108 99 
91 70 
91 61 
25 123 
126 29 
66 64 
23 45 
46 60 
58 100 
139 62 
116 33 
111 86 
2 111 
144 104 
111 117 
113 85 
48 70 
123 103 
75 122 
113 122 
30 37 
9 61 
101 127 
56 45 
127 125 
135 71 
86 83 
88 67 
13 133 
41 127 
92 9 
91 12 
109 7 
93 12 
18 134 
8 33 
51 126 
88 13 
106 56 
111 43 
119 99 
49 7 
133 59 
38 62 
108 89 
22 52 
47 98 
23 105 
16 135 
69 127 
25 105 
51 23 
34 60 
46 77 
74 144 
91 127 
28 93 
3 113 
116 41 
86 45 
49 91 
14 78 
80 35 
30 106 
59 39 
4 83 
15 27 
127 83 
102 42 
80 51 
73 23 
7 111 
34 142 
105 112 
124 113 
112 53 
71 67 
50 126 
3 118 
104 132 
140 109 
