182 5805 
149 65 172 180 224 8 125 12 237 86 200 267 14 157 154 145 166 116 162 68 279 98 206 278 55 30 20 252 162 44 239 67 85 83 5 166 70 152 36 269 229 3 209 44 208 9 58 17 57 134 166 84 17 270 87 222 181 178 180 23 200 222 28 36 142 298 141 60 265 236 220 160 211 106 271 120 188 58 138 274 224 28 135 142 94 200 128 147 48 108 26 253 204 48 82 44 245 105 224 24 49 240 216 58 251 75 203 187 200 57 205 47 35 164 86 235 235 215 297 253 9 12 277 202 276 162 240 236 236 84 240 223 57 174 136 13 91 216 90 151 254 45 92 241 185 224 68 124 256 254 284 23 13 169 147 70 250 165 206 85 90 126 1 148 234 90 294 46 2 276 266 181 236 149 87 232 127 208 226 156 75 68 
143 144 
46 23 
112 37 
72 124 
83 18 
118 73 
144 86 
93 153 
110 54 
57 54 
39 41 
52 154 
43 162 
49 4 
113 92 
128 79 
118 6 
147 78 
114 142 
90 132 
51 6 
53 129 
66 1 
85 9 
75 165 
14 142 
12 125 
112 62 
118 26 
63 32 
118 60 
63 20 
164 151 
43 82 
3 170 
116 108 
14 71 
149 135 
112 16 
19 40 
118 135 
106 50 
164 31 
64 5 
64 71 
79 66 
27 46 
9 23 
146 59 
59 52 
51 162 
30 68 
124 40 
139 128 
30 174 
2 150 
162 130 
59 126 
36 146 
104 70 
45 123 
131 164 
136 8 
40 145 
129 65 
122 169 
51 62 
85 26 
102 138 
5 63 
148 132 
12 28 
97 62 
160 158 
16 2 
46 24 
24 43 
134 48 
134 70 
136 78 
15 92 
22 34 
66 44 
146 131 
135 134 
79 165 
75 22 
176 139 
122 57 
97 110 
107 118 
141 79 
94 43 
180 161 
21 81 
44 69 
12 35 
47 115 
42 114 
63 77 
92 150 
71 87 
131 23 
140 77 
95 176 
17 1 
44 78 
173 5 
165 103 
114 19 
68 2 
146 160 
121 169 
160 72 
49 102 
84 44 
134 51 
21 117 
131 120 
173 129 
91 69 
115 111 
97 114 
72 53 
1 147 
164 28 
114 43 
44 7 
150 11 
159 23 
17 166 
94 14 
26 27 
39 75 
18 117 
2 147 
70 136 
91 142 
7 99 
18 85 
101 127 
145 93 
151 3 
59 169 
3 106 
78 106 
140 25 
109 65 
91 56 
74 83 
34 165 
97 100 
145 14 
35 164 
131 128 
109 22 
112 15 
117 69 
129 14 
127 107 
3 147 
98 38 
141 96 
62 83 
108 33 
64 42 
86 177 
17 178 
173 39 
85 136 
84 61 
90 21 
115 29 
139 160 
5 33 
47 134 
136 14 
52 142 
168 32 
1 10 
1 6 
170 58 
77 16 
61 51 
84 179 
66 155 
116 6 
37 116 
58 171 
56 165 
83 107 
172 144 
174 3 
101 38 
159 167 
5 7 
170 46 
153 158 
40 90 
48 114 
136 143 
23 73 
111 151 
108 112 
42 150 
171 102 
83 67 
133 67 
89 111 
17 181 
45 121 
134 68 
57 95 
144 61 
57 20 
4 120 
177 5 
94 75 
108 162 
70 146 
176 123 
40 160 
57 6 
127 82 
39 181 
177 111 
42 68 
44 46 
131 126 
75 137 
129 141 
107 139 
10 26 
59 136 
1 45 
58 102 
156 59 
57 97 
156 109 
41 3 
80 9 
75 65 
122 150 
173 30 
1 102 
40 14 
129 96 
89 145 
19 107 
59 168 
89 106 
79 40 
165 27 
11 75 
140 153 
87 82 
14 35 
71 15 
142 166 
177 94 
76 34 
165 131 
97 44 
120 26 
5 181 
102 94 
99 88 
135 101 
90 8 
83 49 
176 174 
163 89 
24 123 
99 50 
54 89 
16 146 
47 137 
180 85 
153 75 
121 53 
176 57 
71 78 
5 162 
35 125 
58 173 
154 116 
87 14 
141 84 
141 27 
12 74 
175 14 
119 17 
94 117 
149 103 
3 163 
172 154 
114 16 
177 15 
86 47 
51 91 
132 4 
122 152 
71 30 
107 86 
83 68 
126 74 
10 37 
35 140 
173 61 
20 167 
169 147 
113 173 
87 46 
35 110 
179 80 
174 16 
116 117 
136 69 
4 42 
73 43 
57 50 
31 73 
144 106 
24 106 
27 64 
104 141 
151 10 
20 26 
36 59 
51 40 
98 80 
138 170 
90 153 
31 85 
72 29 
135 121 
180 59 
46 105 
91 158 
49 121 
171 13 
89 173 
153 109 
84 2 
115 91 
90 37 
140 146 
163 9 
93 41 
153 67 
90 75 
74 42 
124 8 
92 19 
123 55 
18 47 
2 57 
158 70 
142 147 
43 149 
62 162 
2 7 
123 92 
23 62 
25 8 
5 73 
39 161 
83 166 
139 153 
117 130 
178 142 
85 124 
15 13 
48 13 
21 139 
143 75 
23 82 
116 141 
115 78 
120 14 
129 176 
75 176 
100 77 
128 37 
5 120 
41 6 
149 136 
70 49 
63 35 
119 113 
182 150 
164 6 
85 99 
164 147 
7 168 
38 54 
37 143 
15 148 
85 166 
22 156 
62 3 
44 106 
50 100 
93 168 
83 147 
71 20 
139 165 
148 129 
154 85 
174 106 
33 125 
66 106 
35 15 
91 165 
25 47 
114 98 
181 49 
45 6 
137 95 
177 39 
117 38 
154 147 
66 6 
80 112 
95 45 
126 139 
87 127 
69 156 
130 170 
128 145 
53 92 
116 60 
174 90 
142 100 
77 54 
143 65 
34 29 
50 63 
1 24 
21 69 
156 25 
5 6 
157 44 
37 151 
34 166 
102 12 
39 30 
28 36 
107 41 
118 59 
155 161 
48 164 
99 33 
81 39 
46 42 
26 69 
153 127 
126 113 
50 15 
105 9 
88 126 
74 152 
101 6 
19 156 
168 164 
163 162 
111 51 
51 52 
22 145 
98 29 
73 108 
91 143 
56 83 
101 19 
30 144 
111 130 
154 159 
60 130 
68 170 
135 42 
76 114 
113 138 
171 115 
125 93 
16 72 
101 175 
100 106 
47 50 
100 30 
10 40 
17 114 
38 113 
69 119 
154 80 
163 51 
123 28 
58 12 
4 154 
97 139 
153 24 
119 73 
143 62 
75 71 
32 74 
134 142 
118 94 
40 76 
37 52 
42 149 
173 161 
98 151 
146 40 
48 170 
11 81 
123 108 
163 117 
14 63 
35 139 
160 135 
76 88 
162 88 
108 159 
38 7 
82 16 
23 97 
142 176 
122 69 
169 42 
73 33 
69 130 
110 156 
16 127 
8 178 
74 135 
162 36 
172 73 
121 57 
48 84 
96 51 
161 124 
84 23 
154 105 
108 134 
60 104 
21 91 
36 33 
170 120 
2 83 
86 128 
171 114 
75 132 
111 24 
110 64 
93 115 
174 56 
48 92 
168 12 
34 63 
70 138 
174 76 
147 63 
173 11 
85 161 
171 170 
158 85 
65 68 
79 43 
120 152 
15 32 
98 47 
68 20 
35 61 
68 41 
173 137 
108 20 
152 172 
150 111 
61 16 
131 125 
136 178 
131 36 
74 140 
164 109 
168 17 
93 161 
141 176 
92 41 
98 35 
60 7 
149 74 
100 73 
123 89 
70 84 
13 36 
159 46 
47 118 
166 119 
21 23 
55 47 
43 146 
42 33 
64 11 
51 38 
181 14 
164 81 
141 67 
110 2 
127 179 
6 139 
159 147 
143 170 
165 163 
139 87 
12 129 
62 142 
73 47 
22 4 
21 32 
104 29 
44 149 
1 62 
45 156 
47 90 
40 2 
4 128 
27 114 
46 32 
38 23 
29 148 
38 41 
140 70 
42 38 
9 11 
81 107 
154 134 
176 81 
76 171 
181 104 
22 94 
94 36 
136 182 
31 178 
8 139 
121 55 
60 49 
31 87 
35 176 
174 78 
118 35 
156 138 
162 94 
13 147 
77 98 
155 132 
149 60 
176 93 
8 74 
19 94 
33 172 
151 36 
20 138 
88 91 
74 138 
177 33 
78 116 
45 64 
182 47 
165 30 
88 34 
182 15 
42 76 
126 80 
68 27 
71 82 
35 144 
119 24 
154 40 
181 56 
74 111 
10 57 
149 109 
30 22 
173 133 
3 29 
43 160 
164 181 
157 87 
16 17 
12 89 
138 31 
84 91 
79 160 
133 75 
66 46 
118 13 
67 63 
130 4 
27 120 
78 109 
66 105 
2 93 
58 144 
89 118 
86 155 
98 85 
125 181 
71 86 
108 80 
33 57 
146 48 
123 40 
123 39 
32 140 
112 78 
47 49 
133 5 
76 29 
71 68 
77 46 
67 106 
34 178 
56 63 
38 146 
171 138 
170 123 
182 77 
60 29 
177 42 
64 121 
137 59 
58 76 
168 108 
11 108 
122 54 
141 131 
165 33 
126 18 
140 44 
181 76 
150 158 
20 15 
44 52 
47 45 
130 141 
142 59 
134 60 
109 99 
64 123 
82 28 
88 154 
86 122 
26 137 
109 79 
68 147 
143 41 
125 92 
141 159 
97 158 
134 152 
9 151 
174 47 
77 137 
114 143 
13 149 
143 138 
154 139 
103 68 
65 45 
125 164 
157 17 
85 181 
133 89 
31 171 
101 114 
180 136 
57 78 
34 20 
46 92 
155 88 
126 163 
98 112 
74 39 
23 95 
89 168 
139 36 
164 45 
72 155 
135 19 
39 6 
161 81 
27 92 
123 77 
10 143 
140 68 
30 63 
182 145 
17 90 
31 86 
28 63 
38 133 
24 97 
35 49 
19 84 
32 129 
6 148 
174 181 
151 35 
53 143 
69 124 
175 17 
152 5 
157 27 
166 18 
150 104 
57 145 
118 86 
8 100 
80 26 
59 181 
104 172 
143 100 
102 39 
61 83 
73 101 
126 79 
45 83 
114 92 
54 154 
128 26 
46 95 
54 78 
85 96 
17 107 
159 29 
34 168 
45 30 
165 71 
46 138 
57 37 
138 5 
87 110 
20 120 
31 14 
62 105 
120 100 
20 106 
42 30 
145 99 
148 127 
89 105 
176 121 
83 29 
118 17 
24 128 
167 30 
32 173 
150 93 
90 86 
45 67 
178 13 
66 68 
152 127 
17 52 
144 109 
45 36 
176 56 
127 34 
164 126 
114 10 
20 176 
118 95 
67 85 
59 37 
162 93 
87 79 
132 19 
125 101 
110 81 
149 102 
37 148 
3 69 
86 51 
129 50 
41 43 
14 103 
145 83 
3 32 
138 105 
73 65 
73 17 
121 42 
49 80 
37 3 
122 38 
129 125 
6 162 
108 103 
19 140 
105 33 
167 4 
175 106 
82 15 
150 165 
115 2 
63 12 
76 108 
107 106 
169 75 
171 55 
138 88 
129 101 
23 11 
54 104 
161 179 
80 45 
77 1 
154 68 
52 76 
67 8 
70 45 
76 118 
119 44 
44 148 
56 79 
162 65 
128 122 
86 179 
78 59 
171 45 
87 118 
82 157 
162 104 
168 161 
171 27 
167 69 
113 31 
13 12 
103 100 
112 125 
22 146 
90 41 
144 135 
36 55 
123 30 
73 44 
160 155 
47 2 
144 114 
104 52 
138 100 
36 112 
103 90 
24 50 
137 56 
160 85 
53 45 
55 46 
111 141 
119 84 
28 69 
137 119 
69 102 
121 171 
88 169 
98 158 
85 89 
31 101 
51 55 
68 174 
90 92 
146 33 
22 25 
137 58 
46 164 
100 76 
52 134 
145 48 
27 60 
165 105 
176 165 
116 7 
143 124 
156 24 
173 86 
101 107 
173 145 
5 87 
156 119 
81 133 
149 172 
45 144 
178 148 
107 136 
178 89 
59 72 
76 49 
63 133 
69 93 
71 100 
64 95 
36 133 
134 31 
60 121 
62 52 
16 11 
124 128 
15 120 
64 92 
140 6 
112 122 
138 135 
133 127 
128 12 
176 102 
14 7 
167 165 
124 134 
131 81 
151 150 
163 13 
178 83 
142 102 
21 167 
8 48 
75 160 
28 65 
16 136 
118 24 
24 69 
148 116 
77 115 
22 74 
1 75 
158 26 
164 15 
148 142 
153 56 
165 89 
52 11 
70 112 
81 23 
169 3 
182 53 
23 145 
157 61 
17 14 
169 132 
9 67 
173 50 
21 31 
157 135 
48 35 
82 143 
23 158 
34 142 
114 141 
54 113 
163 75 
161 13 
63 10 
71 149 
182 140 
177 181 
176 158 
9 2 
155 129 
28 85 
37 105 
6 160 
110 62 
61 126 
10 176 
19 96 
159 105 
2 8 
145 138 
11 22 
7 122 
146 158 
112 40 
78 24 
181 91 
40 7 
37 120 
71 108 
44 160 
46 96 
22 71 
112 84 
162 9 
168 170 
66 67 
104 34 
138 36 
152 86 
150 46 
179 173 
120 177 
6 138 
25 180 
32 77 
170 88 
70 115 
101 87 
165 22 
139 172 
96 16 
27 18 
99 143 
60 82 
145 91 
152 25 
115 137 
78 141 
182 115 
182 85 
28 73 
128 144 
131 129 
64 107 
100 81 
81 28 
64 33 
174 81 
38 87 
3 136 
29 54 
153 92 
44 182 
20 41 
62 61 
179 42 
84 72 
163 136 
76 128 
5 32 
23 121 
20 160 
16 35 
140 133 
14 182 
56 95 
84 3 
41 129 
182 57 
122 135 
94 60 
182 91 
149 89 
92 8 
6 49 
23 54 
132 63 
177 165 
81 111 
45 25 
47 76 
156 144 
137 21 
114 38 
88 23 
25 1 
158 89 
88 51 
151 60 
65 34 
23 17 
115 6 
127 54 
70 25 
84 34 
97 6 
2 128 
73 181 
18 16 
127 45 
71 62 
55 41 
52 118 
179 133 
113 107 
56 36 
7 76 
147 127 
31 123 
9 29 
125 165 
180 9 
106 27 
128 96 
107 180 
152 123 
60 166 
83 77 
119 128 
38 109 
69 165 
124 68 
171 79 
166 56 
149 162 
22 1 
152 173 
151 103 
115 159 
134 57 
115 135 
122 154 
13 144 
86 56 
10 120 
64 133 
179 158 
47 12 
159 116 
1 167 
37 145 
70 15 
112 114 
71 134 
20 181 
105 94 
133 96 
150 68 
157 132 
147 125 
145 67 
82 98 
79 85 
11 111 
55 150 
22 91 
121 21 
104 112 
43 131 
138 10 
15 38 
97 89 
33 84 
93 182 
79 27 
173 93 
112 137 
58 54 
180 81 
21 85 
132 1 
181 65 
130 167 
118 19 
148 58 
58 110 
68 126 
96 118 
21 8 
173 87 
168 157 
180 103 
48 151 
1 148 
26 142 
88 11 
23 63 
68 109 
145 73 
27 100 
91 62 
1 5 
74 51 
147 88 
137 136 
80 28 
156 180 
174 13 
60 141 
102 59 
153 103 
148 166 
3 144 
29 147 
132 41 
143 156 
70 130 
36 2 
130 77 
28 46 
73 55 
29 138 
30 88 
135 44 
86 115 
104 166 
93 12 
166 29 
88 54 
150 53 
178 91 
10 44 
172 83 
93 87 
46 146 
141 93 
128 50 
143 117 
139 169 
181 38 
156 46 
19 14 
131 77 
175 113 
143 58 
88 166 
142 37 
78 154 
118 138 
109 133 
24 181 
103 87 
25 52 
66 8 
26 108 
141 145 
160 141 
176 38 
26 67 
91 92 
96 40 
37 12 
133 44 
129 42 
7 142 
181 6 
27 8 
86 17 
21 169 
96 111 
88 156 
84 40 
120 175 
58 44 
97 112 
16 21 
20 28 
34 54 
136 2 
73 121 
39 124 
30 36 
26 2 
125 89 
58 167 
47 156 
27 59 
165 123 
4 28 
168 114 
77 142 
24 132 
147 41 
25 44 
172 69 
133 19 
152 169 
103 95 
71 56 
42 19 
127 139 
88 107 
105 12 
31 110 
3 88 
57 59 
78 152 
60 1 
32 169 
173 71 
57 43 
128 95 
103 169 
28 34 
35 13 
52 132 
88 173 
20 128 
94 50 
37 155 
130 143 
39 142 
171 9 
91 40 
85 7 
7 20 
142 96 
39 108 
119 35 
142 36 
27 110 
177 125 
156 61 
102 6 
175 63 
130 96 
65 106 
110 96 
43 161 
137 18 
23 161 
152 35 
97 78 
137 157 
140 45 
170 90 
178 124 
94 170 
16 113 
157 85 
84 12 
77 42 
180 172 
40 134 
88 79 
10 47 
175 124 
149 133 
169 131 
133 122 
27 2 
91 85 
112 44 
133 71 
3 178 
119 143 
28 100 
145 122 
158 80 
31 49 
24 39 
130 137 
34 19 
53 50 
35 106 
46 137 
169 63 
153 85 
106 166 
69 179 
37 132 
145 75 
76 89 
177 56 
46 158 
50 136 
146 165 
149 78 
44 130 
67 73 
8 37 
22 118 
180 83 
18 119 
76 113 
35 177 
83 12 
17 41 
165 9 
25 53 
56 152 
80 148 
112 132 
137 72 
74 67 
25 29 
75 131 
168 90 
151 19 
116 140 
97 95 
115 167 
114 35 
156 105 
168 178 
84 1 
77 97 
52 61 
69 34 
92 50 
34 167 
83 21 
16 6 
162 47 
57 131 
120 116 
142 50 
84 168 
82 61 
32 85 
4 29 
123 73 
133 161 
28 131 
127 141 
157 83 
108 86 
171 178 
50 119 
125 96 
126 115 
111 159 
43 173 
64 72 
97 155 
59 145 
84 114 
111 45 
150 149 
177 31 
8 155 
107 49 
33 143 
135 165 
35 20 
35 47 
151 68 
42 103 
178 103 
166 143 
97 59 
66 93 
172 26 
104 61 
165 76 
174 160 
33 35 
61 154 
130 50 
156 114 
158 163 
23 157 
26 77 
41 149 
144 6 
19 45 
139 23 
92 145 
91 100 
137 25 
93 92 
55 17 
105 6 
67 146 
165 26 
98 17 
114 108 
174 31 
73 30 
120 13 
27 108 
96 35 
87 145 
73 152 
29 24 
65 141 
123 32 
5 79 
102 30 
158 155 
152 176 
95 7 
57 44 
106 4 
148 45 
123 138 
70 93 
31 27 
54 171 
143 26 
161 42 
33 133 
11 12 
126 44 
143 127 
118 51 
179 140 
40 53 
5 23 
168 45 
104 156 
181 167 
129 178 
120 82 
172 92 
17 122 
50 148 
67 12 
80 146 
166 128 
34 98 
55 45 
95 32 
139 29 
108 78 
122 95 
82 118 
130 147 
84 110 
99 24 
39 10 
34 119 
123 59 
154 57 
35 9 
171 136 
182 33 
95 151 
109 7 
24 92 
123 129 
65 78 
151 64 
144 111 
35 66 
130 182 
159 180 
68 97 
81 112 
147 52 
14 171 
25 173 
107 15 
111 2 
171 59 
161 143 
120 99 
99 129 
93 109 
103 75 
101 148 
14 170 
90 107 
43 34 
135 94 
132 142 
101 21 
84 98 
54 169 
75 89 
57 8 
10 110 
7 91 
136 45 
71 10 
126 31 
23 147 
32 83 
89 126 
15 150 
135 124 
126 78 
161 181 
126 143 
128 13 
99 8 
135 40 
103 86 
33 92 
61 32 
2 74 
153 72 
147 46 
15 62 
150 124 
125 135 
152 165 
99 37 
145 100 
22 97 
36 44 
56 5 
95 26 
15 170 
33 152 
37 29 
83 120 
14 11 
51 148 
91 13 
172 7 
165 20 
123 117 
84 155 
139 158 
79 151 
104 106 
169 100 
169 27 
166 113 
6 98 
148 4 
42 117 
68 127 
109 176 
29 109 
116 3 
45 90 
118 116 
93 142 
118 127 
93 154 
16 88 
30 137 
53 26 
96 97 
42 43 
163 180 
27 135 
46 69 
168 167 
120 2 
144 71 
49 117 
45 74 
166 157 
136 17 
44 96 
162 75 
16 152 
172 132 
131 110 
65 74 
88 151 
140 178 
89 63 
92 94 
86 94 
18 8 
181 23 
119 182 
124 165 
84 178 
42 175 
181 60 
135 35 
39 115 
85 172 
145 42 
85 101 
17 51 
55 138 
28 156 
87 48 
75 104 
54 65 
81 149 
32 72 
75 118 
132 167 
158 178 
84 169 
173 147 
75 99 
115 38 
93 122 
75 82 
152 53 
83 42 
17 27 
70 174 
83 121 
17 88 
12 162 
171 146 
143 64 
131 96 
107 10 
48 130 
49 75 
180 139 
153 83 
26 40 
60 88 
49 15 
112 150 
160 89 
57 151 
20 54 
108 137 
35 124 
53 38 
71 5 
154 79 
123 42 
142 31 
28 83 
160 57 
152 83 
78 9 
37 121 
90 173 
40 179 
43 77 
175 48 
93 165 
129 114 
68 40 
78 178 
32 98 
47 145 
89 135 
33 132 
95 119 
40 156 
37 177 
165 126 
64 116 
10 123 
66 172 
139 166 
48 24 
137 2 
163 135 
52 24 
66 27 
109 130 
45 60 
171 3 
182 45 
7 129 
16 75 
56 111 
167 37 
106 172 
145 129 
85 52 
71 177 
121 84 
112 142 
102 133 
119 178 
139 50 
119 121 
146 151 
165 49 
166 134 
45 89 
138 146 
75 79 
88 181 
17 133 
177 25 
135 63 
42 158 
137 121 
25 38 
133 136 
18 167 
70 87 
129 17 
122 104 
131 177 
105 166 
83 144 
45 141 
66 88 
176 8 
7 71 
151 110 
16 153 
111 142 
118 28 
22 77 
139 109 
171 161 
164 138 
139 123 
181 147 
69 108 
179 30 
144 145 
127 92 
26 11 
11 45 
164 143 
129 54 
17 11 
133 174 
85 6 
67 18 
43 171 
52 54 
6 180 
142 125 
104 25 
58 118 
78 20 
5 125 
125 77 
59 122 
168 85 
81 123 
114 146 
43 179 
14 165 
177 27 
20 159 
100 170 
122 80 
176 27 
24 41 
122 174 
30 136 
50 88 
145 167 
5 145 
132 80 
11 161 
74 82 
106 131 
49 88 
4 110 
150 127 
89 53 
146 120 
46 116 
15 53 
163 88 
162 76 
59 44 
106 159 
79 78 
167 126 
16 154 
174 103 
135 158 
7 96 
154 49 
148 107 
110 106 
161 122 
141 16 
103 173 
104 40 
29 21 
145 134 
82 54 
123 7 
104 72 
163 83 
108 150 
38 128 
17 110 
127 178 
62 19 
99 59 
70 40 
126 2 
149 32 
99 27 
126 48 
180 26 
168 27 
173 158 
145 157 
155 47 
154 126 
137 74 
181 63 
50 6 
127 151 
47 85 
59 152 
110 70 
113 157 
11 97 
39 106 
131 49 
107 124 
43 2 
95 66 
4 161 
43 134 
46 37 
15 84 
124 116 
5 97 
58 104 
82 99 
49 129 
101 94 
103 21 
145 16 
19 134 
144 31 
60 5 
94 151 
77 24 
106 8 
30 114 
101 178 
27 58 
157 106 
74 124 
14 46 
161 142 
54 128 
52 55 
47 89 
22 69 
25 69 
17 7 
106 182 
72 177 
69 133 
134 101 
75 126 
156 100 
108 12 
147 110 
77 133 
104 176 
180 127 
64 141 
72 74 
64 162 
127 103 
67 161 
51 56 
112 99 
139 98 
180 151 
62 94 
157 22 
76 41 
138 79 
17 92 
167 46 
103 80 
23 127 
69 173 
180 101 
43 121 
12 71 
174 63 
2 50 
50 54 
17 165 
18 14 
37 64 
72 17 
7 181 
173 81 
110 142 
174 113 
133 31 
58 38 
179 120 
117 25 
88 29 
13 141 
128 19 
42 100 
17 56 
35 40 
79 181 
53 12 
126 97 
35 10 
14 121 
125 146 
65 7 
7 163 
69 89 
139 119 
88 39 
41 167 
154 145 
175 165 
127 20 
121 155 
81 75 
182 42 
70 102 
13 46 
13 133 
91 19 
137 98 
14 153 
66 60 
94 51 
142 27 
178 48 
70 41 
50 152 
40 108 
114 21 
16 107 
28 11 
89 14 
149 10 
82 114 
90 23 
64 81 
29 118 
83 47 
118 177 
157 159 
84 97 
22 73 
28 93 
131 74 
149 151 
159 59 
13 121 
45 32 
165 153 
48 161 
98 178 
69 134 
20 130 
8 181 
43 46 
152 92 
105 17 
19 48 
53 43 
122 151 
47 58 
106 119 
129 165 
23 141 
143 16 
52 112 
32 14 
146 41 
108 141 
167 114 
158 4 
79 117 
20 67 
128 156 
175 141 
111 94 
53 80 
59 127 
32 120 
47 48 
97 116 
4 150 
157 10 
74 160 
64 38 
48 75 
56 117 
148 39 
39 59 
182 54 
158 6 
175 83 
93 30 
134 98 
32 122 
141 105 
134 49 
95 59 
43 180 
90 22 
115 37 
24 34 
131 61 
124 19 
120 18 
85 66 
140 21 
146 5 
76 9 
136 90 
83 105 
114 33 
146 31 
84 31 
72 122 
40 17 
3 138 
160 109 
125 172 
138 68 
162 141 
60 165 
24 159 
41 30 
32 180 
39 20 
178 55 
142 63 
162 84 
17 12 
18 39 
62 128 
144 90 
152 89 
173 29 
156 83 
117 3 
100 36 
63 3 
92 163 
106 152 
71 70 
99 114 
173 82 
112 105 
163 17 
109 66 
41 74 
79 34 
47 119 
164 80 
122 121 
73 149 
168 175 
7 141 
180 22 
125 140 
20 118 
66 23 
144 39 
152 31 
16 125 
70 8 
143 72 
86 139 
165 147 
159 104 
34 173 
98 181 
84 79 
85 22 
177 99 
70 29 
128 148 
124 66 
8 23 
157 136 
162 15 
123 79 
9 146 
80 92 
1 153 
37 173 
132 114 
3 85 
171 99 
25 170 
121 33 
34 110 
62 29 
116 107 
115 30 
169 15 
92 11 
114 166 
70 3 
165 121 
85 163 
128 99 
41 122 
18 43 
11 15 
125 141 
7 132 
39 122 
25 78 
129 8 
7 148 
41 63 
31 151 
50 81 
73 82 
93 20 
23 36 
133 98 
177 88 
134 170 
15 90 
127 25 
122 46 
9 132 
108 17 
6 176 
76 131 
179 44 
91 128 
159 177 
38 81 
43 169 
140 47 
141 30 
41 64 
125 31 
54 160 
30 177 
25 82 
172 34 
132 40 
157 97 
27 144 
58 99 
165 43 
114 25 
98 9 
179 90 
32 142 
126 169 
23 136 
77 85 
4 85 
53 9 
150 43 
91 50 
49 63 
89 24 
13 150 
20 125 
21 34 
69 60 
107 156 
70 160 
153 129 
156 12 
69 58 
139 66 
18 181 
147 108 
49 12 
28 79 
60 133 
153 82 
171 125 
94 5 
79 108 
6 82 
67 25 
14 139 
127 6 
1 101 
46 62 
25 61 
163 55 
33 168 
144 76 
144 127 
43 38 
108 63 
92 118 
98 123 
170 161 
25 143 
73 137 
96 164 
103 71 
58 179 
120 150 
19 5 
179 180 
3 11 
21 30 
47 180 
63 143 
80 169 
111 5 
172 89 
2 139 
145 161 
32 121 
12 54 
43 26 
39 76 
121 52 
16 86 
162 157 
58 166 
77 21 
70 171 
44 122 
39 35 
2 172 
154 132 
40 111 
39 152 
44 47 
51 113 
178 11 
91 71 
79 135 
58 156 
36 58 
9 57 
9 116 
129 106 
130 146 
63 55 
68 119 
154 77 
139 118 
31 50 
165 39 
180 45 
99 18 
139 69 
77 135 
164 128 
130 159 
148 59 
19 163 
86 98 
6 2 
50 123 
150 125 
45 17 
153 89 
14 25 
65 85 
46 171 
123 29 
145 35 
67 116 
73 122 
21 115 
42 47 
61 101 
30 47 
177 73 
41 165 
104 89 
18 162 
114 88 
112 6 
87 132 
45 93 
65 20 
118 124 
67 105 
114 147 
163 134 
50 67 
111 18 
122 168 
149 156 
27 38 
28 180 
90 50 
53 84 
56 158 
122 125 
71 155 
17 103 
47 40 
158 77 
148 53 
137 37 
155 29 
59 4 
39 65 
163 56 
80 74 
104 45 
178 51 
21 181 
11 152 
25 154 
19 168 
38 103 
133 94 
13 4 
15 27 
179 166 
42 1 
28 52 
122 21 
65 167 
41 156 
56 87 
15 54 
181 168 
118 48 
39 80 
25 166 
140 100 
83 84 
92 159 
90 34 
21 84 
79 169 
16 49 
70 101 
3 30 
27 34 
80 87 
5 49 
126 40 
105 54 
27 147 
94 125 
139 159 
120 63 
172 176 
63 123 
125 55 
154 140 
182 154 
102 51 
22 26 
101 121 
132 86 
109 17 
10 23 
132 168 
13 101 
113 65 
181 151 
130 105 
131 65 
117 101 
45 68 
69 147 
41 26 
65 87 
94 169 
167 57 
131 101 
168 153 
106 95 
164 115 
167 59 
145 124 
51 89 
100 162 
39 114 
122 180 
124 102 
48 176 
129 83 
108 121 
39 143 
141 83 
75 120 
137 146 
168 58 
112 87 
153 8 
18 78 
37 154 
8 60 
39 128 
171 41 
151 84 
21 94 
94 99 
6 9 
75 20 
3 130 
164 160 
25 98 
77 167 
78 179 
106 62 
96 53 
10 50 
36 9 
31 106 
177 24 
50 140 
3 8 
99 106 
165 55 
61 93 
132 64 
138 175 
180 148 
67 135 
50 85 
106 84 
6 179 
84 7 
135 146 
149 153 
156 162 
73 110 
100 57 
94 85 
78 138 
94 172 
100 177 
157 86 
99 118 
117 102 
170 176 
116 57 
176 112 
45 114 
92 52 
139 63 
105 101 
51 82 
64 160 
55 38 
24 168 
128 165 
59 178 
156 126 
145 33 
78 27 
123 58 
71 127 
40 101 
75 100 
118 155 
182 76 
11 36 
30 90 
150 76 
65 12 
30 81 
51 48 
5 47 
19 44 
36 169 
118 153 
141 39 
60 59 
64 97 
120 123 
149 29 
66 91 
159 69 
113 158 
111 28 
132 105 
48 173 
31 162 
36 57 
48 148 
38 32 
48 73 
143 154 
103 1 
138 165 
95 148 
79 81 
110 174 
62 79 
37 88 
68 112 
25 87 
174 66 
40 13 
139 90 
176 25 
102 32 
113 122 
68 108 
99 167 
161 131 
48 106 
129 105 
24 42 
63 72 
85 141 
132 156 
102 7 
5 151 
110 55 
100 104 
14 130 
138 119 
153 179 
85 90 
177 90 
59 80 
84 164 
108 51 
157 126 
22 16 
123 82 
102 53 
101 149 
123 101 
63 73 
3 157 
173 19 
138 2 
148 137 
160 62 
168 119 
48 20 
113 137 
31 122 
95 94 
111 22 
162 114 
99 108 
11 84 
174 40 
73 79 
38 85 
120 137 
25 23 
113 78 
69 128 
54 145 
92 88 
32 154 
49 125 
11 80 
12 5 
42 134 
95 92 
129 132 
159 118 
84 109 
106 108 
70 155 
82 29 
46 67 
85 14 
82 91 
123 100 
47 110 
136 15 
117 55 
169 118 
42 180 
122 27 
159 16 
58 172 
176 78 
55 31 
63 27 
136 162 
158 16 
119 66 
105 48 
149 116 
57 132 
154 162 
61 122 
9 179 
143 93 
125 27 
1 44 
33 164 
57 39 
140 162 
156 34 
52 111 
175 80 
30 108 
124 177 
94 57 
17 47 
167 89 
128 134 
158 48 
87 98 
85 133 
40 150 
37 169 
148 97 
109 60 
144 54 
179 141 
112 86 
9 127 
140 15 
18 69 
35 84 
5 101 
24 116 
16 3 
29 16 
100 54 
138 157 
54 36 
44 42 
22 100 
69 138 
95 39 
60 38 
47 37 
150 175 
83 146 
100 5 
105 71 
85 111 
18 112 
30 2 
12 167 
99 71 
126 45 
41 46 
29 126 
52 39 
168 82 
110 91 
94 106 
11 136 
66 108 
140 23 
132 143 
119 31 
119 151 
110 46 
51 104 
107 56 
117 120 
157 57 
11 159 
55 115 
164 169 
127 134 
3 141 
62 66 
61 86 
171 172 
96 57 
164 150 
102 5 
58 117 
172 135 
19 8 
53 146 
7 114 
159 37 
123 174 
100 135 
3 9 
103 135 
145 146 
12 120 
29 5 
24 93 
147 137 
176 33 
148 32 
78 70 
6 128 
123 143 
107 143 
129 78 
171 98 
127 18 
75 14 
142 92 
106 81 
36 42 
87 114 
48 78 
117 98 
63 84 
178 29 
171 81 
60 161 
47 102 
139 132 
130 115 
179 68 
116 169 
176 87 
46 30 
38 99 
88 119 
22 179 
137 34 
97 144 
60 86 
160 60 
76 6 
176 171 
85 30 
120 142 
44 55 
98 18 
94 76 
95 28 
135 141 
152 136 
155 26 
152 72 
103 118 
149 147 
69 81 
24 151 
173 125 
153 102 
149 12 
39 160 
174 119 
78 23 
175 160 
46 68 
23 113 
98 145 
30 113 
122 52 
181 72 
174 126 
58 159 
52 47 
29 131 
154 64 
127 108 
129 16 
155 15 
143 73 
10 160 
113 121 
35 42 
182 9 
141 4 
32 175 
125 6 
73 133 
173 96 
1 109 
151 4 
153 167 
123 121 
144 98 
161 116 
147 162 
105 142 
22 123 
129 168 
30 51 
21 51 
99 42 
118 120 
47 33 
134 75 
155 105 
10 84 
162 32 
21 53 
46 154 
92 108 
176 55 
83 137 
50 163 
110 175 
74 116 
65 76 
18 58 
17 104 
5 44 
182 127 
99 15 
165 107 
73 1 
42 91 
87 134 
26 182 
144 74 
157 69 
79 122 
146 50 
67 96 
102 79 
177 49 
48 103 
157 20 
130 157 
94 164 
77 146 
153 66 
166 51 
7 162 
175 154 
49 1 
113 118 
79 11 
108 140 
79 42 
128 180 
30 110 
180 54 
15 19 
48 40 
4 7 
27 1 
13 156 
74 20 
46 173 
170 177 
38 111 
138 52 
87 91 
76 133 
175 16 
145 125 
108 89 
180 27 
100 158 
121 20 
71 113 
135 152 
47 34 
17 124 
12 169 
16 68 
160 130 
76 123 
168 106 
57 110 
45 27 
18 161 
158 103 
79 33 
127 155 
102 146 
69 11 
37 93 
74 66 
94 54 
72 6 
23 65 
95 36 
124 142 
158 75 
79 149 
79 150 
34 62 
24 163 
70 86 
39 100 
93 102 
59 93 
6 8 
110 76 
135 6 
174 88 
121 147 
114 95 
95 79 
64 63 
35 37 
37 34 
88 137 
70 118 
67 164 
81 105 
34 7 
146 44 
22 121 
168 64 
102 137 
94 61 
174 2 
174 135 
111 120 
137 174 
92 23 
172 101 
129 111 
112 65 
151 63 
124 103 
54 53 
107 166 
28 54 
58 53 
32 42 
132 84 
135 69 
62 168 
149 25 
179 159 
54 26 
76 127 
131 41 
152 132 
156 99 
133 34 
143 157 
177 144 
31 115 
170 43 
156 70 
118 170 
93 99 
123 105 
78 168 
137 150 
30 154 
134 171 
126 73 
124 43 
20 158 
76 141 
119 5 
36 114 
150 109 
79 91 
171 169 
6 99 
50 44 
26 42 
19 58 
53 76 
11 19 
22 15 
137 57 
134 93 
67 48 
106 6 
37 170 
18 171 
133 181 
12 116 
100 53 
164 29 
179 113 
82 12 
177 22 
145 179 
107 168 
180 33 
131 119 
146 63 
96 17 
44 113 
29 17 
55 14 
164 66 
127 175 
120 127 
15 168 
151 71 
175 6 
169 109 
70 124 
89 68 
142 119 
18 45 
32 26 
47 152 
78 49 
144 68 
8 80 
174 162 
78 92 
124 93 
71 51 
41 177 
171 85 
163 152 
134 46 
122 37 
130 27 
69 171 
23 133 
53 149 
28 87 
99 31 
109 113 
132 165 
172 134 
116 145 
153 97 
50 89 
118 178 
3 175 
170 87 
104 129 
117 166 
83 63 
134 179 
89 144 
28 102 
135 176 
178 102 
33 115 
25 18 
59 20 
114 86 
54 75 
25 162 
155 12 
98 49 
141 167 
85 23 
63 33 
126 127 
150 95 
95 154 
43 49 
23 43 
95 124 
13 125 
175 125 
155 24 
159 171 
163 182 
134 58 
108 172 
109 54 
1 133 
18 13 
84 26 
130 125 
45 56 
179 114 
182 178 
71 139 
2 90 
169 97 
171 110 
16 118 
33 102 
128 11 
111 16 
143 110 
137 100 
154 24 
110 120 
63 39 
25 84 
77 57 
138 60 
165 104 
29 58 
126 17 
173 2 
69 101 
134 59 
6 65 
131 97 
134 150 
116 128 
88 58 
139 101 
115 157 
70 161 
10 93 
181 105 
2 19 
16 100 
11 94 
110 99 
167 51 
131 162 
76 147 
152 15 
77 175 
84 24 
144 179 
25 5 
42 105 
88 130 
19 99 
176 131 
34 67 
71 131 
86 25 
126 148 
149 165 
107 119 
97 17 
148 105 
130 22 
36 107 
85 140 
23 124 
56 173 
114 6 
125 50 
73 74 
126 122 
78 69 
113 40 
96 27 
72 125 
156 80 
159 52 
35 128 
46 20 
139 134 
63 140 
20 37 
24 11 
180 48 
156 27 
14 29 
15 79 
173 155 
77 139 
8 126 
98 83 
174 125 
102 72 
17 54 
89 67 
4 97 
109 94 
174 117 
131 127 
122 5 
155 36 
130 166 
143 89 
79 12 
83 50 
30 25 
97 10 
66 151 
52 180 
52 57 
51 141 
57 69 
36 109 
104 18 
5 34 
118 104 
8 76 
138 98 
9 73 
144 78 
89 36 
162 81 
132 131 
3 38 
139 83 
16 162 
177 8 
5 167 
5 148 
138 154 
69 103 
133 66 
39 54 
82 69 
121 156 
13 29 
175 122 
161 90 
143 158 
152 80 
69 23 
64 146 
58 22 
99 169 
147 34 
42 88 
157 112 
128 51 
56 104 
65 40 
37 102 
55 8 
112 25 
148 8 
15 146 
104 168 
150 57 
152 9 
13 181 
109 89 
30 67 
103 157 
112 163 
78 90 
127 81 
56 144 
53 101 
115 41 
162 101 
136 84 
57 125 
79 58 
149 161 
35 159 
27 9 
149 132 
112 158 
78 58 
13 139 
161 61 
152 46 
63 70 
2 162 
99 96 
83 106 
91 103 
45 145 
158 61 
80 181 
62 45 
47 87 
3 81 
77 31 
35 137 
173 118 
18 100 
178 138 
180 118 
69 62 
182 94 
75 24 
36 4 
3 64 
10 25 
98 54 
49 7 
157 94 
66 51 
141 38 
14 133 
56 171 
130 168 
45 170 
2 92 
159 153 
104 68 
177 76 
124 106 
82 180 
49 118 
96 148 
140 127 
146 85 
93 156 
55 57 
105 1 
12 31 
3 56 
146 79 
59 91 
166 168 
180 80 
164 90 
41 52 
116 38 
94 110 
38 156 
100 41 
66 156 
4 20 
51 161 
1 38 
66 33 
79 182 
164 106 
18 115 
143 7 
46 40 
83 35 
6 86 
116 135 
85 162 
19 46 
58 1 
151 43 
157 149 
28 104 
4 30 
12 135 
157 173 
171 72 
105 73 
137 104 
77 150 
19 178 
36 90 
33 147 
169 123 
25 125 
64 79 
52 124 
144 153 
29 84 
125 139 
152 24 
138 18 
47 176 
12 140 
1 53 
42 151 
126 4 
78 38 
100 17 
160 166 
125 82 
81 165 
147 35 
166 54 
15 83 
125 78 
52 35 
91 180 
74 29 
176 162 
84 27 
111 72 
15 31 
3 150 
63 115 
106 162 
124 24 
86 175 
113 47 
65 19 
105 144 
115 98 
173 166 
87 86 
6 87 
105 180 
2 48 
70 169 
123 74 
167 85 
108 93 
45 119 
21 95 
107 53 
177 47 
128 41 
175 18 
178 133 
143 180 
161 151 
128 154 
117 164 
91 139 
150 180 
4 76 
69 96 
38 95 
146 95 
23 144 
22 42 
39 99 
46 70 
60 107 
174 171 
163 173 
156 23 
31 54 
56 115 
69 126 
111 166 
80 117 
60 128 
118 43 
8 114 
22 171 
25 122 
38 143 
104 24 
27 105 
20 180 
101 89 
75 175 
48 85 
7 74 
162 118 
32 52 
179 164 
10 156 
43 88 
93 55 
36 161 
138 180 
91 67 
10 117 
145 49 
69 110 
48 36 
19 68 
101 159 
90 24 
130 6 
60 120 
126 39 
132 65 
16 55 
38 91 
56 159 
88 108 
19 177 
158 72 
132 122 
133 108 
6 132 
25 7 
169 178 
12 170 
16 97 
104 2 
98 161 
180 111 
82 181 
147 99 
112 19 
125 75 
67 150 
53 77 
111 27 
29 160 
9 134 
156 63 
130 63 
42 81 
155 115 
153 147 
65 175 
148 136 
129 93 
44 138 
166 57 
73 158 
163 81 
175 108 
167 105 
102 106 
113 84 
49 17 
29 177 
19 105 
158 14 
99 159 
28 128 
135 161 
169 34 
51 31 
151 145 
139 113 
23 6 
155 135 
74 4 
55 90 
20 80 
102 110 
107 44 
92 147 
31 40 
103 132 
132 146 
136 53 
175 51 
29 41 
170 99 
8 84 
146 66 
155 35 
175 64 
3 121 
10 145 
12 56 
73 41 
74 145 
64 21 
85 33 
30 116 
122 137 
33 48 
182 109 
128 179 
34 30 
144 110 
79 114 
108 25 
127 172 
167 31 
64 182 
33 117 
141 21 
50 8 
131 89 
75 139 
115 131 
168 11 
94 3 
51 2 
132 49 
51 37 
66 167 
91 29 
19 23 
28 58 
45 124 
46 113 
136 20 
66 126 
22 168 
94 83 
165 108 
10 92 
45 134 
61 182 
113 56 
27 159 
67 1 
11 42 
172 118 
17 25 
172 156 
111 13 
128 36 
81 55 
19 123 
168 75 
159 136 
21 14 
67 57 
49 139 
38 160 
52 63 
168 38 
143 159 
49 61 
176 124 
57 124 
59 109 
38 57 
175 156 
99 17 
143 52 
139 85 
174 62 
52 74 
137 4 
115 178 
138 96 
97 74 
32 50 
103 41 
87 160 
62 167 
111 71 
100 11 
129 40 
106 105 
75 140 
51 39 
117 167 
30 160 
60 126 
137 67 
30 142 
152 141 
120 167 
92 29 
10 85 
57 115 
15 135 
151 56 
65 42 
4 19 
153 68 
129 64 
145 117 
68 13 
106 103 
139 38 
152 14 
68 18 
39 83 
156 131 
8 165 
172 158 
115 15 
33 32 
39 176 
132 113 
132 13 
57 26 
173 107 
170 102 
169 5 
124 157 
113 20 
15 33 
61 34 
58 17 
21 80 
42 98 
90 26 
66 134 
50 49 
130 11 
54 131 
76 74 
98 121 
51 154 
22 12 
12 73 
110 93 
172 113 
142 84 
75 130 
134 30 
86 165 
141 62 
41 21 
31 156 
79 100 
145 136 
106 173 
170 86 
67 142 
142 8 
21 93 
181 146 
163 95 
14 50 
85 29 
4 180 
71 163 
1 127 
111 169 
169 180 
158 31 
7 41 
182 60 
3 74 
49 36 
169 10 
105 5 
15 46 
9 70 
137 1 
179 151 
32 144 
113 108 
153 136 
153 178 
151 97 
100 69 
121 18 
94 27 
114 133 
14 80 
96 55 
69 142 
11 71 
171 42 
99 72 
181 84 
139 89 
17 113 
118 85 
182 99 
164 12 
154 69 
105 53 
123 145 
110 168 
17 20 
166 144 
172 79 
22 106 
72 118 
162 145 
45 158 
178 95 
101 168 
139 73 
139 177 
61 19 
85 53 
126 134 
2 85 
64 59 
12 25 
132 97 
10 178 
50 113 
46 57 
91 97 
145 109 
100 47 
135 106 
95 143 
170 121 
37 11 
20 13 
46 52 
180 152 
63 24 
116 172 
145 172 
68 69 
61 42 
73 117 
4 145 
155 90 
35 73 
97 3 
8 72 
2 71 
68 118 
118 18 
146 75 
128 29 
114 153 
82 86 
140 107 
28 41 
105 3 
27 30 
127 112 
104 91 
8 135 
162 20 
169 35 
68 116 
89 114 
58 74 
142 1 
66 56 
131 35 
34 8 
165 120 
4 116 
57 156 
43 125 
44 175 
157 95 
114 130 
162 90 
113 170 
170 106 
64 130 
26 74 
13 135 
167 113 
165 157 
121 35 
82 130 
3 158 
113 93 
170 155 
20 97 
113 134 
118 33 
144 118 
21 113 
159 85 
55 67 
153 34 
4 112 
169 162 
138 120 
107 55 
117 4 
49 133 
161 88 
179 125 
95 162 
177 162 
36 143 
135 14 
74 61 
95 53 
44 103 
181 162 
30 10 
30 57 
158 170 
180 18 
180 38 
20 109 
106 141 
111 68 
59 176 
6 44 
170 65 
172 11 
118 128 
130 134 
62 117 
14 168 
107 61 
103 30 
112 56 
71 176 
145 160 
95 168 
72 117 
107 66 
26 72 
66 59 
170 98 
39 61 
22 86 
104 41 
67 31 
60 67 
80 133 
5 171 
24 91 
32 75 
51 136 
61 29 
174 178 
136 25 
180 58 
112 79 
176 114 
115 169 
35 34 
108 18 
157 178 
16 69 
18 33 
35 31 
10 2 
43 90 
42 119 
36 175 
1 29 
178 41 
148 90 
14 112 
98 60 
44 118 
113 127 
38 124 
177 38 
13 2 
175 34 
4 50 
42 178 
121 118 
131 22 
111 127 
10 113 
104 163 
16 53 
147 30 
42 156 
174 114 
75 63 
172 90 
102 160 
96 102 
4 115 
132 128 
169 177 
62 47 
47 99 
38 123 
140 87 
69 56 
113 74 
174 140 
97 48 
175 28 
109 175 
15 66 
102 175 
130 113 
13 58 
146 94 
152 32 
41 117 
29 135 
38 13 
36 97 
34 55 
152 126 
68 121 
98 174 
88 21 
154 31 
99 67 
142 154 
125 111 
23 86 
30 126 
136 13 
129 46 
90 110 
60 47 
88 90 
154 84 
108 22 
69 182 
28 90 
81 45 
160 22 
77 151 
25 123 
54 43 
25 182 
23 176 
29 156 
143 4 
42 141 
158 86 
37 174 
82 105 
59 139 
181 94 
97 134 
53 173 
80 63 
136 125 
79 14 
69 19 
128 46 
92 13 
43 27 
17 9 
14 83 
155 94 
173 128 
54 152 
123 65 
52 40 
1 33 
167 78 
68 86 
87 148 
152 174 
65 22 
95 127 
50 7 
126 11 
10 14 
16 99 
44 180 
45 34 
38 83 
134 95 
181 116 
177 34 
175 67 
122 178 
70 61 
108 53 
177 134 
67 37 
53 97 
1 34 
181 2 
45 57 
59 114 
122 159 
96 58 
173 92 
156 103 
19 97 
141 143 
137 38 
133 61 
132 96 
62 2 
104 73 
61 17 
45 76 
147 157 
142 40 
29 40 
180 112 
131 2 
45 41 
28 23 
61 53 
181 134 
45 13 
100 62 
114 96 
96 82 
170 116 
23 125 
52 12 
69 160 
50 97 
35 111 
28 167 
166 153 
91 93 
32 178 
62 90 
63 172 
155 73 
62 78 
105 13 
76 149 
167 166 
67 58 
161 37 
37 43 
107 68 
160 23 
108 98 
134 169 
160 128 
91 30 
177 142 
118 133 
161 105 
57 53 
1 37 
131 15 
136 83 
49 147 
150 20 
119 60 
91 10 
77 162 
171 57 
3 134 
98 130 
23 57 
97 80 
153 26 
99 76 
149 40 
43 107 
105 102 
115 100 
37 45 
109 23 
115 95 
117 151 
3 177 
52 97 
68 115 
137 52 
60 28 
55 132 
81 135 
45 73 
82 136 
65 5 
13 5 
65 38 
3 46 
87 144 
49 182 
168 154 
40 38 
151 135 
108 23 
71 76 
29 132 
97 35 
39 138 
29 66 
126 173 
3 173 
109 157 
4 95 
61 4 
150 101 
72 120 
136 118 
117 104 
146 116 
28 133 
154 65 
86 113 
158 131 
120 106 
76 79 
91 53 
125 119 
149 91 
41 48 
179 182 
80 135 
85 41 
134 160 
162 70 
177 12 
83 96 
135 61 
142 172 
114 83 
116 39 
26 114 
144 77 
166 22 
129 43 
153 169 
160 104 
14 88 
15 130 
23 103 
43 167 
62 38 
66 117 
162 44 
64 137 
103 128 
82 14 
178 35 
41 175 
149 164 
26 21 
177 7 
139 65 
175 78 
64 68 
1 93 
163 168 
163 57 
73 176 
120 109 
14 47 
119 161 
30 5 
162 57 
95 8 
67 61 
43 172 
140 98 
54 74 
51 8 
12 163 
150 84 
69 52 
138 137 
174 180 
100 180 
70 73 
177 95 
95 108 
148 62 
134 112 
134 120 
120 78 
51 47 
117 126 
35 109 
60 6 
81 166 
60 34 
168 120 
4 25 
130 100 
102 120 
3 153 
55 58 
78 95 
121 72 
61 99 
138 114 
73 144 
34 75 
153 46 
93 89 
104 146 
120 121 
91 26 
99 32 
50 155 
158 111 
46 180 
129 174 
90 135 
144 154 
40 177 
72 3 
104 31 
85 110 
179 66 
177 70 
166 129 
19 70 
21 144 
17 50 
53 112 
151 153 
3 139 
36 68 
7 59 
25 68 
181 10 
50 117 
152 101 
94 69 
101 28 
59 153 
70 37 
50 176 
90 104 
38 107 
173 77 
95 132 
146 129 
60 102 
161 73 
35 100 
120 169 
14 156 
34 49 
80 55 
38 163 
87 66 
82 21 
75 7 
121 82 
121 8 
135 11 
81 126 
3 180 
106 125 
140 164 
169 20 
133 27 
173 10 
18 82 
178 128 
76 121 
116 48 
51 129 
147 97 
47 135 
176 34 
92 3 
52 70 
26 47 
146 29 
52 177 
61 115 
151 118 
178 45 
85 62 
144 80 
27 166 
113 144 
157 19 
162 109 
88 27 
101 80 
47 127 
23 71 
22 132 
160 34 
67 75 
81 65 
91 2 
80 118 
15 123 
20 134 
68 54 
172 31 
22 98 
148 11 
20 119 
84 49 
102 174 
111 88 
147 116 
53 144 
129 19 
170 29 
40 141 
37 78 
115 14 
166 76 
146 156 
166 180 
106 118 
5 3 
17 141 
125 115 
166 78 
57 136 
179 72 
181 27 
146 110 
125 163 
40 34 
112 55 
167 49 
79 24 
180 97 
72 106 
10 122 
178 110 
92 76 
144 16 
140 138 
152 181 
174 33 
175 47 
163 149 
156 53 
108 120 
164 71 
60 167 
16 164 
37 181 
99 73 
80 19 
30 130 
167 10 
126 132 
74 112 
111 114 
152 57 
23 149 
151 49 
11 112 
98 56 
42 160 
77 4 
24 37 
30 122 
168 71 
157 160 
171 160 
51 36 
99 9 
1 81 
7 92 
163 175 
110 164 
43 28 
23 75 
40 28 
57 19 
26 147 
81 172 
175 81 
101 9 
5 96 
96 39 
23 13 
8 160 
27 28 
1 20 
66 34 
118 158 
5 62 
72 83 
159 86 
115 28 
67 88 
161 29 
169 51 
9 145 
165 42 
159 182 
150 45 
8 116 
76 130 
63 94 
140 84 
13 87 
108 9 
174 158 
11 41 
55 173 
122 13 
137 76 
123 3 
26 126 
169 128 
69 1 
128 71 
63 102 
81 119 
115 7 
172 151 
8 12 
33 62 
92 57 
114 56 
59 19 
84 133 
26 75 
21 175 
3 107 
35 165 
142 113 
105 160 
41 116 
107 138 
168 48 
44 108 
168 53 
154 18 
137 81 
27 5 
52 65 
165 155 
161 147 
116 158 
104 4 
18 128 
65 122 
87 174 
2 55 
21 33 
13 112 
61 124 
2 114 
104 59 
156 7 
74 168 
123 146 
75 138 
12 123 
134 56 
4 72 
173 172 
182 167 
160 73 
148 83 
149 7 
12 39 
80 142 
26 181 
110 56 
9 84 
80 2 
179 181 
61 81 
5 82 
63 78 
147 106 
56 67 
173 20 
145 112 
100 95 
88 112 
150 39 
62 32 
77 126 
17 70 
58 42 
144 94 
70 53 
179 100 
17 182 
171 34 
95 153 
7 103 
151 129 
73 83 
66 90 
128 27 
74 175 
130 133 
172 52 
65 43 
102 64 
111 170 
141 153 
176 53 
108 84 
68 145 
109 58 
161 35 
182 113 
53 142 
52 90 
29 124 
89 43 
72 154 
123 11 
141 41 
26 96 
20 107 
179 107 
19 172 
35 92 
167 144 
122 123 
32 82 
170 70 
87 2 
73 130 
81 169 
91 74 
137 9 
76 155 
71 81 
85 54 
4 88 
116 59 
27 116 
116 35 
49 143 
111 145 
107 74 
5 50 
69 141 
54 123 
82 152 
166 53 
14 23 
134 119 
145 3 
46 86 
86 119 
32 56 
111 65 
116 101 
37 134 
156 118 
81 80 
147 172 
69 77 
151 114 
95 181 
57 129 
180 73 
103 96 
26 161 
141 182 
15 124 
173 75 
43 163 
37 146 
83 27 
139 130 
116 69 
35 80 
75 88 
2 151 
167 109 
175 31 
99 53 
90 116 
84 71 
57 22 
42 66 
62 133 
23 51 
83 10 
178 139 
112 151 
23 74 
177 108 
105 39 
53 83 
153 180 
111 14 
86 133 
120 76 
67 14 
49 42 
161 103 
77 141 
44 8 
50 172 
49 106 
131 72 
80 67 
64 128 
142 24 
175 177 
9 48 
16 147 
167 173 
85 132 
24 26 
77 124 
34 50 
86 153 
40 94 
120 28 
182 48 
117 61 
22 126 
2 160 
27 12 
147 75 
51 9 
69 14 
89 140 
111 101 
73 61 
101 154 
38 100 
115 163 
108 124 
85 125 
59 110 
93 132 
114 105 
12 157 
26 37 
155 108 
106 10 
80 139 
165 78 
174 154 
58 45 
171 10 
156 123 
33 24 
147 93 
155 34 
116 23 
107 59 
157 16 
141 128 
157 39 
86 55 
26 130 
99 178 
157 40 
158 161 
171 124 
20 135 
97 43 
141 170 
67 166 
171 51 
46 136 
51 99 
167 64 
59 140 
116 70 
102 42 
102 90 
70 20 
15 139 
144 163 
139 142 
171 37 
142 29 
140 152 
14 30 
174 36 
73 182 
33 175 
33 131 
180 149 
5 70 
10 134 
3 90 
111 15 
119 149 
124 159 
145 150 
162 128 
96 89 
114 3 
68 51 
107 7 
175 143 
112 95 
98 75 
145 104 
119 158 
69 4 
123 153 
142 5 
77 92 
142 140 
147 55 
179 61 
104 151 
133 12 
110 133 
157 151 
79 31 
133 97 
21 24 
181 182 
105 29 
9 40 
79 124 
29 63 
105 177 
149 57 
48 45 
157 144 
139 25 
40 99 
87 92 
154 21 
133 88 
90 33 
35 104 
44 37 
38 108 
177 161 
71 17 
65 62 
152 84 
32 132 
8 86 
70 153 
61 57 
6 94 
95 20 
98 166 
127 56 
151 44 
90 158 
76 24 
6 20 
131 123 
111 112 
26 138 
151 125 
125 18 
67 44 
54 158 
178 149 
116 137 
150 90 
83 54 
181 48 
97 130 
179 38 
72 175 
112 42 
28 13 
70 31 
132 118 
79 16 
167 54 
106 82 
72 105 
160 58 
160 156 
120 147 
25 124 
98 72 
115 51 
70 32 
75 113 
30 83 
164 171 
107 144 
89 38 
63 92 
164 88 
164 50 
39 133 
148 69 
1 85 
176 41 
49 8 
118 81 
76 98 
153 130 
92 176 
62 116 
86 21 
50 134 
63 7 
102 129 
2 60 
43 168 
102 139 
52 109 
91 101 
167 119 
71 182 
128 176 
119 1 
144 67 
60 124 
158 25 
149 2 
148 93 
132 73 
101 58 
34 136 
152 26 
144 165 
141 20 
72 35 
36 132 
120 44 
138 103 
6 119 
149 137 
157 118 
170 126 
63 58 
106 79 
9 113 
52 22 
158 129 
163 160 
81 103 
68 87 
110 170 
144 139 
157 52 
67 136 
133 164 
111 19 
172 48 
163 179 
157 37 
67 69 
36 121 
15 163 
30 95 
47 141 
173 136 
108 1 
114 52 
149 130 
87 67 
50 174 
110 153 
137 79 
140 136 
159 87 
12 166 
173 4 
17 131 
19 81 
115 36 
28 67 
110 48 
160 47 
177 23 
62 138 
93 140 
15 25 
108 31 
11 44 
27 146 
146 142 
17 44 
154 129 
168 141 
142 182 
17 82 
45 15 
93 119 
17 76 
45 131 
88 113 
88 103 
169 61 
79 180 
75 179 
176 156 
43 75 
86 42 
97 29 
14 74 
27 40 
99 168 
132 28 
39 94 
102 38 
61 21 
64 172 
125 34 
62 181 
59 81 
177 113 
180 23 
87 60 
41 60 
11 151 
37 138 
142 129 
173 130 
148 74 
143 128 
63 178 
181 102 
65 182 
98 55 
59 26 
174 22 
66 26 
17 115 
124 149 
173 119 
34 159 
95 11 
64 69 
74 47 
113 143 
51 172 
99 78 
63 180 
80 77 
111 104 
33 119 
137 68 
137 129 
1 89 
73 162 
156 125 
120 35 
59 30 
93 111 
103 147 
123 104 
65 145 
174 92 
164 73 
26 61 
21 68 
165 65 
75 70 
173 176 
149 95 
92 106 
136 104 
146 99 
50 166 
131 69 
133 125 
174 145 
126 158 
160 172 
105 100 
20 21 
9 25 
81 58 
117 107 
20 146 
137 86 
90 141 
153 74 
143 102 
121 15 
31 121 
114 119 
25 24 
151 39 
92 138 
73 113 
17 8 
157 72 
37 98 
120 156 
35 89 
43 15 
163 99 
69 41 
4 98 
154 70 
19 72 
88 5 
156 33 
151 139 
114 70 
43 44 
39 9 
161 117 
95 1 
131 19 
96 79 
62 179 
128 146 
23 34 
82 76 
70 88 
148 164 
99 111 
90 175 
69 31 
117 135 
19 56 
168 41 
157 1 
98 13 
107 95 
24 74 
174 147 
57 81 
51 77 
14 45 
155 120 
100 82 
78 159 
174 6 
47 56 
29 48 
25 150 
50 127 
85 173 
13 115 
122 109 
11 60 
181 36 
95 50 
68 165 
169 1 
165 181 
30 133 
120 159 
140 112 
172 78 
28 29 
48 111 
12 50 
120 17 
94 31 
176 85 
30 98 
99 119 
18 153 
54 179 
58 141 
172 74 
149 18 
7 131 
85 45 
97 172 
161 76 
27 89 
15 108 
113 39 
158 59 
15 144 
31 157 
7 68 
91 44 
19 9 
130 135 
112 153 
4 8 
22 29 
2 64 
11 2 
26 35 
173 65 
13 66 
68 59 
21 104 
147 4 
163 70 
83 70 
60 122 
54 63 
5 59 
93 155 
180 2 
94 138 
171 152 
116 10 
29 130 
165 57 
159 66 
149 33 
88 134 
50 80 
60 15 
76 59 
173 62 
21 47 
103 139 
65 59 
50 153 
170 51 
22 84 
168 9 
2 109 
100 43 
155 59 
12 90 
137 165 
102 27 
155 68 
102 48 
177 176 
90 111 
39 107 
107 141 
4 14 
90 122 
65 57 
153 47 
159 175 
69 169 
133 166 
57 5 
72 28 
121 182 
144 91 
141 73 
62 14 
74 164 
182 40 
114 134 
94 18 
26 97 
61 168 
63 119 
169 172 
13 77 
53 20 
29 125 
129 80 
107 142 
62 37 
20 82 
165 115 
127 33 
18 150 
6 107 
19 174 
37 56 
55 154 
126 36 
178 164 
63 31 
23 119 
81 95 
136 42 
34 94 
110 150 
36 6 
80 46 
133 155 
63 110 
138 86 
57 28 
103 119 
76 152 
134 136 
90 82 
58 136 
157 158 
93 126 
138 173 
131 108 
117 11 
112 100 
81 8 
127 31 
152 68 
41 157 
42 18 
163 145 
163 122 
120 45 
9 45 
89 122 
105 56 
137 66 
110 83 
159 150 
88 80 
90 178 
50 71 
148 119 
14 95 
145 119 
99 175 
128 55 
140 123 
167 169 
78 39 
66 152 
115 96 
1 155 
7 108 
135 21 
105 14 
55 9 
160 32 
67 92 
121 143 
46 101 
154 121 
16 70 
78 22 
152 20 
96 146 
52 135 
17 106 
131 133 
100 133 
117 12 
162 61 
124 1 
106 46 
65 107 
87 131 
28 51 
50 66 
155 159 
137 117 
20 43 
102 111 
134 137 
124 28 
28 1 
77 25 
107 98 
119 29 
171 28 
161 104 
149 154 
159 93 
169 108 
81 102 
142 10 
146 124 
89 74 
8 39 
170 84 
162 30 
29 152 
117 39 
81 29 
174 175 
33 134 
19 110 
106 23 
153 36 
10 60 
176 130 
109 40 
121 174 
26 6 
154 83 
29 43 
79 143 
111 153 
60 79 
93 130 
86 15 
139 5 
158 177 
128 105 
11 170 
45 84 
120 107 
50 45 
143 85 
84 139 
122 42 
110 8 
181 128 
102 97 
59 14 
30 29 
11 155 
1 21 
106 114 
18 176 
80 167 
3 53 
43 113 
32 101 
26 23 
49 39 
9 170 
132 30 
89 26 
167 44 
177 150 
55 7 
81 36 
162 180 
77 149 
138 168 
179 27 
126 50 
124 6 
178 176 
77 18 
13 69 
151 137 
143 115 
16 50 
91 107 
159 114 
7 8 
123 110 
62 42 
62 27 
20 96 
163 36 
52 42 
180 134 
181 22 
26 17 
26 156 
68 17 
175 134 
72 88 
162 92 
142 90 
9 155 
153 17 
108 132 
42 131 
161 140 
115 114 
176 36 
138 56 
8 102 
174 74 
175 171 
48 60 
11 89 
169 83 
44 31 
104 77 
122 49 
82 126 
177 138 
150 5 
91 49 
23 35 
6 67 
155 143 
145 106 
165 160 
129 161 
34 121 
166 103 
124 169 
21 160 
123 102 
179 3 
22 35 
118 108 
54 32 
30 62 
77 171 
163 113 
176 126 
139 95 
21 99 
120 66 
27 47 
100 111 
94 64 
148 121 
14 162 
40 39 
182 62 
11 143 
69 92 
45 172 
4 123 
38 68 
5 156 
163 171 
117 128 
70 113 
157 54 
77 37 
39 158 
65 27 
14 36 
92 158 
35 173 
64 144 
104 174 
106 9 
34 140 
37 42 
138 53 
45 97 
119 67 
150 59 
107 100 
44 14 
135 45 
92 128 
99 14 
176 3 
2 52 
148 176 
57 18 
161 1 
99 174 
28 76 
68 133 
153 87 
152 17 
81 160 
136 33 
159 28 
31 80 
60 164 
102 118 
102 80 
42 147 
139 67 
181 25 
72 54 
166 127 
155 111 
125 144 
180 50 
74 44 
19 85 
159 97 
94 15 
121 160 
158 64 
157 45 
44 165 
80 58 
26 154 
82 103 
101 177 
137 22 
26 116 
161 38 
103 122 
8 83 
63 166 
128 161 
5 108 
19 154 
121 50 
127 52 
172 148 
67 5 
147 44 
117 83 
155 151 
157 108 
72 132 
106 71 
142 46 
139 96 
172 36 
20 64 
77 60 
143 83 
143 15 
166 7 
118 83 
1 15 
35 146 
156 142 
118 63 
13 78 
37 23 
129 90 
52 34 
24 157 
46 126 
65 32 
40 60 
172 112 
75 55 
175 105 
179 168 
95 10 
85 145 
129 110 
149 6 
162 46 
144 50 
145 118 
22 21 
23 80 
43 153 
164 156 
159 119 
54 62 
174 151 
54 87 
125 62 
86 37 
182 68 
127 97 
163 72 
146 19 
81 154 
181 136 
178 1 
102 165 
64 93 
9 42 
21 96 
76 64 
163 143 
154 164 
30 13 
119 76 
36 101 
56 84 
108 49 
173 140 
134 182 
159 128 
64 1 
124 54 
11 27 
36 41 
128 147 
106 53 
58 73 
52 128 
148 65 
134 147 
38 157 
41 108 
21 118 
170 154 
39 178 
40 8 
51 98 
4 127 
173 99 
130 34 
162 55 
31 105 
138 169 
65 171 
36 60 
152 119 
11 107 
103 70 
5 155 
69 168 
118 168 
46 140 
144 162 
86 121 
12 176 
34 82 
23 30 
88 40 
96 70 
169 46 
135 150 
41 180 
50 154 
20 179 
152 65 
36 61 
100 178 
116 156 
69 97 
36 178 
63 25 
164 87 
21 177 
51 12 
16 128 
59 115 
159 145 
2 125 
28 24 
68 3 
84 16 
173 180 
7 111 
92 144 
136 18 
47 117 
55 10 
137 140 
122 171 
25 80 
154 102 
149 90 
153 101 
38 11 
67 40 
21 63 
153 23 
122 144 
20 126 
84 149 
104 55 
103 179 
55 181 
87 154 
49 25 
109 121 
60 158 
112 28 
32 104 
16 168 
25 60 
65 8 
51 76 
54 80 
54 2 
142 44 
40 54 
57 170 
75 5 
49 101 
121 133 
129 182 
132 180 
28 42 
9 15 
164 173 
12 180 
79 55 
88 24 
134 17 
13 94 
141 92 
4 90 
39 149 
12 126 
132 74 
68 94 
