137 5078 
14 297 280 89 228 259 157 179 300 119 235 52 223 239 204 83 49 281 25 274 241 260 153 66 53 88 68 289 295 166 225 216 209 101 140 58 75 254 111 136 126 236 186 77 94 83 56 146 268 70 226 278 24 85 138 285 216 155 213 241 65 28 176 73 94 19 294 199 258 24 187 222 256 5 210 109 138 18 177 76 113 39 153 179 94 75 251 227 31 110 259 281 177 49 100 7 254 248 253 103 246 255 202 151 107 89 224 37 235 98 246 25 234 173 263 195 216 152 12 212 285 173 54 233 84 163 134 246 113 108 14 191 20 200 112 128 38 
77 117 
71 25 
63 36 
104 60 
43 22 
106 110 
41 58 
45 114 
33 90 
48 13 
45 127 
32 12 
111 76 
134 85 
74 31 
105 16 
9 30 
96 65 
72 119 
68 101 
2 49 
78 57 
16 67 
111 35 
65 54 
114 57 
13 121 
23 103 
102 100 
6 120 
6 85 
95 40 
119 84 
128 49 
14 58 
53 18 
7 34 
20 113 
78 75 
72 113 
60 82 
40 111 
10 45 
47 20 
6 116 
64 31 
11 81 
71 36 
61 44 
47 128 
68 83 
97 9 
81 114 
27 18 
77 35 
25 4 
81 25 
110 57 
23 64 
86 27 
81 92 
93 51 
73 36 
9 42 
48 38 
99 122 
113 120 
112 53 
10 6 
18 127 
118 76 
54 99 
26 118 
126 28 
7 102 
33 8 
41 7 
35 126 
102 50 
96 122 
118 54 
13 8 
19 108 
98 108 
67 62 
19 112 
128 46 
23 108 
1 109 
56 137 
135 11 
87 107 
73 81 
111 104 
134 76 
124 82 
99 49 
116 50 
1 126 
72 42 
16 108 
42 128 
120 34 
32 31 
81 55 
48 25 
86 82 
55 68 
55 34 
19 62 
72 65 
109 117 
99 43 
97 84 
97 57 
22 136 
118 116 
112 69 
72 73 
30 68 
24 102 
32 57 
38 26 
47 23 
19 110 
20 117 
74 83 
61 121 
11 94 
88 104 
2 85 
19 115 
17 55 
22 34 
73 99 
41 117 
1 26 
89 36 
119 40 
125 67 
104 51 
80 70 
133 80 
13 124 
62 110 
49 79 
116 49 
113 23 
62 85 
38 55 
74 48 
89 105 
126 79 
50 136 
50 34 
24 73 
10 77 
102 33 
134 95 
18 33 
90 72 
64 132 
118 29 
122 52 
100 30 
99 38 
99 76 
6 13 
75 117 
100 111 
54 116 
25 95 
92 15 
132 66 
37 30 
102 5 
128 133 
129 76 
70 111 
50 29 
53 11 
110 96 
47 83 
51 107 
73 59 
38 85 
14 135 
14 33 
74 112 
1 23 
20 110 
43 81 
13 50 
132 128 
8 110 
23 120 
23 129 
108 136 
44 58 
77 57 
134 4 
132 126 
38 23 
100 42 
70 124 
137 87 
39 48 
119 110 
86 112 
11 37 
65 26 
128 75 
120 80 
72 101 
22 62 
84 114 
25 126 
25 22 
58 11 
69 17 
77 41 
132 92 
119 20 
29 54 
76 12 
86 64 
17 87 
4 129 
16 20 
83 115 
107 38 
90 89 
134 82 
11 45 
31 93 
98 51 
97 16 
130 111 
110 121 
10 73 
78 74 
44 29 
93 44 
78 9 
123 2 
37 101 
53 21 
14 41 
10 109 
27 102 
50 60 
33 57 
36 26 
8 4 
130 28 
82 35 
40 54 
104 28 
117 73 
12 1 
60 34 
54 42 
40 28 
130 60 
1 15 
106 41 
111 123 
53 90 
42 125 
95 110 
31 85 
58 135 
32 137 
13 103 
39 82 
126 121 
101 15 
14 30 
35 2 
66 55 
8 29 
8 26 
64 95 
119 80 
91 136 
65 46 
115 92 
9 125 
46 130 
93 12 
37 110 
32 99 
70 28 
101 54 
44 121 
83 28 
34 88 
109 38 
72 70 
101 109 
9 58 
6 71 
97 132 
71 18 
27 81 
25 92 
41 8 
25 112 
73 66 
31 94 
113 19 
91 63 
42 6 
88 43 
4 56 
114 54 
73 100 
15 106 
102 137 
38 67 
65 111 
29 76 
6 102 
133 5 
124 128 
111 27 
13 58 
38 12 
55 80 
59 29 
22 76 
69 29 
13 60 
61 106 
122 32 
111 81 
16 92 
38 118 
18 131 
35 104 
107 46 
31 30 
49 123 
33 27 
31 12 
78 130 
66 63 
133 7 
27 91 
116 37 
130 135 
23 98 
30 28 
93 36 
4 2 
70 126 
127 61 
61 112 
79 78 
104 136 
3 83 
83 18 
85 48 
54 78 
17 44 
100 63 
48 83 
19 121 
120 33 
29 136 
66 9 
52 32 
48 97 
24 35 
13 127 
53 92 
110 124 
125 64 
35 74 
105 37 
81 84 
109 30 
114 137 
97 66 
1 123 
3 91 
38 21 
15 71 
20 9 
43 11 
40 32 
120 51 
21 57 
72 20 
71 9 
87 13 
70 58 
133 15 
30 103 
106 35 
30 126 
44 2 
26 126 
33 117 
130 8 
63 54 
80 68 
2 12 
118 128 
130 17 
131 100 
89 67 
61 39 
131 9 
127 117 
50 99 
126 15 
70 1 
3 50 
94 73 
10 107 
131 66 
39 33 
132 46 
118 77 
28 124 
4 67 
110 74 
42 44 
45 82 
9 92 
10 11 
108 44 
73 12 
111 125 
122 36 
130 123 
23 22 
78 73 
61 36 
114 26 
59 133 
91 81 
125 27 
37 134 
114 7 
31 20 
32 9 
61 59 
58 67 
51 41 
69 95 
51 28 
8 134 
44 103 
4 30 
100 33 
38 43 
26 111 
136 71 
121 3 
43 6 
124 25 
41 16 
31 54 
80 103 
83 58 
49 91 
109 52 
45 88 
127 16 
48 70 
73 86 
62 29 
48 77 
97 101 
72 117 
96 130 
107 73 
115 39 
49 1 
11 18 
54 59 
124 71 
47 48 
26 107 
112 78 
53 73 
102 22 
92 37 
99 21 
34 39 
124 23 
102 65 
98 1 
45 83 
93 41 
49 102 
69 77 
22 47 
75 39 
106 21 
74 106 
88 101 
126 53 
116 137 
10 103 
79 137 
8 54 
114 48 
50 31 
47 56 
60 63 
130 100 
72 64 
52 24 
20 48 
76 107 
57 64 
26 95 
41 26 
66 130 
60 134 
76 110 
19 60 
122 130 
108 12 
61 132 
96 100 
80 17 
62 124 
136 85 
69 114 
91 38 
95 5 
56 130 
72 91 
24 126 
63 28 
80 106 
7 79 
16 109 
22 2 
82 18 
82 110 
118 101 
16 78 
12 95 
61 88 
2 60 
77 102 
74 49 
28 66 
43 112 
74 79 
102 60 
42 80 
59 69 
112 13 
136 80 
128 4 
78 105 
52 95 
129 73 
131 72 
16 18 
104 29 
94 63 
25 86 
44 124 
118 40 
99 128 
39 18 
58 107 
93 42 
89 11 
87 110 
91 84 
68 89 
114 40 
125 97 
56 67 
137 55 
118 51 
55 27 
78 81 
9 23 
10 79 
60 56 
97 64 
70 115 
63 105 
76 60 
45 61 
125 2 
99 67 
97 87 
30 64 
109 115 
103 112 
130 68 
82 22 
129 79 
57 92 
50 65 
95 129 
102 93 
119 89 
107 88 
11 31 
85 28 
104 59 
119 91 
112 11 
65 101 
6 104 
95 42 
111 56 
131 73 
128 56 
49 136 
123 122 
91 36 
91 90 
53 116 
88 123 
17 83 
75 133 
113 65 
14 137 
78 98 
109 88 
60 87 
135 33 
52 137 
92 55 
34 13 
31 130 
63 86 
89 77 
4 14 
43 90 
133 79 
119 25 
133 136 
111 29 
105 22 
2 33 
61 87 
21 85 
74 122 
97 94 
97 73 
21 134 
84 75 
130 102 
88 8 
129 57 
130 21 
81 85 
129 114 
60 20 
104 4 
67 77 
67 81 
126 92 
51 3 
10 62 
125 107 
55 37 
68 107 
42 88 
14 66 
136 38 
74 64 
56 2 
103 64 
87 96 
86 124 
124 125 
79 19 
126 57 
16 26 
137 86 
106 90 
94 117 
125 96 
106 18 
59 63 
57 83 
48 93 
10 126 
38 80 
129 47 
71 105 
114 122 
33 26 
42 71 
6 50 
87 48 
83 11 
61 100 
17 120 
33 122 
61 34 
60 118 
5 110 
78 40 
88 83 
45 100 
105 18 
87 126 
41 82 
20 131 
26 110 
61 69 
42 114 
71 101 
42 124 
81 30 
102 70 
137 45 
16 3 
70 69 
80 132 
107 118 
57 20 
26 104 
107 124 
90 16 
65 126 
87 59 
24 66 
47 131 
122 127 
60 3 
113 97 
9 68 
10 29 
116 57 
89 73 
60 99 
85 83 
73 125 
105 58 
80 135 
65 62 
53 75 
57 137 
70 103 
25 88 
137 37 
26 83 
91 10 
26 20 
80 39 
67 20 
46 16 
5 92 
121 39 
81 24 
96 37 
127 44 
43 105 
44 25 
107 66 
28 118 
96 72 
52 117 
3 6 
4 13 
22 134 
99 88 
100 95 
80 111 
74 24 
87 28 
16 70 
115 42 
5 40 
73 128 
81 109 
19 61 
52 56 
105 28 
14 82 
64 3 
62 103 
119 83 
109 45 
20 87 
3 42 
136 92 
104 89 
44 123 
55 62 
80 9 
113 3 
65 73 
81 82 
134 32 
6 90 
15 110 
68 98 
14 130 
91 85 
35 34 
61 43 
19 63 
83 63 
115 47 
127 132 
113 106 
60 92 
39 37 
112 1 
135 115 
57 122 
96 69 
89 126 
107 103 
63 4 
94 133 
38 124 
134 116 
56 86 
36 113 
129 94 
23 53 
119 130 
20 128 
42 26 
128 122 
99 28 
34 129 
56 72 
47 94 
132 89 
4 110 
26 54 
4 112 
131 123 
75 103 
117 137 
16 123 
98 34 
63 102 
84 69 
49 73 
71 73 
2 8 
41 83 
13 78 
123 119 
62 66 
29 133 
74 92 
27 100 
6 79 
24 7 
129 126 
131 52 
24 9 
110 116 
45 48 
35 15 
114 107 
121 109 
85 70 
64 105 
127 121 
64 40 
7 96 
90 75 
43 9 
91 22 
89 85 
84 42 
49 54 
129 31 
12 17 
14 62 
92 8 
101 115 
47 33 
85 50 
117 112 
72 130 
85 125 
4 45 
43 130 
95 70 
98 84 
74 42 
47 65 
70 14 
27 78 
126 9 
105 11 
61 81 
70 88 
108 74 
121 134 
95 107 
51 74 
98 134 
3 100 
93 14 
125 121 
16 81 
9 74 
62 94 
78 29 
35 112 
100 41 
89 5 
39 116 
35 64 
23 75 
7 121 
10 1 
72 74 
20 83 
16 122 
97 130 
102 135 
86 49 
18 2 
77 82 
48 89 
29 73 
115 10 
103 15 
85 19 
15 48 
63 103 
108 120 
107 91 
30 106 
125 33 
33 20 
82 36 
93 115 
6 131 
25 15 
83 29 
112 84 
76 86 
2 96 
87 78 
8 57 
5 49 
118 88 
82 64 
14 127 
88 51 
128 22 
121 24 
23 5 
53 37 
55 101 
118 112 
40 12 
56 101 
1 121 
74 54 
39 69 
100 54 
68 59 
36 94 
127 74 
3 34 
13 49 
6 29 
109 44 
116 87 
6 103 
64 90 
116 111 
6 26 
18 19 
106 64 
48 130 
54 111 
38 89 
100 89 
113 42 
42 1 
11 106 
58 10 
50 51 
29 94 
75 33 
29 26 
120 7 
20 37 
85 5 
84 92 
26 19 
7 75 
133 39 
50 133 
56 131 
45 55 
90 126 
68 38 
31 49 
133 40 
16 24 
30 115 
129 19 
64 44 
75 119 
50 106 
67 42 
101 119 
51 97 
14 40 
58 90 
126 120 
46 103 
30 91 
41 113 
133 127 
105 117 
2 45 
125 116 
32 88 
59 15 
127 105 
7 88 
115 81 
108 26 
23 15 
113 77 
22 57 
70 35 
9 1 
6 14 
26 113 
22 123 
40 27 
79 43 
44 59 
120 115 
13 80 
78 42 
128 43 
2 19 
125 133 
25 9 
125 110 
84 47 
22 3 
40 6 
90 34 
94 78 
93 136 
81 80 
54 66 
127 17 
87 128 
120 22 
64 92 
29 3 
131 88 
57 132 
53 122 
69 15 
97 134 
18 115 
37 56 
6 63 
84 96 
94 84 
12 116 
47 75 
111 6 
14 9 
118 129 
80 77 
62 90 
10 40 
117 66 
45 8 
28 69 
77 1 
130 116 
37 60 
10 75 
71 14 
134 55 
46 47 
38 96 
49 6 
81 66 
121 108 
116 105 
43 10 
55 90 
49 110 
121 124 
21 44 
94 130 
128 70 
69 14 
82 8 
97 114 
130 77 
11 29 
29 108 
136 75 
43 30 
124 1 
123 45 
46 38 
127 8 
1 54 
137 17 
13 9 
113 126 
92 1 
71 56 
2 121 
96 121 
120 8 
30 56 
69 105 
22 115 
93 40 
66 129 
47 111 
55 22 
131 11 
84 108 
122 133 
121 54 
17 126 
72 121 
103 25 
131 55 
69 60 
128 131 
53 111 
86 128 
128 9 
8 93 
36 80 
28 111 
66 113 
117 123 
79 11 
55 112 
20 62 
51 109 
75 104 
106 129 
90 24 
44 100 
43 135 
114 124 
16 74 
80 84 
99 15 
62 112 
45 3 
90 10 
106 89 
7 74 
9 67 
112 17 
24 133 
86 26 
26 53 
93 130 
15 125 
82 126 
69 6 
68 119 
93 94 
3 71 
43 2 
107 15 
63 35 
99 82 
28 60 
76 27 
61 113 
120 111 
36 21 
91 17 
112 121 
97 88 
40 56 
91 124 
112 92 
120 137 
55 3 
136 131 
97 79 
79 45 
90 3 
22 42 
131 21 
52 101 
73 115 
132 120 
14 51 
32 98 
134 124 
135 1 
38 116 
10 88 
63 45 
95 68 
107 12 
67 41 
126 130 
62 99 
121 71 
102 84 
132 96 
60 84 
54 77 
59 132 
44 99 
97 19 
33 28 
4 18 
58 33 
122 50 
66 4 
103 78 
86 1 
89 29 
110 132 
57 9 
84 27 
39 106 
21 13 
8 107 
120 41 
48 104 
127 59 
66 92 
123 78 
108 113 
127 93 
7 105 
133 10 
100 40 
58 50 
17 2 
50 73 
88 94 
27 53 
75 13 
62 122 
67 133 
82 85 
101 123 
55 84 
105 15 
39 19 
135 41 
9 135 
15 61 
68 72 
13 118 
79 31 
115 79 
20 73 
68 88 
120 4 
121 23 
83 122 
129 78 
36 79 
61 98 
116 78 
93 95 
27 61 
83 9 
43 40 
97 53 
59 125 
5 112 
99 16 
77 2 
70 22 
98 19 
54 124 
128 18 
128 6 
26 9 
32 76 
111 103 
78 125 
88 33 
79 53 
39 24 
96 27 
93 134 
32 7 
81 136 
3 115 
74 10 
63 98 
71 112 
36 43 
54 46 
106 92 
15 19 
134 108 
73 124 
36 58 
112 122 
28 121 
126 107 
111 3 
79 37 
127 6 
11 25 
113 53 
36 31 
137 42 
53 67 
70 18 
89 57 
109 5 
137 90 
135 59 
103 32 
107 109 
114 44 
9 105 
35 96 
39 50 
107 14 
33 96 
72 60 
69 43 
29 115 
70 118 
41 3 
90 29 
117 36 
91 62 
94 68 
72 71 
83 107 
23 97 
21 128 
110 53 
65 55 
101 113 
131 135 
134 101 
95 45 
131 59 
89 35 
128 19 
62 115 
15 85 
72 7 
112 83 
45 112 
99 41 
42 82 
25 94 
108 33 
1 111 
70 82 
51 117 
129 71 
1 51 
36 14 
14 102 
52 120 
132 71 
55 30 
23 94 
106 107 
32 6 
97 14 
106 32 
11 54 
132 112 
24 1 
114 55 
74 60 
78 11 
5 22 
7 73 
5 121 
3 128 
33 42 
39 104 
108 91 
33 31 
91 32 
54 5 
28 107 
85 52 
52 44 
1 116 
24 30 
12 16 
118 50 
15 127 
98 9 
60 61 
71 4 
107 36 
85 92 
125 44 
110 81 
56 66 
23 24 
128 82 
6 125 
86 55 
28 52 
30 90 
108 115 
13 14 
72 10 
135 114 
128 13 
28 34 
23 41 
17 72 
128 17 
75 114 
48 9 
100 97 
28 22 
31 101 
7 67 
119 129 
33 45 
45 58 
134 72 
126 61 
27 58 
67 100 
135 129 
16 55 
63 39 
115 33 
91 16 
67 104 
101 34 
16 98 
12 24 
114 126 
8 56 
101 84 
7 103 
135 63 
15 10 
4 22 
13 73 
79 15 
3 107 
40 129 
2 23 
119 112 
67 122 
17 39 
97 62 
108 65 
101 135 
61 25 
82 28 
98 47 
42 134 
41 80 
63 84 
60 29 
104 2 
41 69 
108 64 
70 131 
13 23 
34 64 
125 26 
16 124 
67 51 
107 50 
73 52 
124 64 
126 51 
83 133 
27 17 
35 115 
54 70 
118 21 
82 108 
62 56 
74 70 
59 99 
14 84 
55 25 
56 1 
124 50 
77 95 
55 109 
80 112 
56 41 
19 44 
44 30 
77 120 
64 29 
70 13 
46 67 
55 26 
76 116 
89 37 
110 71 
57 73 
41 36 
46 94 
7 107 
65 118 
134 135 
4 131 
135 31 
24 48 
75 18 
87 130 
21 41 
18 63 
96 127 
2 9 
67 71 
3 87 
114 9 
87 115 
134 5 
90 9 
108 137 
118 124 
53 82 
40 69 
121 48 
23 88 
6 114 
42 121 
43 74 
112 15 
57 96 
37 106 
2 13 
73 5 
108 56 
34 67 
4 122 
134 17 
21 4 
63 124 
80 64 
135 103 
132 67 
37 68 
65 103 
7 48 
68 91 
66 47 
57 69 
10 64 
117 15 
63 110 
50 36 
133 106 
131 71 
60 4 
43 85 
22 95 
54 76 
117 40 
10 84 
19 4 
89 23 
90 121 
124 32 
74 114 
80 65 
62 1 
134 79 
63 134 
66 80 
123 13 
40 103 
37 99 
106 3 
33 99 
26 70 
133 99 
43 34 
28 127 
42 19 
1 84 
55 94 
84 107 
131 38 
101 81 
127 21 
71 44 
12 110 
136 16 
32 75 
81 100 
43 119 
56 33 
1 5 
73 47 
18 88 
131 17 
103 97 
123 124 
28 7 
40 121 
21 2 
64 54 
131 99 
59 2 
38 121 
9 5 
95 47 
51 116 
106 79 
11 36 
28 135 
61 116 
91 53 
17 35 
20 112 
89 115 
47 27 
3 48 
97 63 
23 12 
117 17 
49 137 
12 54 
122 125 
113 124 
121 45 
34 14 
25 132 
75 95 
67 83 
3 53 
81 47 
1 88 
79 84 
95 1 
124 55 
91 116 
3 75 
34 132 
58 84 
41 17 
30 60 
34 118 
90 113 
37 102 
47 119 
33 73 
86 3 
12 70 
52 64 
83 125 
90 77 
10 55 
39 127 
17 79 
8 90 
5 135 
31 46 
121 131 
69 2 
60 66 
6 55 
128 106 
10 14 
108 13 
126 56 
114 77 
2 91 
41 43 
105 67 
121 111 
3 109 
66 90 
129 68 
94 105 
4 39 
71 119 
43 78 
17 68 
26 91 
36 53 
112 136 
89 19 
43 67 
109 32 
32 24 
132 73 
9 94 
117 129 
78 85 
65 45 
88 102 
24 127 
77 22 
100 71 
57 104 
106 87 
81 125 
135 26 
121 107 
86 54 
57 52 
40 87 
55 53 
111 4 
76 130 
84 18 
103 130 
70 77 
92 91 
5 78 
62 58 
106 97 
79 112 
113 4 
77 97 
18 125 
35 44 
29 120 
32 21 
34 27 
77 30 
111 122 
132 75 
42 32 
134 31 
111 107 
97 98 
52 135 
24 65 
41 64 
91 137 
52 130 
116 106 
15 54 
40 60 
17 58 
129 9 
104 3 
58 53 
99 46 
44 15 
44 133 
39 77 
87 118 
23 66 
103 17 
96 114 
109 41 
110 23 
22 93 
79 69 
34 10 
61 49 
129 85 
58 80 
51 46 
24 26 
87 46 
65 42 
12 36 
117 50 
68 137 
114 119 
65 67 
90 50 
103 113 
34 128 
66 45 
77 136 
48 106 
129 115 
120 39 
16 125 
121 4 
48 67 
123 109 
71 24 
51 123 
102 38 
134 122 
58 93 
54 20 
24 59 
68 44 
73 84 
113 134 
47 97 
97 17 
60 77 
121 62 
59 74 
82 87 
35 47 
93 99 
22 32 
17 85 
54 136 
74 111 
71 85 
97 105 
69 51 
131 90 
3 73 
114 38 
105 84 
2 65 
36 25 
16 131 
92 36 
125 70 
17 124 
111 22 
40 62 
10 61 
23 70 
71 28 
33 130 
92 96 
25 106 
95 18 
16 121 
115 126 
134 20 
20 34 
84 57 
37 43 
10 128 
40 22 
67 5 
129 130 
137 75 
33 71 
109 9 
45 96 
120 112 
116 75 
15 29 
16 63 
131 41 
122 76 
10 12 
75 52 
69 137 
73 17 
129 91 
2 120 
71 7 
10 59 
90 47 
67 10 
112 65 
131 102 
64 38 
84 86 
13 133 
60 6 
64 136 
43 8 
116 15 
14 78 
51 7 
33 52 
54 108 
42 53 
32 47 
22 19 
136 123 
101 44 
70 38 
101 76 
16 27 
18 136 
113 119 
6 24 
5 81 
63 56 
39 62 
92 87 
131 15 
22 64 
54 73 
100 2 
51 55 
47 79 
5 37 
111 88 
128 35 
43 109 
114 52 
71 103 
109 120 
36 97 
39 101 
31 92 
86 41 
117 45 
69 55 
135 123 
44 118 
131 54 
2 11 
82 113 
95 3 
135 67 
27 3 
108 70 
53 131 
28 84 
80 75 
105 81 
21 8 
6 17 
135 69 
49 131 
107 9 
4 123 
136 14 
36 112 
99 55 
21 122 
19 24 
88 2 
68 64 
133 27 
28 92 
80 11 
21 11 
68 133 
27 97 
68 35 
1 68 
58 68 
123 40 
5 13 
37 16 
109 74 
90 118 
133 117 
78 97 
84 136 
120 119 
37 48 
61 130 
123 57 
22 37 
113 109 
131 85 
128 7 
137 135 
110 39 
71 96 
7 124 
107 2 
123 36 
137 43 
19 27 
2 134 
106 94 
72 122 
118 42 
117 67 
118 131 
135 76 
28 53 
112 113 
24 3 
60 25 
31 121 
82 96 
43 89 
37 117 
68 111 
35 65 
18 87 
102 18 
49 104 
6 113 
137 80 
17 15 
2 1 
13 96 
50 26 
87 58 
101 62 
37 122 
107 110 
60 18 
124 67 
49 52 
127 60 
15 72 
7 81 
11 121 
127 90 
28 12 
88 128 
43 16 
29 106 
102 112 
77 115 
4 69 
86 96 
38 39 
100 18 
82 117 
8 96 
64 36 
39 79 
121 82 
92 44 
128 129 
4 49 
11 92 
22 100 
66 26 
37 73 
90 81 
84 95 
124 89 
21 98 
109 90 
18 40 
62 134 
115 110 
60 44 
2 82 
69 115 
57 24 
42 75 
85 115 
81 38 
74 137 
58 100 
135 72 
46 77 
1 99 
96 59 
43 97 
67 92 
105 110 
117 39 
116 2 
134 136 
66 128 
38 19 
63 120 
137 126 
7 93 
77 126 
28 112 
11 40 
32 38 
58 120 
83 24 
116 113 
4 90 
103 22 
53 35 
129 81 
61 119 
33 29 
49 3 
47 19 
83 96 
80 1 
137 60 
106 16 
64 63 
93 43 
40 50 
103 2 
136 55 
46 78 
76 46 
98 53 
99 100 
90 22 
121 103 
9 15 
123 80 
81 132 
43 64 
96 137 
20 30 
57 124 
70 20 
57 133 
21 49 
86 81 
62 7 
12 89 
4 5 
91 126 
108 32 
66 58 
32 135 
120 54 
10 120 
27 130 
11 8 
134 92 
117 48 
68 108 
78 70 
105 59 
111 86 
45 111 
82 78 
59 90 
76 127 
5 36 
4 62 
1 83 
51 63 
116 30 
3 81 
4 136 
106 125 
49 111 
68 118 
72 47 
88 98 
82 5 
105 70 
49 120 
8 73 
45 28 
2 50 
33 65 
10 28 
4 41 
73 111 
98 117 
4 35 
91 20 
34 81 
94 99 
38 78 
19 83 
133 32 
123 42 
64 60 
40 101 
82 4 
86 74 
54 28 
113 127 
111 44 
64 46 
60 35 
22 121 
106 55 
79 100 
124 99 
52 118 
27 21 
80 43 
14 55 
9 53 
12 133 
97 110 
125 24 
10 83 
108 60 
59 108 
85 79 
16 29 
93 112 
117 121 
118 91 
59 47 
6 54 
129 10 
61 48 
117 29 
54 72 
91 73 
63 125 
90 74 
35 81 
136 63 
33 111 
91 55 
5 19 
79 80 
72 46 
121 63 
16 79 
86 125 
65 63 
98 131 
97 121 
117 91 
9 59 
72 28 
97 39 
20 78 
88 26 
46 14 
96 63 
103 99 
108 85 
72 94 
28 4 
88 122 
71 53 
62 75 
60 41 
18 99 
52 121 
19 56 
23 28 
127 130 
84 7 
101 28 
134 103 
38 98 
4 52 
110 6 
39 137 
125 88 
83 126 
125 100 
114 130 
135 84 
55 75 
50 32 
54 24 
129 54 
130 74 
117 22 
25 133 
55 113 
16 51 
84 76 
17 26 
50 70 
39 73 
128 5 
54 16 
118 114 
78 61 
33 133 
32 121 
6 68 
1 53 
118 78 
1 105 
127 9 
89 30 
70 110 
65 105 
93 66 
123 27 
3 70 
8 51 
41 49 
82 88 
71 30 
79 88 
39 78 
43 15 
71 79 
65 78 
30 34 
133 81 
106 68 
99 53 
129 72 
75 43 
41 61 
10 124 
60 46 
33 15 
39 114 
17 75 
58 102 
94 16 
87 90 
103 106 
50 14 
78 137 
94 77 
74 120 
1 137 
13 37 
44 116 
21 20 
91 43 
6 136 
121 21 
104 108 
34 135 
50 67 
124 135 
60 115 
124 6 
29 110 
52 20 
34 57 
118 98 
83 130 
67 24 
123 128 
21 132 
56 93 
30 99 
77 93 
32 68 
50 61 
131 45 
12 3 
60 110 
120 65 
70 8 
99 92 
64 15 
70 89 
61 122 
88 117 
128 121 
121 76 
31 69 
48 111 
21 10 
87 56 
119 30 
42 129 
98 122 
51 81 
13 105 
8 1 
117 14 
75 102 
69 82 
66 17 
32 36 
128 33 
116 23 
28 24 
49 24 
113 100 
88 133 
98 20 
43 52 
95 6 
21 6 
103 109 
2 47 
99 58 
53 43 
53 89 
94 132 
7 80 
14 77 
115 78 
25 93 
136 8 
114 133 
53 83 
69 75 
96 23 
42 61 
115 118 
64 88 
12 114 
117 47 
17 62 
100 64 
60 91 
39 36 
130 79 
8 112 
75 79 
38 90 
69 22 
104 64 
80 82 
53 49 
29 24 
116 21 
38 127 
19 35 
92 127 
75 6 
69 92 
34 11 
116 60 
137 76 
86 102 
47 55 
116 132 
105 111 
67 54 
29 34 
70 40 
21 115 
56 21 
102 9 
61 40 
102 89 
36 118 
89 118 
61 1 
14 122 
64 20 
84 126 
119 116 
109 95 
121 87 
130 63 
86 98 
15 13 
34 12 
102 87 
84 68 
4 58 
82 125 
61 31 
20 12 
39 125 
113 115 
53 127 
44 98 
133 48 
74 75 
68 21 
105 30 
74 131 
76 128 
37 95 
109 111 
68 12 
115 5 
117 7 
114 8 
85 130 
83 7 
7 19 
98 104 
61 111 
82 17 
11 107 
99 83 
63 132 
84 111 
48 31 
54 98 
73 70 
39 7 
99 36 
21 1 
117 46 
33 93 
75 22 
99 86 
132 28 
69 21 
4 130 
1 82 
26 81 
39 96 
23 90 
79 107 
80 109 
16 23 
4 118 
120 14 
105 91 
97 68 
78 99 
122 81 
9 29 
71 38 
65 86 
104 36 
67 102 
29 109 
57 29 
56 61 
79 63 
68 131 
133 18 
9 104 
135 119 
102 123 
105 8 
36 20 
120 103 
130 62 
129 18 
112 31 
115 123 
116 33 
110 111 
23 57 
6 2 
71 61 
112 2 
79 2 
125 75 
58 40 
126 33 
21 60 
119 32 
105 55 
101 133 
60 58 
70 42 
49 72 
108 97 
102 53 
110 127 
91 58 
34 70 
63 26 
108 79 
18 10 
48 108 
43 73 
102 114 
92 122 
21 33 
100 112 
35 66 
32 51 
26 58 
105 73 
65 64 
83 62 
51 21 
43 124 
95 131 
137 101 
47 58 
46 131 
44 34 
132 10 
1 66 
124 102 
12 64 
24 64 
123 84 
11 52 
92 52 
79 122 
68 53 
15 123 
100 133 
25 104 
55 28 
120 11 
61 124 
6 77 
65 69 
29 22 
131 133 
132 84 
18 56 
85 40 
46 71 
68 110 
96 120 
51 39 
20 115 
30 19 
119 87 
37 93 
31 70 
62 36 
35 55 
107 108 
51 33 
83 8 
62 35 
44 65 
132 83 
89 72 
95 24 
79 114 
137 70 
137 124 
51 76 
12 79 
27 49 
20 108 
119 11 
51 114 
95 41 
67 52 
87 101 
11 128 
64 47 
57 14 
35 67 
64 48 
117 79 
125 91 
135 91 
59 57 
4 78 
11 62 
87 12 
98 135 
28 35 
70 107 
12 121 
22 73 
75 135 
52 2 
87 103 
39 129 
103 9 
89 63 
129 101 
135 30 
112 34 
3 77 
118 64 
81 15 
119 81 
114 1 
103 27 
90 32 
27 50 
72 75 
4 29 
12 26 
123 132 
19 74 
73 35 
117 11 
21 112 
97 31 
124 41 
99 70 
20 4 
40 38 
25 70 
30 124 
131 37 
44 96 
20 43 
61 123 
1 17 
136 74 
50 113 
36 128 
84 41 
48 103 
35 113 
85 39 
65 43 
57 19 
46 11 
33 110 
79 9 
68 116 
17 118 
70 63 
96 60 
53 17 
112 41 
136 121 
48 137 
59 52 
6 45 
103 37 
117 64 
63 67 
132 108 
135 4 
41 63 
49 55 
80 16 
108 96 
35 87 
62 137 
81 121 
98 3 
6 109 
69 116 
74 85 
129 24 
24 113 
69 52 
120 3 
37 87 
103 60 
30 131 
6 36 
101 38 
131 117 
96 64 
101 74 
19 84 
72 57 
34 25 
10 71 
132 102 
33 104 
102 68 
127 26 
61 83 
40 98 
103 35 
78 83 
28 76 
43 106 
82 133 
5 31 
54 10 
17 48 
2 70 
104 61 
70 29 
126 47 
122 136 
32 94 
24 53 
36 95 
46 6 
115 27 
83 23 
83 106 
118 99 
74 44 
129 16 
71 123 
25 125 
39 70 
43 96 
86 46 
58 39 
137 72 
23 10 
8 81 
8 27 
104 114 
13 74 
18 85 
67 13 
86 33 
51 86 
49 58 
20 40 
28 38 
81 108 
109 71 
14 80 
106 10 
29 131 
130 15 
87 79 
87 68 
53 118 
3 21 
40 72 
112 60 
109 89 
114 43 
14 76 
18 124 
109 118 
48 10 
55 130 
86 34 
34 56 
57 51 
107 77 
93 87 
128 112 
74 100 
84 82 
49 40 
136 60 
23 25 
46 90 
86 38 
38 44 
49 94 
105 31 
28 25 
11 64 
5 77 
42 62 
3 13 
37 27 
110 83 
130 20 
2 135 
131 84 
128 62 
59 121 
2 26 
99 11 
18 118 
102 43 
71 76 
121 89 
89 2 
71 20 
49 42 
90 61 
77 105 
15 46 
44 112 
103 73 
32 11 
117 113 
132 38 
137 77 
3 97 
96 106 
93 32 
2 32 
34 107 
52 86 
57 16 
46 137 
12 84 
8 89 
6 59 
34 74 
58 19 
86 91 
106 135 
83 111 
72 13 
130 104 
82 123 
7 12 
128 85 
18 42 
92 23 
131 19 
42 50 
137 3 
34 48 
94 131 
97 89 
1 96 
37 118 
90 48 
27 105 
22 97 
92 39 
92 40 
99 85 
7 94 
111 75 
137 61 
38 88 
25 98 
37 85 
18 119 
29 84 
51 106 
99 110 
123 94 
69 27 
115 9 
111 18 
19 67 
92 30 
45 25 
111 78 
78 121 
47 103 
36 47 
9 16 
34 99 
100 21 
26 68 
22 78 
44 51 
103 49 
94 43 
121 34 
46 96 
6 99 
93 101 
136 27 
17 36 
78 44 
35 26 
58 111 
129 74 
57 3 
119 59 
134 1 
21 78 
96 50 
100 25 
112 134 
48 91 
130 16 
65 99 
130 6 
133 76 
25 113 
120 116 
4 102 
117 70 
12 135 
50 1 
30 61 
67 75 
31 53 
60 109 
21 72 
17 71 
110 85 
28 137 
114 101 
51 20 
91 110 
110 7 
44 105 
80 91 
88 103 
105 41 
103 20 
15 111 
73 122 
55 120 
30 102 
5 72 
52 25 
10 30 
20 132 
15 24 
98 93 
111 114 
18 80 
17 100 
19 114 
127 88 
70 119 
32 112 
70 84 
75 19 
26 100 
72 30 
3 31 
125 65 
16 28 
85 126 
37 136 
61 96 
123 77 
132 53 
42 83 
12 58 
32 125 
99 81 
65 40 
113 67 
15 135 
8 97 
72 109 
112 96 
66 48 
93 132 
65 27 
42 133 
25 39 
6 74 
80 129 
49 107 
113 49 
58 134 
103 33 
25 105 
103 38 
132 65 
48 100 
89 26 
40 7 
14 28 
20 68 
52 22 
119 109 
120 76 
1 90 
63 8 
49 34 
131 63 
61 67 
53 125 
63 21 
39 27 
110 75 
105 56 
71 2 
113 45 
73 60 
31 78 
75 65 
31 27 
45 60 
109 75 
23 137 
74 12 
99 57 
89 134 
71 118 
87 134 
132 99 
106 104 
58 64 
119 105 
128 2 
110 98 
108 15 
125 72 
71 26 
95 81 
36 70 
107 128 
70 57 
107 44 
42 4 
58 77 
108 39 
75 48 
37 44 
130 112 
48 40 
36 23 
83 81 
39 3 
110 24 
49 62 
85 26 
119 99 
33 54 
35 22 
45 68 
19 68 
75 82 
117 54 
123 74 
77 122 
105 24 
103 92 
83 75 
95 124 
76 119 
48 2 
14 45 
102 129 
15 52 
115 56 
132 24 
26 52 
90 117 
98 57 
71 51 
58 2 
120 128 
12 66 
136 23 
36 52 
33 24 
54 132 
65 10 
58 51 
98 80 
96 12 
132 79 
66 101 
40 109 
1 47 
7 109 
44 73 
88 112 
90 136 
42 86 
69 50 
132 98 
124 40 
128 96 
20 74 
91 7 
129 1 
114 73 
23 118 
15 11 
19 117 
124 39 
85 56 
68 126 
108 63 
1 118 
114 123 
99 130 
114 78 
14 31 
28 20 
8 111 
19 86 
10 102 
130 118 
89 113 
32 74 
26 130 
63 52 
12 61 
44 80 
5 118 
87 55 
8 106 
4 76 
82 13 
115 136 
39 29 
107 115 
72 86 
54 3 
19 119 
97 11 
6 107 
127 31 
88 6 
52 62 
84 26 
117 12 
131 48 
42 73 
128 57 
17 133 
44 88 
29 13 
16 118 
38 65 
68 96 
59 91 
37 36 
135 109 
11 19 
11 41 
29 68 
112 75 
58 15 
38 106 
40 110 
13 17 
49 83 
33 13 
110 128 
39 109 
72 43 
41 134 
30 54 
96 20 
85 27 
93 20 
94 125 
113 58 
132 86 
19 14 
99 97 
89 46 
95 23 
67 78 
21 71 
44 56 
80 95 
11 103 
26 30 
32 44 
135 17 
108 130 
124 8 
97 69 
80 88 
110 32 
76 100 
2 126 
20 8 
106 27 
27 92 
32 27 
42 25 
134 44 
14 59 
65 83 
75 122 
108 131 
43 87 
66 119 
20 19 
128 32 
117 104 
97 21 
46 123 
25 96 
123 66 
137 47 
90 40 
120 133 
30 120 
38 35 
11 71 
33 46 
28 110 
104 99 
62 73 
118 11 
102 104 
86 87 
85 90 
8 16 
134 3 
49 112 
41 96 
68 48 
94 83 
106 12 
47 91 
106 34 
79 96 
82 103 
125 119 
76 91 
68 125 
11 137 
117 134 
89 25 
61 109 
98 126 
17 111 
82 94 
92 77 
8 121 
51 62 
33 53 
105 82 
96 29 
114 65 
47 92 
119 67 
120 9 
75 14 
92 116 
89 69 
131 122 
69 104 
15 39 
87 83 
20 3 
118 31 
123 53 
24 118 
115 25 
70 47 
63 5 
42 37 
107 127 
127 51 
63 48 
19 107 
126 27 
61 131 
39 40 
75 12 
50 111 
32 53 
20 45 
27 121 
45 126 
122 100 
123 18 
28 62 
32 4 
98 41 
125 7 
100 132 
1 35 
22 86 
51 83 
16 14 
126 86 
64 116 
12 137 
31 68 
88 47 
124 51 
61 18 
88 17 
136 67 
46 30 
36 59 
76 115 
56 27 
5 7 
65 25 
121 15 
111 98 
57 12 
24 98 
94 118 
120 57 
119 134 
74 62 
135 39 
44 53 
60 80 
14 72 
131 8 
7 86 
133 134 
95 104 
39 102 
8 37 
132 23 
104 107 
13 71 
41 19 
29 28 
5 87 
25 128 
119 121 
38 129 
48 126 
75 88 
104 112 
2 101 
109 18 
46 66 
129 120 
135 47 
3 133 
121 129 
71 74 
60 33 
30 8 
95 65 
4 17 
72 23 
60 120 
122 113 
22 56 
6 92 
49 23 
125 29 
109 56 
85 55 
126 108 
73 9 
73 134 
91 28 
26 134 
36 85 
120 38 
121 118 
55 102 
54 80 
27 95 
101 29 
63 75 
26 77 
81 137 
13 84 
112 29 
90 79 
43 101 
52 9 
49 98 
114 92 
121 115 
86 30 
37 23 
15 56 
120 86 
1 48 
92 22 
59 20 
86 45 
62 106 
10 8 
119 41 
68 2 
44 62 
124 122 
37 81 
12 125 
16 35 
131 42 
24 115 
117 55 
26 115 
5 14 
35 135 
92 62 
85 116 
121 114 
8 118 
128 48 
34 19 
7 16 
85 41 
100 110 
26 18 
123 89 
105 50 
56 80 
68 69 
9 37 
127 66 
54 19 
71 77 
13 46 
80 121 
58 24 
57 82 
40 136 
39 94 
49 37 
15 62 
85 32 
126 29 
45 22 
58 89 
6 52 
18 114 
37 66 
105 10 
101 125 
15 84 
100 84 
2 5 
48 81 
127 99 
108 71 
72 79 
125 87 
19 8 
78 30 
94 120 
97 13 
62 108 
84 54 
12 120 
128 78 
60 125 
6 65 
104 91 
93 18 
76 82 
114 15 
2 81 
42 96 
75 86 
89 93 
32 131 
8 69 
107 133 
34 76 
52 13 
99 116 
102 90 
108 1 
7 18 
117 89 
29 129 
82 59 
32 18 
136 70 
51 37 
127 80 
68 128 
107 113 
137 115 
75 124 
13 117 
117 71 
40 2 
45 102 
98 121 
124 5 
18 98 
19 66 
45 93 
13 64 
134 126 
32 8 
62 48 
9 111 
2 127 
78 106 
42 122 
82 31 
125 51 
12 41 
67 6 
14 48 
109 36 
86 57 
14 99 
125 71 
124 26 
78 3 
74 98 
7 54 
136 69 
21 125 
86 136 
57 36 
30 38 
85 106 
123 85 
1 36 
45 41 
37 40 
61 135 
120 122 
61 24 
36 133 
66 89 
17 38 
41 28 
83 33 
82 135 
114 59 
43 14 
31 128 
47 7 
87 76 
93 62 
101 3 
92 56 
118 48 
112 87 
115 80 
131 65 
47 25 
132 135 
82 32 
38 72 
22 126 
129 84 
108 67 
6 115 
70 132 
35 127 
127 129 
7 119 
16 60 
66 33 
109 99 
63 80 
79 91 
113 13 
5 98 
63 3 
69 129 
122 2 
76 5 
89 61 
61 129 
90 115 
57 43 
71 48 
28 109 
5 26 
128 37 
72 35 
76 113 
55 19 
86 116 
45 103 
72 39 
26 64 
114 68 
42 57 
101 112 
70 10 
74 36 
16 11 
65 36 
72 99 
97 123 
32 41 
21 66 
26 137 
16 6 
61 35 
32 96 
73 120 
95 135 
118 9 
94 98 
64 126 
58 119 
113 91 
56 116 
133 45 
120 16 
50 94 
132 52 
126 133 
19 40 
122 115 
99 39 
71 86 
27 71 
131 64 
101 130 
50 55 
104 74 
80 62 
44 40 
42 48 
14 12 
5 111 
128 125 
105 104 
44 135 
40 51 
86 31 
31 116 
65 16 
9 112 
96 6 
101 104 
108 49 
89 59 
94 59 
122 97 
92 50 
119 1 
27 98 
59 5 
81 49 
107 132 
15 124 
17 119 
122 17 
119 8 
18 72 
17 113 
88 65 
116 126 
113 47 
64 51 
134 69 
20 120 
58 103 
89 129 
120 40 
133 130 
121 50 
12 134 
37 24 
9 64 
112 129 
97 58 
11 4 
65 91 
56 38 
78 25 
79 57 
91 14 
82 101 
50 49 
49 12 
69 45 
48 113 
66 52 
78 56 
113 95 
133 56 
82 15 
115 50 
106 124 
110 31 
20 129 
13 66 
10 13 
21 75 
80 20 
35 122 
49 134 
135 19 
50 128 
20 118 
64 76 
129 104 
100 109 
17 31 
124 12 
10 112 
83 91 
109 8 
95 21 
65 137 
18 9 
76 42 
136 99 
14 64 
13 76 
118 59 
18 1 
25 31 
54 133 
64 122 
26 22 
105 33 
71 47 
10 131 
93 27 
123 137 
53 48 
10 110 
64 21 
136 103 
137 98 
104 15 
33 74 
23 11 
133 77 
62 21 
54 134 
100 10 
43 7 
49 30 
10 22 
41 42 
107 52 
127 118 
101 110 
19 70 
103 41 
21 30 
61 32 
90 112 
19 95 
87 36 
84 36 
73 113 
26 131 
48 102 
11 74 
23 21 
137 118 
90 69 
8 17 
62 57 
106 56 
23 45 
30 76 
27 57 
115 74 
79 94 
6 108 
133 113 
128 101 
26 56 
35 46 
67 14 
128 111 
70 7 
7 126 
68 63 
21 110 
94 61 
84 134 
39 118 
65 12 
42 112 
76 78 
127 49 
54 89 
33 5 
80 32 
95 96 
56 94 
17 115 
61 52 
9 6 
113 137 
63 12 
21 136 
51 25 
82 54 
3 26 
46 101 
87 124 
5 129 
38 54 
78 77 
99 79 
72 81 
129 62 
91 23 
85 96 
23 29 
104 119 
21 16 
34 89 
132 55 
46 81 
67 11 
89 1 
126 106 
113 46 
21 54 
32 28 
114 22 
7 129 
57 46 
124 49 
26 72 
24 41 
39 71 
91 66 
64 130 
52 115 
107 129 
114 63 
122 69 
116 11 
35 120 
63 25 
21 24 
70 96 
47 14 
121 88 
49 19 
63 77 
34 105 
86 18 
48 50 
129 36 
6 126 
46 63 
84 21 
123 105 
64 6 
86 9 
115 114 
71 41 
3 33 
56 114 
2 15 
89 39 
125 95 
13 120 
49 51 
104 71 
29 122 
32 58 
86 36 
93 4 
21 109 
104 50 
125 135 
97 52 
127 134 
9 101 
79 54 
136 87 
41 55 
48 12 
119 46 
18 68 
111 133 
30 57 
96 15 
99 17 
81 107 
121 65 
15 65 
75 28 
24 114 
126 58 
122 31 
134 24 
69 48 
69 110 
69 30 
101 91 
20 79 
122 126 
94 71 
95 78 
46 69 
134 83 
63 43 
100 55 
3 37 
133 91 
41 73 
48 41 
59 129 
92 107 
57 111 
100 7 
106 98 
91 130 
33 97 
12 86 
49 8 
23 35 
101 107 
108 75 
63 99 
107 112 
57 38 
25 53 
39 13 
105 106 
57 94 
82 92 
134 100 
125 76 
116 58 
21 137 
32 87 
16 33 
16 88 
35 5 
99 117 
61 47 
67 74 
56 104 
92 7 
128 51 
12 99 
84 24 
34 47 
78 28 
120 88 
46 133 
126 131 
14 15 
12 30 
60 117 
1 125 
106 22 
117 24 
24 99 
79 77 
77 66 
58 57 
19 50 
36 40 
10 38 
24 87 
67 69 
105 136 
69 113 
63 42 
42 106 
117 119 
80 21 
57 67 
56 51 
63 106 
47 109 
60 9 
111 135 
72 114 
126 88 
39 122 
115 102 
113 62 
87 10 
38 11 
133 58 
43 107 
14 108 
27 41 
4 98 
112 108 
64 111 
75 123 
47 49 
16 82 
61 134 
94 14 
130 132 
50 83 
84 9 
113 93 
131 109 
61 38 
119 132 
28 96 
53 104 
47 54 
100 86 
131 31 
13 91 
120 70 
82 98 
79 70 
56 125 
88 106 
5 136 
3 69 
134 45 
127 137 
130 69 
100 56 
124 119 
133 112 
21 61 
39 105 
96 26 
71 35 
97 80 
92 17 
136 10 
125 55 
137 71 
104 116 
134 129 
116 107 
70 11 
102 69 
110 55 
58 29 
133 49 
58 85 
52 112 
106 67 
60 1 
45 57 
130 19 
42 40 
3 5 
72 16 
30 83 
113 29 
60 52 
68 65 
63 107 
56 6 
6 135 
5 51 
35 94 
19 71 
76 52 
11 84 
27 88 
123 100 
2 20 
80 73 
45 27 
83 37 
92 34 
41 102 
122 94 
123 76 
58 129 
123 96 
35 99 
60 93 
3 129 
137 112 
87 109 
130 25 
108 77 
24 101 
20 107 
23 81 
55 67 
115 127 
17 43 
38 34 
77 21 
66 59 
63 44 
85 44 
70 87 
77 98 
109 77 
18 120 
110 13 
21 129 
91 93 
132 114 
41 104 
125 62 
88 53 
136 31 
54 128 
35 108 
46 75 
33 137 
25 82 
116 14 
17 129 
63 55 
30 17 
88 77 
116 135 
59 88 
91 100 
92 98 
108 37 
52 98 
120 28 
65 84 
23 104 
90 92 
31 23 
61 6 
129 12 
79 68 
116 45 
49 101 
83 117 
107 99 
31 43 
115 55 
124 47 
116 136 
75 121 
129 108 
111 108 
22 50 
32 5 
79 121 
71 98 
107 78 
19 80 
31 120 
75 56 
119 126 
131 7 
13 88 
116 72 
134 91 
7 134 
69 93 
23 111 
29 82 
125 112 
129 87 
42 47 
68 40 
28 100 
69 83 
126 76 
51 65 
49 130 
136 1 
130 80 
94 100 
101 23 
99 27 
100 121 
92 45 
20 124 
5 52 
88 91 
67 115 
41 2 
109 26 
80 67 
127 54 
123 103 
111 131 
98 81 
118 41 
4 137 
125 36 
15 36 
15 70 
23 84 
132 13 
66 72 
104 122 
132 31 
61 55 
123 29 
36 46 
5 12 
55 122 
84 33 
132 48 
104 131 
37 32 
81 31 
120 82 
30 98 
109 48 
101 136 
91 98 
33 10 
101 10 
22 94 
75 20 
31 109 
89 45 
122 5 
69 47 
134 102 
93 9 
45 81 
74 107 
34 111 
27 89 
92 129 
20 46 
71 97 
120 64 
78 62 
82 132 
26 57 
67 79 
76 77 
18 3 
91 121 
108 87 
136 124 
62 123 
112 76 
82 111 
117 132 
131 22 
100 8 
69 42 
68 122 
29 55 
86 32 
106 115 
70 121 
13 43 
95 54 
22 33 
92 113 
118 85 
3 124 
51 48 
132 9 
80 78 
89 94 
13 61 
94 10 
107 56 
67 131 
1 46 
37 129 
2 31 
51 42 
117 61 
41 39 
20 63 
116 73 
5 24 
119 39 
133 55 
28 97 
58 61 
113 28 
93 29 
57 75 
81 53 
91 95 
92 68 
78 134 
14 63 
77 112 
124 65 
89 111 
93 19 
77 13 
83 109 
69 87 
71 5 
137 22 
133 89 
105 113 
60 86 
21 120 
78 23 
80 51 
118 119 
101 8 
131 80 
43 51 
62 54 
7 136 
80 117 
8 36 
66 68 
59 67 
114 35 
13 85 
132 19 
5 93 
134 111 
61 4 
63 7 
3 7 
102 28 
59 12 
55 21 
137 99 
12 29 
49 109 
18 62 
113 135 
36 126 
72 100 
81 21 
118 81 
25 16 
81 106 
82 118 
77 81 
93 109 
97 37 
137 97 
92 120 
79 81 
33 25 
9 88 
63 81 
22 135 
12 19 
9 65 
90 101 
85 95 
128 97 
29 75 
54 110 
9 11 
37 113 
48 107 
60 111 
48 135 
102 78 
62 87 
4 44 
112 30 
90 95 
24 91 
105 87 
137 5 
37 58 
54 88 
69 74 
133 43 
94 8 
50 62 
105 102 
53 103 
75 71 
94 30 
82 56 
66 65 
110 72 
56 90 
40 131 
32 43 
74 94 
111 92 
49 60 
112 127 
107 102 
48 29 
38 15 
124 72 
14 103 
72 88 
15 7 
101 73 
101 117 
45 32 
17 89 
95 74 
97 1 
52 72 
18 132 
43 66 
118 45 
100 120 
17 110 
20 133 
52 129 
98 107 
17 23 
75 51 
117 108 
31 87 
59 11 
101 51 
33 98 
44 94 
13 109 
49 43 
112 85 
50 112 
42 34 
117 97 
61 9 
113 7 
66 110 
96 76 
100 57 
67 33 
123 12 
29 27 
56 39 
128 14 
99 123 
76 109 
55 121 
85 132 
77 87 
23 26 
51 10 
112 24 
56 69 
6 37 
126 109 
52 65 
100 36 
69 36 
86 113 
39 66 
53 12 
125 126 
35 102 
73 102 
48 123 
76 44 
97 120 
67 110 
16 114 
79 25 
44 132 
17 95 
113 64 
115 16 
89 125 
38 77 
3 118 
80 116 
101 50 
41 1 
7 77 
88 81 
119 122 
11 85 
116 74 
116 82 
46 97 
118 80 
133 74 
46 102 
99 68 
131 13 
41 89 
26 132 
24 44 
40 82 
100 106 
61 3 
100 129 
13 19 
84 64 
88 85 
129 116 
42 117 
62 96 
113 87 
5 83 
15 41 
101 1 
61 82 
11 127 
1 133 
127 5 
93 81 
3 122 
50 37 
53 41 
34 2 
70 94 
65 18 
91 89 
76 85 
96 58 
20 55 
95 61 
4 59 
120 67 
30 18 
25 58 
101 18 
86 29 
86 53 
78 8 
58 73 
66 3 
89 79 
131 127 
83 52 
136 57 
109 110 
59 22 
104 128 
77 124 
89 95 
14 115 
50 120 
29 97 
100 108 
129 125 
106 6 
46 45 
60 124 
113 81 
25 101 
94 13 
27 48 
48 110 
3 125 
122 89 
4 6 
121 99 
126 110 
78 36 
93 35 
94 1 
82 127 
108 90 
45 64 
89 92 
97 75 
76 124 
106 69 
65 123 
27 73 
18 108 
35 84 
81 52 
7 45 
34 31 
39 88 
82 97 
10 118 
10 49 
121 29 
50 137 
121 57 
17 22 
16 58 
104 18 
34 1 
28 3 
30 33 
46 27 
123 17 
35 78 
19 72 
30 32 
34 83 
19 43 
74 30 
60 51 
22 119 
135 121 
69 19 
56 28 
19 125 
88 40 
7 137 
115 133 
86 107 
44 6 
93 61 
5 65 
90 49 
52 50 
94 66 
65 107 
67 114 
113 30 
27 24 
112 18 
2 28 
48 105 
13 27 
59 31 
39 49 
13 45 
72 32 
31 83 
46 129 
89 84 
33 9 
99 135 
57 40 
14 3 
68 136 
123 55 
37 98 
26 87 
120 5 
16 64 
93 11 
82 12 
63 71 
19 133 
6 8 
37 124 
72 27 
65 136 
78 101 
38 115 
44 81 
55 129 
5 17 
54 106 
131 86 
123 68 
125 120 
45 12 
61 68 
55 64 
92 3 
37 107 
21 96 
114 93 
118 61 
82 136 
58 125 
96 93 
50 45 
50 76 
83 104 
2 92 
51 102 
62 77 
107 100 
103 83 
85 20 
4 37 
29 114 
33 70 
75 37 
86 15 
39 130 
62 8 
135 93 
12 71 
11 115 
8 71 
88 19 
61 92 
30 88 
21 42 
48 80 
47 76 
120 134 
102 3 
76 35 
1 131 
118 104 
4 7 
24 108 
75 101 
62 60 
122 82 
51 77 
90 76 
102 1 
56 46 
107 17 
77 125 
91 115 
128 58 
134 34 
124 117 
12 88 
124 14 
121 102 
10 41 
91 71 
66 105 
74 76 
135 38 
133 132 
107 33 
15 31 
23 54 
34 32 
4 115 
42 2 
43 126 
31 99 
89 112 
40 108 
46 134 
46 120 
122 13 
67 127 
89 65 
74 121 
52 126 
107 69 
31 102 
105 129 
137 82 
16 31 
100 127 
129 137 
59 107 
88 114 
123 6 
121 17 
129 77 
116 46 
121 113 
105 14 
40 122 
22 51 
69 53 
71 82 
33 7 
77 43 
1 22 
66 108 
136 58 
13 81 
14 65 
88 71 
45 31 
115 96 
63 17 
51 68 
119 53 
120 66 
15 27 
56 110 
7 123 
45 105 
122 25 
107 25 
43 25 
128 64 
121 20 
76 72 
135 37 
71 31 
25 30 
26 43 
67 68 
108 51 
80 90 
31 7 
22 98 
112 14 
19 100 
78 113 
2 90 
67 121 
117 21 
13 90 
22 8 
126 21 
106 47 
128 16 
7 101 
112 3 
96 34 
28 8 
54 35 
63 85 
104 126 
85 34 
50 103 
60 78 
13 89 
100 62 
58 22 
4 68 
28 6 
12 52 
66 22 
22 132 
130 11 
85 7 
77 74 
69 63 
105 54 
125 31 
53 46 
11 42 
84 53 
39 90 
85 97 
109 134 
94 112 
24 68 
15 75 
19 29 
114 25 
95 116 
67 112 
109 94 
21 108 
22 124 
137 128 
127 103 
110 2 
29 119 
46 4 
70 98 
104 12 
74 28 
71 54 
70 51 
84 30 
22 36 
75 64 
103 74 
56 73 
106 102 
28 65 
128 24 
93 1 
42 116 
23 68 
14 85 
97 32 
34 126 
8 86 
54 107 
11 5 
3 62 
58 82 
82 21 
136 24 
108 38 
107 131 
14 29 
68 62 
103 79 
55 7 
70 114 
13 1 
114 94 
35 3 
26 90 
97 107 
53 64 
137 104 
107 85 
37 63 
18 57 
118 132 
32 64 
37 65 
65 117 
33 78 
105 126 
91 56 
124 132 
74 53 
72 118 
29 21 
99 52 
1 78 
126 94 
24 77 
133 105 
107 61 
44 31 
132 8 
26 101 
2 39 
88 20 
126 101 
19 81 
15 66 
71 34 
69 117 
16 104 
73 76 
136 102 
105 131 
90 78 
60 79 
95 106 
108 114 
127 30 
54 104 
92 137 
104 79 
47 52 
53 120 
84 67 
17 34 
102 81 
34 9 
68 70 
11 48 
55 135 
123 106 
77 12 
15 8 
21 31 
104 87 
2 46 
26 49 
83 86 
55 9 
136 2 
104 47 
78 32 
72 41 
86 39 
124 104 
85 47 
28 37 
95 128 
25 46 
100 35 
91 120 
74 29 
91 127 
83 54 
114 136 
79 128 
32 126 
96 97 
30 133 
92 20 
18 36 
131 43 
51 130 
87 84 
119 108 
75 36 
31 133 
85 86 
109 127 
105 85 
59 33 
94 80 
47 26 
21 22 
117 44 
106 20 
63 33 
89 75 
43 92 
105 74 
125 8 
63 104 
7 68 
15 26 
57 109 
101 80 
100 126 
128 38 
85 87 
103 84 
45 94 
97 70 
92 58 
7 11 
4 127 
74 1 
27 28 
33 23 
117 130 
76 108 
51 99 
43 54 
105 20 
107 64 
79 52 
120 90 
47 118 
92 51 
82 51 
108 28 
69 34 
108 22 
60 88 
6 80 
22 7 
93 86 
136 17 
92 128 
3 127 
98 76 
88 35 
94 107 
106 59 
41 54 
47 50 
136 79 
8 35 
44 5 
113 8 
128 94 
37 61 
32 116 
130 5 
1 40 
127 98 
87 1 
34 52 
54 9 
129 26 
135 56 
100 77 
6 12 
28 58 
90 20 
121 130 
92 12 
115 134 
100 88 
132 103 
84 34 
4 23 
55 98 
128 63 
100 59 
26 13 
34 68 
28 86 
114 36 
98 125 
6 33 
108 42 
49 88 
65 90 
135 122 
32 123 
9 36 
105 35 
123 81 
58 76 
78 119 
83 131 
131 96 
30 2 
59 120 
34 109 
109 106 
60 119 
