117 3643 
8 42 223 286 286 66 82 269 225 294 140 33 70 198 252 16 215 232 142 227 151 277 76 62 219 119 283 96 259 139 52 65 228 146 139 170 177 137 75 172 10 52 242 290 256 260 175 43 112 233 51 260 3 59 285 97 157 73 291 82 199 8 154 4 195 189 8 251 50 1 162 5 142 34 228 236 224 20 90 28 121 214 173 36 171 298 114 20 85 169 78 251 244 168 108 220 115 290 211 276 103 270 255 159 75 201 261 120 71 241 42 136 94 168 57 87 126 
58 32 
59 68 
101 25 
81 34 
31 79 
65 110 
15 104 
104 78 
99 29 
51 21 
111 86 
108 111 
99 37 
19 91 
111 90 
76 100 
101 22 
3 62 
71 69 
71 37 
82 26 
40 50 
73 79 
35 44 
91 25 
45 98 
74 98 
33 108 
24 16 
21 11 
9 88 
72 31 
38 115 
31 71 
113 111 
19 90 
48 92 
52 58 
19 11 
59 15 
34 41 
1 88 
76 17 
55 89 
107 92 
56 65 
60 48 
70 10 
112 58 
42 34 
104 62 
105 101 
97 41 
13 91 
39 62 
38 97 
73 114 
48 31 
81 11 
9 64 
80 47 
11 48 
113 42 
89 45 
23 72 
69 85 
67 49 
61 29 
52 17 
101 27 
105 21 
113 24 
39 66 
46 83 
62 25 
70 14 
62 14 
91 106 
97 45 
55 11 
26 56 
112 66 
15 32 
69 116 
66 83 
71 40 
33 6 
72 50 
116 60 
11 57 
71 34 
21 58 
86 94 
61 34 
117 47 
101 23 
45 92 
57 54 
98 7 
71 78 
54 6 
41 78 
104 102 
117 94 
106 54 
15 43 
52 37 
31 23 
100 84 
68 23 
50 4 
107 72 
94 97 
16 19 
81 79 
43 47 
117 62 
76 13 
6 47 
84 6 
63 25 
24 55 
106 32 
59 42 
6 111 
84 99 
111 27 
117 24 
35 62 
104 26 
55 116 
3 93 
88 30 
22 83 
86 8 
42 89 
83 93 
61 83 
15 48 
79 89 
50 115 
76 43 
1 52 
83 39 
20 50 
78 16 
68 15 
42 12 
77 91 
9 18 
13 73 
112 5 
104 33 
76 85 
52 108 
58 3 
93 4 
2 28 
74 6 
95 2 
96 59 
99 48 
41 29 
9 40 
98 22 
106 44 
4 58 
3 99 
107 33 
68 89 
15 87 
63 12 
12 19 
22 111 
54 82 
44 32 
108 63 
74 62 
56 29 
115 73 
76 8 
70 13 
33 93 
1 96 
31 51 
35 18 
21 30 
112 71 
85 60 
67 31 
66 14 
94 67 
44 77 
54 30 
110 69 
68 4 
9 47 
21 107 
2 37 
55 10 
84 105 
84 8 
112 17 
67 25 
66 28 
92 51 
33 47 
39 38 
83 1 
12 13 
83 64 
96 106 
34 68 
90 32 
19 48 
76 93 
75 53 
96 60 
59 109 
89 56 
93 62 
48 18 
110 93 
100 51 
74 63 
71 79 
55 43 
25 15 
66 100 
98 44 
15 101 
109 54 
33 113 
36 51 
54 65 
69 102 
39 89 
73 55 
112 43 
34 98 
109 116 
45 91 
2 66 
87 56 
17 30 
107 84 
116 106 
36 46 
89 52 
68 38 
79 110 
105 19 
9 8 
60 31 
18 60 
9 107 
76 104 
73 117 
65 92 
20 92 
63 22 
80 1 
40 99 
110 73 
78 34 
48 85 
89 63 
66 102 
79 35 
42 88 
114 31 
49 40 
103 5 
85 78 
52 10 
67 28 
52 51 
60 1 
102 44 
86 72 
28 1 
47 92 
75 24 
75 48 
68 24 
117 48 
44 3 
105 38 
72 21 
77 17 
61 21 
51 48 
45 16 
28 82 
80 58 
80 48 
39 12 
99 17 
112 11 
38 24 
26 106 
95 54 
19 38 
105 9 
15 28 
89 111 
74 32 
12 87 
32 115 
87 114 
51 40 
1 40 
31 80 
89 44 
39 100 
53 31 
63 69 
66 94 
17 14 
101 49 
110 5 
78 27 
27 85 
75 7 
91 62 
60 35 
14 56 
103 56 
41 9 
11 39 
6 36 
37 108 
71 59 
35 100 
33 5 
95 42 
79 62 
73 93 
33 90 
36 40 
84 26 
96 87 
59 31 
2 88 
46 14 
28 25 
76 115 
25 6 
15 107 
10 9 
99 88 
71 114 
30 72 
69 12 
5 34 
39 70 
11 13 
47 27 
44 64 
36 37 
70 83 
17 4 
78 53 
56 25 
44 16 
38 7 
110 63 
109 52 
8 63 
102 112 
72 94 
28 59 
56 38 
6 104 
30 57 
86 27 
69 38 
1 69 
86 1 
31 27 
37 106 
60 99 
35 74 
63 48 
24 62 
25 93 
4 51 
87 110 
89 31 
18 45 
89 7 
55 94 
16 84 
40 82 
87 95 
35 25 
92 43 
33 62 
3 83 
102 61 
47 52 
80 15 
20 117 
24 41 
21 88 
47 110 
50 73 
46 60 
14 105 
92 26 
72 85 
40 72 
91 71 
28 22 
44 96 
117 75 
42 8 
91 11 
46 34 
98 106 
42 20 
46 94 
6 49 
24 48 
112 117 
115 112 
86 91 
83 49 
7 65 
109 33 
115 18 
88 20 
67 99 
12 84 
73 89 
2 113 
39 115 
64 99 
96 62 
66 93 
73 29 
45 83 
96 26 
43 80 
95 21 
36 59 
3 77 
108 23 
57 111 
45 17 
20 104 
101 113 
50 47 
45 43 
13 105 
25 82 
53 46 
113 103 
98 89 
80 60 
84 17 
43 64 
101 6 
37 33 
19 37 
106 92 
78 91 
40 87 
11 95 
53 5 
19 97 
38 53 
112 62 
80 97 
56 22 
29 107 
25 86 
36 110 
58 63 
69 30 
5 90 
106 103 
55 96 
77 26 
19 66 
20 13 
22 30 
20 58 
40 65 
84 59 
49 3 
108 65 
75 40 
44 79 
30 18 
42 79 
32 107 
59 94 
37 23 
91 49 
60 30 
67 1 
64 104 
73 101 
36 114 
38 17 
113 89 
88 114 
75 46 
18 40 
41 76 
10 7 
106 68 
44 112 
70 100 
80 87 
85 51 
56 97 
105 91 
114 107 
95 70 
102 22 
113 55 
89 96 
12 52 
94 39 
8 101 
81 2 
52 44 
114 8 
14 82 
53 51 
50 59 
66 34 
6 117 
30 93 
41 71 
13 27 
46 95 
63 67 
17 49 
61 37 
63 1 
14 109 
2 10 
8 115 
46 104 
25 106 
2 111 
52 94 
53 117 
23 50 
74 116 
37 13 
29 20 
20 10 
90 85 
111 79 
97 72 
68 13 
62 15 
112 49 
42 41 
100 81 
32 56 
56 93 
89 66 
32 42 
8 21 
57 26 
56 13 
59 90 
62 9 
70 114 
98 30 
13 15 
116 28 
40 117 
13 67 
66 4 
82 68 
78 15 
20 94 
36 70 
115 105 
47 103 
36 8 
45 78 
103 31 
102 82 
26 14 
112 88 
6 43 
31 5 
74 8 
6 87 
21 48 
12 61 
104 83 
61 66 
90 116 
107 75 
31 97 
90 113 
6 52 
6 26 
103 16 
86 64 
47 104 
94 70 
77 100 
59 11 
55 109 
50 27 
15 34 
71 29 
48 115 
66 59 
15 49 
101 69 
86 60 
107 79 
55 26 
4 34 
71 23 
46 84 
12 78 
21 109 
29 88 
107 27 
95 107 
30 82 
85 64 
83 14 
27 63 
91 83 
105 63 
10 6 
113 6 
8 25 
70 98 
51 26 
89 20 
4 80 
15 58 
73 113 
19 111 
66 26 
91 50 
100 92 
105 35 
44 18 
12 77 
28 87 
22 20 
27 43 
42 71 
51 55 
76 87 
101 64 
113 81 
38 36 
23 117 
16 66 
68 93 
34 82 
80 100 
45 21 
23 59 
64 65 
25 52 
99 6 
34 65 
115 3 
49 107 
103 82 
52 18 
80 96 
19 107 
114 100 
85 62 
23 87 
24 44 
74 87 
16 74 
7 33 
117 59 
99 86 
60 22 
102 89 
116 114 
32 21 
79 98 
109 64 
45 47 
100 63 
52 106 
26 91 
77 85 
85 21 
100 14 
12 24 
78 56 
56 50 
69 90 
117 35 
36 19 
36 71 
95 66 
47 75 
64 107 
27 20 
114 101 
95 62 
67 54 
39 13 
31 75 
42 74 
84 81 
84 90 
10 23 
13 63 
10 36 
47 81 
10 42 
28 12 
83 102 
103 43 
49 41 
12 68 
3 60 
48 23 
103 1 
61 22 
31 24 
44 6 
96 58 
79 47 
101 77 
75 103 
22 87 
100 94 
37 21 
84 41 
48 2 
34 23 
78 62 
104 4 
112 56 
93 78 
49 96 
88 59 
55 4 
58 22 
89 43 
11 47 
16 60 
73 59 
51 75 
12 48 
64 58 
78 33 
108 56 
69 65 
4 5 
34 9 
117 52 
116 79 
25 54 
92 61 
61 35 
38 107 
92 50 
48 106 
16 33 
62 43 
3 1 
69 60 
106 114 
82 47 
33 112 
51 89 
106 80 
91 95 
41 44 
39 6 
51 93 
87 58 
30 36 
9 90 
110 8 
76 53 
57 79 
93 102 
95 101 
103 29 
64 55 
114 21 
49 87 
88 40 
33 114 
66 24 
108 16 
1 66 
38 48 
112 52 
102 103 
8 90 
20 17 
80 65 
80 77 
13 49 
84 29 
102 17 
105 24 
109 41 
83 56 
57 53 
32 19 
95 93 
18 64 
101 74 
81 12 
38 37 
32 13 
74 112 
57 96 
20 6 
37 78 
12 15 
87 100 
11 72 
74 70 
28 73 
98 53 
40 58 
29 72 
54 34 
80 67 
36 104 
68 81 
93 72 
87 86 
109 108 
68 9 
29 60 
14 101 
24 80 
13 93 
93 29 
80 76 
54 83 
101 50 
47 100 
18 76 
73 49 
35 20 
22 103 
6 50 
109 5 
106 60 
89 40 
80 116 
59 85 
72 106 
109 111 
91 52 
84 86 
63 39 
34 96 
109 16 
27 35 
65 66 
31 84 
82 29 
34 48 
65 30 
10 95 
88 16 
47 15 
90 22 
41 39 
69 5 
19 9 
90 68 
9 33 
23 12 
57 34 
86 104 
100 25 
3 11 
82 74 
107 81 
87 39 
96 104 
13 58 
37 81 
48 35 
26 18 
76 98 
68 111 
28 60 
46 90 
101 3 
103 89 
5 14 
69 100 
108 46 
7 37 
4 18 
40 26 
72 64 
6 75 
93 47 
74 1 
86 10 
25 42 
32 11 
71 30 
40 46 
73 58 
110 13 
93 79 
77 36 
10 117 
104 24 
42 86 
14 63 
62 44 
21 35 
86 48 
33 59 
41 85 
17 100 
62 81 
57 48 
61 69 
81 72 
24 13 
49 76 
34 72 
57 63 
87 69 
101 104 
4 107 
79 87 
43 19 
59 54 
32 110 
36 29 
72 27 
48 61 
74 57 
117 104 
85 31 
56 62 
12 111 
49 117 
22 93 
71 25 
6 4 
101 57 
11 114 
9 6 
65 59 
20 30 
55 68 
13 18 
5 16 
22 35 
1 54 
84 32 
105 97 
72 100 
90 40 
44 8 
18 101 
86 110 
12 106 
10 97 
2 26 
10 111 
26 117 
65 23 
51 15 
33 10 
41 103 
86 88 
67 37 
117 58 
77 45 
98 26 
70 34 
101 66 
98 84 
45 73 
91 22 
103 37 
10 45 
64 50 
17 37 
78 97 
77 58 
78 18 
45 31 
8 33 
95 24 
25 13 
97 88 
59 18 
85 57 
86 24 
81 69 
27 15 
72 70 
23 99 
64 34 
53 91 
78 77 
116 61 
52 3 
29 79 
84 57 
106 39 
104 57 
107 58 
84 108 
57 31 
108 104 
47 72 
103 35 
53 61 
16 29 
96 100 
35 31 
27 66 
72 71 
108 66 
33 81 
46 74 
98 67 
28 89 
4 37 
115 59 
94 56 
32 27 
55 70 
41 80 
65 37 
26 19 
42 103 
20 81 
56 66 
73 8 
8 66 
95 117 
65 72 
57 112 
68 47 
68 60 
46 42 
20 34 
64 102 
49 70 
11 89 
107 93 
9 15 
75 20 
40 114 
114 53 
116 20 
76 51 
106 79 
46 37 
78 58 
29 51 
23 106 
55 82 
59 60 
61 58 
20 24 
5 67 
104 85 
95 45 
26 33 
64 114 
7 92 
92 18 
16 98 
64 32 
42 40 
114 23 
49 45 
3 29 
44 39 
41 79 
33 80 
58 70 
1 19 
2 46 
34 86 
110 109 
65 104 
106 19 
62 12 
28 100 
36 75 
78 108 
64 46 
98 90 
12 109 
17 87 
10 22 
7 90 
29 30 
109 65 
63 43 
27 117 
66 6 
86 55 
32 30 
34 114 
81 80 
37 57 
34 2 
30 49 
64 90 
31 33 
9 17 
113 72 
82 43 
5 66 
35 110 
48 47 
5 43 
62 88 
61 39 
54 80 
11 66 
67 109 
48 79 
88 18 
22 40 
117 66 
109 26 
55 19 
84 21 
76 26 
107 50 
71 107 
16 20 
8 56 
112 32 
91 98 
33 86 
13 30 
100 3 
80 107 
104 88 
37 77 
27 103 
79 49 
84 11 
87 2 
113 62 
116 100 
28 101 
30 46 
6 15 
89 54 
47 89 
28 81 
57 89 
2 12 
113 106 
4 112 
72 110 
21 38 
61 33 
49 88 
59 37 
106 21 
79 108 
66 46 
21 44 
104 66 
76 2 
64 82 
13 28 
55 30 
28 31 
81 70 
14 67 
38 27 
12 116 
96 41 
19 10 
93 99 
59 22 
43 32 
29 117 
6 18 
92 90 
39 24 
5 55 
5 13 
10 96 
30 42 
117 105 
48 107 
25 97 
68 56 
50 116 
74 43 
15 69 
103 45 
50 103 
62 19 
57 45 
44 30 
97 106 
77 87 
88 57 
101 61 
7 53 
54 72 
24 109 
67 101 
65 41 
54 74 
114 28 
74 79 
74 49 
40 105 
68 54 
76 14 
56 36 
85 15 
39 102 
8 55 
26 12 
43 70 
44 113 
20 59 
31 38 
46 61 
72 75 
44 115 
21 117 
101 83 
5 41 
89 62 
78 111 
69 39 
21 15 
14 58 
25 3 
99 10 
99 35 
23 57 
27 105 
35 94 
33 50 
71 47 
46 25 
7 57 
21 40 
102 107 
37 34 
13 26 
17 2 
61 99 
60 67 
9 111 
102 25 
2 72 
63 56 
81 103 
82 22 
8 70 
93 112 
24 2 
56 48 
50 38 
76 113 
17 97 
58 9 
104 21 
76 36 
28 80 
113 27 
90 106 
51 88 
108 73 
100 31 
41 19 
37 25 
5 51 
81 38 
110 113 
76 34 
67 88 
79 95 
54 104 
82 76 
94 34 
35 101 
41 72 
41 107 
108 89 
65 78 
84 69 
106 51 
51 69 
16 11 
112 103 
29 48 
106 10 
18 111 
115 35 
83 74 
47 69 
40 70 
38 92 
59 102 
65 31 
50 98 
3 88 
32 67 
109 61 
98 28 
59 58 
101 88 
30 92 
117 64 
1 29 
86 63 
30 106 
1 65 
52 90 
62 49 
98 109 
87 7 
9 60 
70 110 
100 53 
63 5 
20 64 
88 31 
38 117 
59 103 
23 81 
42 92 
117 111 
90 56 
26 7 
72 33 
2 100 
1 106 
108 100 
28 108 
82 70 
53 25 
102 35 
22 79 
98 8 
18 93 
55 62 
107 105 
25 114 
36 99 
103 66 
3 98 
18 107 
2 11 
37 104 
54 105 
89 65 
5 21 
70 25 
74 33 
35 97 
23 89 
15 8 
8 32 
98 82 
100 78 
73 31 
114 76 
75 58 
99 94 
39 76 
37 44 
64 11 
23 103 
64 45 
97 46 
19 75 
50 15 
37 6 
82 23 
59 70 
6 12 
8 17 
79 53 
76 52 
12 44 
79 36 
85 42 
16 80 
24 88 
106 55 
84 35 
28 78 
5 93 
34 27 
97 77 
105 4 
5 80 
113 88 
61 24 
46 62 
111 71 
73 99 
14 108 
58 114 
9 27 
52 5 
38 75 
117 86 
88 94 
89 82 
114 67 
100 22 
12 7 
36 23 
80 90 
3 8 
71 77 
89 72 
64 15 
44 95 
97 114 
69 72 
61 85 
85 16 
98 71 
24 107 
18 28 
73 42 
29 47 
43 52 
77 84 
37 90 
36 115 
92 28 
21 86 
41 99 
55 54 
38 102 
73 62 
4 9 
73 23 
43 20 
24 115 
114 49 
23 91 
93 69 
63 94 
3 17 
18 7 
100 102 
115 43 
96 75 
20 80 
39 103 
116 2 
31 110 
108 68 
91 21 
72 88 
34 99 
88 110 
81 1 
60 25 
14 37 
9 98 
3 14 
98 72 
68 87 
112 81 
85 109 
99 98 
70 67 
10 92 
69 111 
88 35 
96 13 
93 114 
116 63 
85 113 
81 25 
27 26 
16 13 
48 46 
101 115 
65 114 
67 76 
97 60 
19 113 
3 108 
100 18 
113 68 
88 32 
14 93 
3 50 
40 79 
116 81 
6 22 
102 9 
65 3 
84 101 
54 2 
60 64 
117 69 
65 77 
26 80 
48 69 
101 109 
52 88 
38 10 
27 45 
105 62 
91 35 
52 22 
21 39 
40 116 
31 2 
40 115 
59 27 
23 26 
37 42 
48 6 
75 3 
27 54 
84 5 
10 30 
35 12 
18 22 
88 6 
102 86 
25 40 
71 82 
110 92 
84 67 
63 109 
17 25 
99 9 
30 2 
23 22 
53 88 
36 86 
56 106 
104 42 
31 10 
15 75 
74 29 
16 67 
7 105 
64 111 
99 63 
116 91 
21 62 
36 11 
96 111 
92 57 
62 29 
16 68 
16 92 
61 110 
46 45 
78 54 
108 9 
7 29 
81 91 
67 106 
115 62 
30 3 
23 39 
79 30 
111 84 
57 46 
99 39 
52 42 
30 33 
44 13 
58 94 
56 113 
31 61 
52 31 
55 25 
15 88 
28 51 
82 7 
91 32 
88 7 
81 77 
80 91 
38 55 
31 40 
13 86 
62 64 
37 8 
45 30 
15 40 
89 18 
90 18 
14 64 
43 61 
64 10 
100 10 
37 98 
7 41 
63 26 
55 56 
117 25 
70 41 
77 79 
56 41 
55 107 
29 9 
35 2 
76 19 
60 54 
111 53 
7 55 
29 95 
81 40 
50 37 
16 71 
25 34 
3 113 
18 105 
1 44 
46 5 
60 92 
113 43 
73 3 
102 27 
115 51 
42 91 
95 27 
97 14 
9 84 
54 19 
8 54 
17 83 
79 84 
67 96 
75 66 
44 48 
76 44 
81 36 
100 19 
38 111 
61 20 
7 109 
36 42 
111 62 
84 75 
46 107 
62 36 
72 52 
19 2 
92 4 
96 20 
73 57 
15 4 
10 4 
13 41 
76 117 
45 101 
19 94 
79 39 
45 81 
56 35 
61 11 
77 5 
64 68 
103 38 
53 62 
4 109 
9 37 
34 108 
27 3 
107 67 
100 12 
31 116 
93 98 
50 114 
77 110 
45 37 
19 30 
8 28 
110 107 
4 38 
73 30 
22 115 
86 59 
95 72 
34 100 
12 53 
114 7 
35 7 
37 80 
54 75 
11 58 
100 15 
107 13 
75 35 
38 30 
90 1 
58 42 
7 61 
7 48 
92 103 
1 24 
20 109 
17 51 
16 51 
18 49 
24 82 
34 110 
42 101 
104 115 
16 70 
64 98 
37 92 
117 56 
95 80 
28 72 
66 18 
95 28 
11 83 
114 86 
90 107 
117 103 
48 4 
117 46 
37 89 
63 53 
63 83 
109 39 
103 52 
33 111 
38 9 
82 2 
114 94 
22 69 
108 90 
112 92 
67 69 
65 57 
27 104 
96 76 
14 81 
102 78 
74 88 
16 104 
17 103 
86 12 
52 36 
16 41 
5 39 
20 86 
81 60 
33 105 
34 97 
35 78 
13 75 
70 64 
38 64 
12 38 
60 53 
96 4 
99 54 
20 48 
48 37 
45 61 
26 8 
116 43 
58 6 
42 116 
41 94 
15 113 
95 25 
56 110 
45 36 
56 30 
117 114 
45 13 
8 112 
69 16 
1 39 
77 21 
40 94 
3 109 
116 58 
13 104 
40 14 
6 60 
24 51 
31 39 
61 2 
9 26 
17 114 
67 65 
115 114 
51 45 
22 94 
42 47 
68 30 
45 59 
44 59 
66 60 
98 2 
3 70 
71 93 
117 55 
49 24 
69 95 
25 80 
6 65 
78 49 
1 104 
42 100 
58 88 
105 86 
11 9 
29 77 
48 87 
116 117 
15 10 
58 44 
66 96 
107 3 
114 105 
1 109 
23 16 
58 108 
43 10 
53 17 
69 113 
54 18 
88 82 
45 3 
22 45 
4 75 
51 58 
50 70 
39 78 
15 72 
97 44 
62 100 
53 92 
39 2 
82 41 
81 110 
76 83 
58 95 
85 98 
87 64 
42 50 
52 104 
112 83 
84 2 
108 43 
91 43 
78 72 
73 92 
31 22 
74 65 
4 97 
110 39 
15 61 
3 63 
11 53 
84 14 
19 46 
50 17 
8 94 
68 71 
69 9 
100 38 
27 80 
21 14 
11 77 
3 80 
88 76 
13 40 
80 66 
77 22 
55 84 
91 89 
69 68 
58 76 
106 66 
17 106 
27 74 
25 29 
89 109 
102 101 
73 25 
57 16 
50 26 
21 42 
17 70 
78 38 
95 57 
16 55 
30 16 
103 101 
53 67 
67 93 
101 47 
5 68 
53 113 
75 57 
48 96 
73 91 
61 63 
54 96 
72 18 
10 98 
37 75 
108 81 
45 52 
77 10 
111 81 
63 73 
102 29 
49 89 
22 99 
48 105 
56 105 
69 77 
74 89 
14 96 
69 108 
104 44 
61 65 
8 34 
43 96 
22 16 
7 20 
56 79 
26 114 
87 82 
54 58 
104 56 
49 102 
105 49 
108 48 
39 82 
47 63 
109 35 
83 111 
97 69 
9 21 
113 45 
66 35 
31 96 
116 34 
49 98 
113 30 
104 77 
33 89 
41 33 
82 13 
37 12 
74 24 
111 106 
87 67 
74 67 
16 39 
21 43 
48 43 
89 67 
44 111 
21 98 
67 78 
27 70 
71 87 
21 46 
50 29 
50 83 
24 37 
116 51 
73 38 
7 79 
72 39 
35 92 
6 95 
42 72 
35 11 
48 104 
108 72 
22 73 
35 96 
110 83 
80 45 
104 29 
31 70 
5 72 
33 22 
29 66 
108 44 
47 26 
94 71 
21 70 
27 77 
65 5 
32 36 
47 61 
110 38 
112 63 
38 52 
37 74 
111 15 
33 79 
105 80 
29 28 
117 77 
49 86 
38 79 
8 12 
25 7 
95 78 
26 93 
25 66 
42 110 
52 70 
58 92 
21 66 
60 39 
52 35 
8 85 
87 33 
70 20 
33 110 
19 31 
94 116 
21 6 
21 20 
107 22 
78 26 
60 56 
28 42 
99 71 
89 106 
21 112 
72 104 
69 114 
89 112 
40 85 
85 95 
88 87 
101 17 
22 113 
86 79 
106 75 
68 41 
49 90 
81 101 
27 100 
32 102 
44 101 
5 85 
89 6 
50 75 
59 114 
55 83 
112 99 
76 33 
81 29 
29 83 
81 105 
102 85 
75 30 
78 47 
63 66 
95 90 
57 67 
95 12 
7 102 
12 94 
86 31 
12 102 
103 54 
108 106 
116 18 
30 102 
21 52 
82 81 
73 97 
15 112 
29 13 
99 8 
61 59 
77 52 
65 39 
63 113 
82 90 
24 63 
86 92 
65 26 
117 91 
31 62 
30 53 
106 83 
28 106 
8 107 
11 43 
16 59 
43 50 
107 53 
79 90 
95 30 
1 99 
109 25 
111 30 
36 65 
86 113 
4 116 
51 33 
21 78 
63 54 
29 23 
39 57 
17 111 
25 69 
30 76 
86 52 
92 94 
5 111 
102 94 
50 35 
100 13 
104 105 
51 25 
74 22 
27 106 
18 99 
82 77 
99 56 
69 80 
110 106 
104 82 
83 96 
73 52 
18 106 
103 109 
45 105 
70 113 
67 97 
100 54 
6 19 
35 114 
76 50 
114 15 
93 49 
28 50 
42 78 
8 40 
93 40 
16 95 
28 40 
117 71 
45 82 
82 63 
59 10 
97 84 
109 100 
27 75 
71 88 
83 79 
76 107 
90 20 
87 27 
94 73 
24 17 
76 103 
14 61 
2 4 
41 104 
110 53 
29 90 
73 44 
117 109 
6 63 
8 75 
19 114 
97 49 
40 11 
47 115 
37 53 
41 38 
81 63 
56 69 
32 111 
21 26 
47 86 
66 114 
48 101 
8 5 
51 70 
53 89 
93 111 
46 12 
88 14 
39 58 
114 75 
27 23 
62 41 
86 71 
90 34 
68 2 
67 113 
46 73 
82 116 
50 13 
99 100 
5 17 
109 91 
11 115 
45 38 
16 115 
117 87 
74 13 
112 13 
31 8 
85 23 
72 1 
51 41 
52 33 
116 99 
43 101 
42 3 
93 7 
104 74 
70 103 
95 52 
14 85 
13 71 
11 34 
101 108 
65 102 
57 43 
60 83 
61 54 
97 90 
109 34 
52 66 
112 23 
12 40 
60 41 
92 19 
79 65 
36 3 
70 71 
46 101 
113 92 
117 67 
60 87 
85 2 
19 89 
7 106 
106 29 
61 107 
84 87 
61 76 
57 44 
90 114 
21 96 
78 75 
39 81 
12 60 
55 50 
86 44 
113 98 
29 86 
51 18 
19 53 
78 50 
108 102 
14 9 
40 32 
89 30 
92 98 
66 116 
100 89 
67 104 
109 90 
83 10 
8 69 
34 62 
21 24 
95 76 
85 99 
90 38 
62 90 
15 74 
37 102 
35 106 
8 22 
112 101 
73 24 
116 24 
1 27 
32 55 
70 26 
35 5 
49 60 
22 50 
59 87 
74 90 
72 12 
17 98 
30 47 
45 15 
30 66 
11 6 
54 33 
8 39 
58 29 
23 51 
80 64 
84 113 
19 110 
11 104 
5 100 
36 14 
109 29 
3 48 
21 49 
97 13 
39 15 
55 79 
15 20 
43 97 
106 47 
14 8 
24 58 
76 68 
112 73 
78 22 
98 24 
85 111 
80 23 
36 21 
4 74 
39 52 
79 27 
44 91 
66 9 
89 38 
24 84 
116 77 
112 39 
52 28 
96 113 
112 109 
12 22 
117 50 
53 99 
76 5 
18 55 
64 51 
41 37 
5 58 
87 20 
116 47 
66 98 
25 99 
57 12 
73 26 
93 1 
43 26 
114 13 
53 8 
96 22 
73 34 
111 43 
2 8 
79 109 
92 8 
13 43 
32 51 
56 111 
41 57 
3 6 
40 33 
60 74 
75 22 
57 80 
12 59 
78 60 
60 21 
21 18 
68 1 
12 80 
107 115 
90 23 
76 4 
102 53 
99 101 
102 76 
90 36 
72 17 
91 87 
105 22 
113 115 
24 6 
86 108 
96 3 
65 49 
61 70 
102 110 
69 88 
107 66 
44 28 
17 41 
46 28 
5 117 
109 72 
62 94 
70 106 
47 88 
98 14 
75 94 
1 15 
41 55 
66 105 
110 60 
98 47 
27 2 
46 110 
108 12 
8 10 
104 39 
15 77 
51 111 
11 90 
7 104 
109 58 
20 47 
74 52 
116 5 
84 72 
106 100 
62 110 
100 55 
34 22 
85 105 
14 16 
6 57 
109 60 
35 3 
37 1 
23 70 
60 79 
11 113 
14 7 
48 112 
94 47 
114 38 
60 114 
86 5 
111 74 
110 40 
84 66 
4 99 
88 39 
97 70 
46 103 
40 63 
90 86 
55 92 
90 12 
106 41 
38 5 
35 30 
63 59 
80 52 
115 26 
4 24 
90 6 
94 64 
47 85 
80 36 
94 21 
15 24 
73 90 
111 99 
101 89 
27 42 
27 109 
46 4 
5 97 
92 63 
18 104 
59 56 
50 41 
114 1 
92 111 
105 102 
13 115 
48 66 
29 98 
53 47 
108 1 
80 99 
107 100 
52 93 
11 92 
78 1 
59 111 
109 95 
63 104 
104 40 
51 82 
97 28 
108 31 
113 100 
55 36 
82 95 
100 1 
1 38 
19 85 
90 81 
74 68 
29 97 
48 70 
74 106 
4 53 
81 42 
71 100 
1 79 
111 3 
88 22 
41 73 
16 53 
31 91 
84 104 
11 109 
113 13 
48 28 
81 95 
101 82 
57 70 
79 82 
89 115 
87 72 
50 77 
5 106 
51 19 
36 106 
77 53 
103 69 
32 4 
62 40 
109 92 
83 72 
25 38 
68 32 
28 111 
90 88 
68 98 
57 66 
18 103 
105 90 
48 16 
115 108 
64 57 
60 10 
69 44 
57 114 
59 24 
68 65 
76 59 
33 95 
107 43 
83 71 
78 48 
17 19 
49 84 
117 107 
116 6 
107 104 
29 111 
115 87 
29 46 
105 23 
32 49 
73 5 
20 37 
32 116 
78 83 
92 88 
10 93 
114 63 
68 114 
15 29 
32 52 
97 91 
11 88 
88 83 
4 47 
22 55 
40 52 
73 103 
2 106 
60 15 
110 27 
63 37 
106 112 
95 89 
61 38 
76 79 
62 80 
73 66 
13 78 
43 34 
1 102 
113 117 
16 56 
43 83 
9 52 
108 61 
19 45 
17 78 
67 41 
44 26 
25 75 
18 33 
62 37 
41 116 
29 18 
64 116 
100 88 
30 14 
96 19 
80 93 
68 14 
96 93 
63 72 
113 75 
74 100 
20 67 
4 43 
100 52 
67 29 
40 38 
57 35 
79 80 
77 67 
45 115 
16 49 
66 37 
55 85 
87 11 
32 86 
24 110 
86 35 
37 5 
113 21 
113 87 
42 2 
24 81 
89 26 
92 93 
35 98 
39 59 
50 89 
58 68 
55 88 
61 62 
55 75 
27 51 
33 34 
13 3 
77 2 
7 64 
112 50 
72 22 
22 38 
65 98 
45 5 
100 21 
26 25 
60 70 
93 115 
104 79 
37 86 
4 16 
116 104 
48 53 
68 28 
107 26 
62 20 
46 93 
13 111 
47 114 
8 116 
91 67 
29 101 
84 73 
91 111 
7 110 
59 46 
51 49 
6 72 
42 83 
105 2 
45 69 
69 99 
113 64 
61 4 
82 110 
20 53 
57 36 
10 82 
90 39 
31 105 
32 79 
47 23 
79 94 
72 90 
7 73 
1 77 
2 7 
101 38 
116 84 
105 82 
77 83 
53 24 
9 80 
13 17 
69 55 
91 101 
29 4 
99 15 
85 84 
14 57 
50 63 
98 61 
116 76 
15 36 
105 44 
117 17 
114 48 
83 44 
69 94 
107 82 
79 19 
54 37 
16 106 
65 71 
96 28 
21 59 
79 97 
26 61 
38 11 
57 20 
36 78 
65 17 
32 75 
30 101 
97 36 
23 42 
75 98 
50 30 
12 58 
87 78 
30 31 
13 95 
94 110 
74 19 
108 42 
44 25 
85 3 
80 22 
56 6 
101 59 
65 14 
21 99 
69 23 
63 30 
61 88 
25 68 
46 115 
43 86 
53 34 
23 115 
64 28 
76 78 
67 11 
103 84 
74 58 
115 31 
84 42 
93 58 
26 38 
17 81 
41 6 
66 51 
97 55 
80 114 
102 20 
65 90 
7 70 
92 2 
44 50 
110 2 
41 75 
58 2 
34 1 
40 2 
71 39 
50 2 
83 80 
64 16 
29 40 
57 51 
44 66 
63 9 
61 52 
102 11 
29 105 
51 11 
110 45 
1 91 
37 22 
71 4 
4 79 
82 9 
22 27 
71 17 
53 42 
50 60 
107 40 
72 19 
74 71 
89 15 
50 95 
32 28 
62 98 
69 109 
68 73 
81 9 
41 10 
74 105 
85 33 
19 60 
74 45 
81 61 
78 99 
21 34 
68 103 
45 1 
69 105 
56 9 
34 101 
4 103 
71 80 
86 9 
61 115 
75 11 
30 109 
3 67 
32 54 
78 101 
39 18 
16 94 
58 56 
32 85 
87 42 
59 83 
98 32 
85 18 
80 32 
51 83 
57 52 
100 103 
114 79 
91 88 
34 87 
65 58 
109 113 
84 30 
113 104 
72 53 
62 28 
38 51 
52 14 
91 82 
60 4 
41 18 
30 116 
53 18 
104 8 
71 55 
71 6 
55 98 
70 37 
83 20 
100 91 
11 28 
97 53 
9 39 
38 87 
59 89 
16 89 
59 19 
95 39 
31 7 
68 45 
44 2 
38 96 
32 62 
70 66 
3 86 
72 114 
84 10 
44 93 
48 97 
100 8 
12 101 
33 12 
32 10 
85 52 
58 31 
115 29 
73 78 
15 91 
1 20 
50 102 
45 28 
25 48 
3 79 
10 51 
88 45 
55 76 
66 7 
4 100 
84 88 
96 50 
11 100 
28 14 
38 93 
69 26 
102 58 
67 30 
72 61 
87 5 
18 2 
116 86 
109 51 
43 95 
9 92 
48 111 
21 90 
50 25 
96 73 
78 66 
50 12 
96 53 
107 7 
86 68 
5 96 
18 20 
20 71 
25 92 
26 20 
70 24 
44 46 
13 31 
8 82 
22 42 
117 83 
40 112 
22 85 
69 34 
22 1 
6 107 
76 73 
33 75 
28 56 
13 10 
89 13 
31 18 
21 2 
37 88 
112 67 
113 10 
22 46 
93 20 
62 97 
109 87 
43 44 
105 83 
11 93 
10 24 
90 75 
14 22 
56 57 
16 37 
16 7 
107 74 
104 92 
91 76 
64 81 
55 20 
14 2 
115 74 
86 58 
57 61 
45 6 
71 2 
106 3 
116 59 
35 54 
17 11 
95 102 
67 6 
56 88 
104 106 
4 59 
13 116 
39 54 
25 90 
7 39 
84 40 
35 29 
95 22 
2 117 
81 7 
114 18 
18 74 
16 62 
90 77 
36 100 
45 76 
63 95 
66 79 
96 24 
40 60 
90 27 
59 8 
95 34 
58 55 
110 23 
7 91 
54 66 
61 78 
85 81 
87 13 
39 64 
53 83 
99 74 
51 71 
46 13 
85 116 
14 23 
15 30 
24 102 
114 39 
71 11 
30 62 
34 19 
94 51 
57 40 
98 105 
59 26 
106 107 
39 10 
55 112 
38 35 
38 62 
16 65 
84 60 
70 2 
82 36 
53 68 
85 68 
10 63 
68 44 
10 88 
97 39 
23 61 
76 12 
86 97 
61 56 
47 10 
3 54 
38 106 
61 60 
35 40 
1 56 
30 7 
16 10 
20 84 
60 71 
4 41 
38 65 
70 104 
102 6 
38 70 
22 53 
55 65 
59 57 
101 65 
70 90 
94 2 
102 113 
95 106 
88 93 
15 67 
85 6 
43 98 
21 29 
96 16 
102 3 
106 73 
75 82 
55 114 
56 115 
98 107 
100 86 
91 99 
10 102 
38 80 
26 37 
6 59 
96 32 
88 50 
93 48 
96 77 
26 111 
94 105 
95 103 
103 88 
90 30 
82 6 
94 17 
110 4 
54 93 
13 2 
65 112 
7 11 
82 96 
93 85 
10 50 
6 14 
87 63 
68 91 
20 82 
97 81 
41 36 
72 68 
34 111 
69 92 
103 30 
93 109 
38 57 
79 58 
41 61 
2 25 
69 3 
38 112 
111 35 
113 112 
18 98 
5 48 
22 48 
49 23 
104 109 
94 74 
102 51 
85 80 
63 91 
41 32 
41 117 
25 107 
15 93 
17 1 
109 82 
5 105 
72 3 
52 64 
18 25 
102 74 
31 99 
71 84 
69 10 
36 24 
30 97 
14 35 
85 28 
32 5 
43 7 
61 27 
50 110 
7 23 
93 9 
89 116 
74 39 
17 57 
49 4 
2 6 
96 74 
97 115 
101 53 
89 104 
40 103 
14 80 
98 36 
42 17 
69 74 
82 80 
30 8 
104 25 
62 84 
29 37 
89 25 
30 74 
36 25 
103 2 
35 45 
31 106 
105 87 
80 35 
51 46 
82 15 
19 73 
40 73 
30 43 
19 4 
95 110 
48 62 
93 70 
67 35 
31 56 
1 116 
58 111 
40 113 
91 8 
1 16 
95 86 
36 66 
92 34 
2 64 
89 93 
9 104 
21 64 
98 4 
36 60 
81 32 
43 66 
45 53 
87 55 
89 4 
26 90 
81 73 
84 110 
55 34 
86 39 
62 6 
72 4 
46 11 
106 45 
79 105 
53 69 
53 87 
31 69 
72 32 
2 101 
57 21 
65 33 
49 61 
104 94 
36 69 
19 82 
57 10 
37 115 
44 56 
37 55 
49 47 
28 38 
93 6 
9 35 
100 24 
60 23 
94 14 
97 113 
45 25 
83 47 
26 34 
4 91 
102 114 
91 30 
108 22 
53 104 
69 107 
34 79 
30 39 
72 8 
111 11 
97 8 
72 117 
66 77 
55 111 
67 10 
22 25 
68 109 
24 108 
113 31 
109 73 
58 16 
74 113 
73 12 
31 98 
8 105 
95 41 
84 15 
67 2 
63 77 
59 43 
58 50 
82 94 
110 17 
99 103 
82 61 
21 93 
85 29 
31 82 
51 54 
110 117 
31 77 
22 19 
80 109 
55 44 
96 18 
29 65 
37 114 
76 7 
67 8 
92 85 
82 53 
40 47 
27 114 
28 37 
30 78 
60 115 
43 54 
91 38 
9 100 
65 87 
70 91 
43 85 
105 11 
38 58 
109 99 
102 60 
58 46 
52 56 
26 101 
70 73 
52 96 
62 101 
42 6 
63 88 
95 108 
33 44 
90 91 
2 38 
58 10 
104 12 
83 84 
62 87 
61 6 
26 87 
56 107 
90 53 
93 75 
74 117 
45 42 
42 9 
59 2 
11 30 
45 109 
74 9 
40 96 
51 78 
102 19 
74 12 
94 54 
66 99 
29 116 
64 79 
97 15 
59 79 
41 2 
34 29 
60 111 
40 61 
18 94 
100 30 
79 6 
80 2 
62 5 
83 2 
43 109 
26 102 
90 94 
79 13 
111 101 
24 85 
99 75 
79 69 
101 16 
75 42 
112 34 
28 75 
108 20 
50 53 
106 14 
97 21 
101 90 
58 18 
27 81 
20 60 
72 58 
41 64 
2 29 
112 98 
81 35 
9 43 
115 7 
112 91 
51 1 
66 38 
22 112 
74 5 
115 103 
104 3 
114 104 
43 23 
13 92 
39 29 
91 94 
33 42 
45 65 
79 50 
18 67 
9 50 
105 112 
97 2 
85 83 
54 47 
74 36 
106 84 
13 36 
102 52 
75 97 
93 90 
19 25 
1 117 
71 97 
24 14 
54 64 
36 12 
13 60 
100 48 
9 83 
100 20 
15 116 
35 16 
93 35 
87 36 
99 117 
5 83 
71 28 
13 106 
45 108 
85 103 
96 8 
59 29 
56 73 
89 70 
24 28 
108 112 
86 17 
64 100 
115 90 
110 44 
56 2 
110 9 
5 114 
80 101 
52 4 
57 28 
88 98 
34 113 
52 114 
73 69 
103 60 
9 45 
63 55 
48 76 
42 69 
117 101 
3 15 
11 63 
75 49 
46 106 
87 89 
87 29 
52 11 
41 69 
7 97 
8 71 
81 55 
83 27 
1 35 
45 67 
112 3 
56 39 
20 54 
30 107 
72 73 
7 5 
59 82 
14 50 
23 104 
38 23 
54 117 
60 98 
39 117 
60 73 
68 17 
35 26 
94 77 
70 105 
49 56 
9 87 
82 17 
87 3 
77 56 
77 60 
63 28 
15 38 
114 92 
74 91 
115 111 
14 110 
82 3 
34 59 
80 53 
16 52 
57 109 
103 67 
82 11 
44 80 
85 7 
66 86 
95 14 
108 30 
68 77 
116 72 
91 9 
47 62 
63 85 
37 56 
44 67 
33 83 
76 84 
17 90 
85 115 
13 23 
43 72 
56 64 
34 28 
32 109 
104 95 
57 97 
12 107 
88 95 
40 108 
79 63 
34 30 
103 61 
53 71 
22 26 
49 59 
8 106 
33 77 
82 21 
93 28 
34 36 
93 19 
34 74 
3 46 
36 1 
113 36 
111 95 
23 109 
22 116 
75 63 
55 15 
89 64 
47 90 
4 67 
112 20 
78 106 
60 11 
112 14 
86 76 
67 85 
48 84 
65 62 
60 100 
46 15 
40 91 
76 38 
56 18 
40 4 
40 16 
113 99 
72 44 
117 81 
65 88 
90 14 
