154 4956 
1 40 204 268 188 112 229 268 180 17 50 75 67 248 221 171 12 65 287 81 197 4 153 240 48 94 183 41 191 91 120 108 163 280 283 93 204 103 44 108 146 158 10 74 290 182 35 61 112 40 249 62 45 238 200 172 284 15 137 243 164 51 23 284 21 139 267 144 50 110 204 300 77 75 299 135 208 130 88 284 270 220 118 294 18 300 146 246 196 254 24 59 19 46 207 32 156 155 118 203 127 295 145 113 150 67 141 194 288 24 32 159 28 264 137 183 187 239 239 189 291 276 206 268 123 49 140 213 170 149 17 228 273 255 86 268 98 108 64 229 278 164 125 97 81 129 78 77 291 241 29 105 19 102 
29 68 
107 69 
103 3 
101 56 
53 146 
54 7 
139 118 
143 70 
105 99 
111 62 
14 57 
22 19 
15 68 
49 107 
68 102 
144 133 
74 8 
52 16 
141 51 
92 124 
47 87 
47 129 
100 106 
5 145 
131 103 
14 154 
36 13 
29 108 
70 118 
118 90 
73 118 
27 60 
153 105 
118 150 
121 76 
14 7 
120 65 
118 75 
89 112 
150 62 
117 106 
92 60 
119 70 
45 100 
150 117 
92 62 
120 90 
78 30 
52 152 
117 95 
72 93 
131 127 
5 77 
125 140 
12 151 
82 69 
150 58 
52 64 
54 131 
44 139 
51 148 
123 5 
54 119 
50 32 
125 91 
9 93 
123 51 
9 70 
94 148 
8 118 
148 32 
94 9 
114 4 
57 90 
87 74 
54 89 
107 112 
2 50 
16 49 
131 35 
6 119 
31 6 
19 83 
26 34 
37 96 
79 14 
69 104 
136 31 
32 18 
133 141 
43 10 
14 59 
27 3 
55 120 
60 99 
135 138 
79 43 
34 99 
83 153 
89 115 
87 32 
32 74 
82 78 
7 102 
75 23 
47 122 
63 2 
151 124 
70 142 
140 146 
43 105 
136 128 
114 25 
65 3 
16 108 
129 59 
83 39 
81 63 
29 52 
4 10 
112 46 
103 41 
55 85 
51 119 
44 39 
46 135 
108 149 
97 55 
30 83 
107 40 
33 122 
98 81 
135 102 
53 7 
77 136 
16 61 
154 63 
26 25 
44 50 
89 63 
49 24 
88 40 
7 11 
85 22 
118 9 
110 20 
89 117 
54 94 
50 57 
28 139 
76 87 
40 144 
10 7 
104 135 
12 36 
92 38 
83 115 
69 22 
69 144 
136 68 
44 104 
35 114 
67 39 
120 81 
7 142 
124 85 
129 66 
136 75 
81 42 
66 34 
22 87 
84 142 
38 146 
148 59 
67 17 
14 71 
144 134 
148 40 
2 58 
98 82 
12 62 
123 131 
43 30 
116 62 
50 62 
127 25 
148 38 
69 36 
80 90 
39 149 
14 98 
21 65 
126 117 
146 8 
7 44 
54 28 
52 34 
98 64 
153 135 
129 86 
126 154 
92 41 
132 111 
108 31 
65 88 
19 147 
111 116 
91 57 
111 106 
38 132 
95 82 
101 10 
154 143 
92 119 
119 50 
89 145 
80 51 
120 132 
25 42 
123 128 
128 89 
65 43 
133 26 
118 95 
53 141 
103 135 
38 22 
3 34 
92 139 
6 101 
140 137 
54 8 
75 138 
97 14 
74 136 
72 52 
70 5 
40 112 
22 55 
48 151 
59 5 
74 25 
64 87 
8 145 
144 76 
104 72 
109 26 
67 30 
152 62 
52 70 
70 51 
3 37 
148 105 
27 85 
145 10 
78 127 
3 22 
7 78 
135 96 
79 36 
49 26 
144 12 
27 149 
150 27 
91 43 
104 74 
64 91 
99 79 
98 114 
58 98 
94 78 
17 122 
121 48 
121 125 
127 133 
60 35 
50 80 
23 81 
89 130 
115 73 
6 5 
145 86 
115 84 
102 14 
117 88 
45 137 
68 69 
115 119 
71 121 
154 59 
98 138 
72 102 
120 47 
139 93 
55 46 
14 143 
129 89 
104 154 
131 62 
56 50 
127 64 
92 20 
136 72 
65 89 
43 131 
43 110 
59 94 
8 28 
102 100 
28 114 
59 48 
113 22 
110 31 
65 32 
135 36 
132 96 
40 17 
31 22 
111 4 
13 93 
20 124 
13 144 
31 13 
102 92 
93 143 
123 97 
11 70 
118 44 
23 122 
52 32 
135 92 
147 39 
132 123 
75 95 
48 64 
145 39 
87 55 
80 66 
132 134 
20 73 
151 106 
124 100 
88 138 
91 61 
95 74 
55 153 
66 141 
23 13 
104 105 
135 150 
22 44 
152 42 
53 46 
58 45 
138 130 
143 107 
148 152 
23 93 
54 86 
37 7 
22 80 
64 86 
78 113 
58 22 
48 154 
14 140 
39 82 
74 84 
48 57 
8 154 
64 97 
47 116 
79 145 
10 68 
91 53 
101 115 
39 29 
17 136 
98 117 
154 68 
118 81 
75 142 
86 36 
96 104 
122 54 
80 35 
51 46 
55 88 
42 55 
111 3 
92 107 
76 133 
3 62 
91 149 
2 17 
106 44 
51 79 
120 116 
133 46 
107 105 
127 88 
107 82 
32 38 
115 128 
61 7 
148 147 
1 46 
44 151 
148 45 
129 114 
133 32 
108 30 
11 63 
118 72 
8 90 
37 150 
65 17 
39 98 
142 45 
31 59 
45 5 
108 63 
149 77 
111 135 
105 15 
126 18 
1 49 
35 104 
94 146 
50 86 
44 95 
25 37 
94 15 
57 133 
44 20 
122 10 
61 50 
40 119 
124 12 
131 56 
79 66 
46 110 
79 82 
31 30 
148 47 
84 150 
116 10 
135 152 
88 77 
151 110 
123 33 
126 108 
29 26 
97 132 
35 58 
87 113 
131 125 
114 5 
59 71 
144 39 
35 89 
112 149 
12 64 
50 73 
30 129 
152 40 
7 80 
117 153 
99 102 
57 145 
128 20 
150 104 
79 76 
123 137 
83 107 
20 11 
151 51 
60 90 
54 30 
73 122 
42 40 
108 98 
47 111 
95 18 
47 27 
122 82 
145 49 
135 90 
12 22 
108 53 
5 107 
112 72 
63 40 
106 36 
89 15 
81 13 
56 73 
97 80 
54 154 
27 30 
72 147 
12 29 
117 60 
98 103 
111 36 
127 154 
35 148 
27 16 
118 61 
39 104 
28 78 
31 112 
98 97 
78 136 
144 15 
48 29 
117 139 
60 107 
136 87 
26 56 
55 91 
153 77 
32 101 
120 95 
85 82 
72 71 
134 115 
65 73 
40 18 
128 124 
56 20 
146 67 
95 35 
110 133 
100 153 
4 75 
82 73 
120 71 
109 106 
144 92 
154 39 
111 48 
151 37 
135 51 
2 108 
112 153 
11 28 
81 130 
53 51 
122 13 
103 113 
104 151 
30 116 
88 24 
63 64 
40 97 
85 137 
142 105 
73 19 
107 120 
143 53 
28 62 
141 1 
7 15 
21 52 
18 66 
95 133 
144 22 
27 68 
116 59 
29 40 
9 23 
52 89 
83 95 
120 127 
93 95 
58 11 
114 101 
33 73 
39 107 
11 13 
38 95 
58 146 
125 80 
4 43 
146 89 
91 32 
147 87 
62 129 
76 89 
84 105 
59 44 
80 129 
114 106 
131 82 
154 153 
128 40 
45 147 
27 49 
110 83 
109 44 
143 124 
4 115 
130 126 
132 115 
104 100 
147 116 
118 77 
104 144 
110 148 
14 150 
39 5 
132 103 
95 92 
21 109 
68 25 
28 49 
88 76 
65 22 
16 31 
39 141 
40 32 
43 46 
93 77 
113 131 
5 62 
87 38 
29 104 
122 49 
60 4 
93 35 
63 24 
59 51 
113 81 
9 49 
133 63 
132 68 
107 106 
46 140 
137 1 
50 146 
61 28 
124 134 
93 82 
21 43 
141 96 
103 146 
67 148 
35 126 
72 122 
122 57 
39 115 
124 27 
88 83 
23 99 
97 79 
51 81 
15 52 
48 86 
64 116 
64 69 
40 6 
75 117 
154 69 
46 26 
59 86 
126 88 
52 65 
123 144 
152 151 
146 107 
26 52 
1 16 
139 18 
45 106 
19 102 
52 13 
134 110 
137 133 
122 91 
129 60 
124 133 
22 126 
106 26 
64 80 
113 36 
33 63 
78 23 
119 14 
153 73 
87 82 
52 81 
71 141 
109 91 
42 32 
116 86 
92 86 
20 33 
55 81 
9 28 
138 60 
62 83 
153 96 
25 70 
80 65 
128 139 
57 151 
81 127 
97 10 
52 153 
121 54 
66 21 
99 144 
90 26 
42 140 
119 43 
5 138 
132 36 
149 47 
9 143 
114 118 
5 52 
31 140 
27 22 
30 26 
153 123 
26 14 
77 3 
102 130 
51 120 
129 6 
139 14 
119 141 
139 36 
15 73 
57 4 
10 138 
78 9 
36 143 
75 60 
82 123 
116 142 
138 141 
127 13 
109 108 
13 86 
29 60 
100 25 
119 71 
57 15 
65 116 
132 101 
92 90 
99 58 
150 3 
47 12 
65 56 
83 13 
151 67 
35 59 
134 64 
108 116 
108 13 
39 45 
15 71 
119 98 
122 152 
93 114 
76 131 
28 77 
91 9 
85 81 
139 103 
42 44 
84 25 
3 29 
141 43 
74 41 
87 152 
17 108 
127 66 
123 71 
34 51 
39 31 
153 39 
151 95 
136 100 
6 107 
49 130 
125 15 
97 96 
15 34 
64 137 
153 88 
38 114 
38 93 
94 83 
112 23 
85 128 
126 77 
127 16 
80 101 
131 128 
121 120 
85 66 
16 10 
43 97 
153 6 
119 7 
61 67 
136 71 
99 86 
124 91 
62 64 
82 60 
139 45 
66 37 
153 17 
152 82 
45 102 
47 20 
10 104 
141 47 
105 94 
147 6 
22 60 
35 23 
50 12 
74 4 
78 102 
16 43 
82 41 
80 134 
77 65 
139 8 
109 37 
130 98 
30 59 
76 118 
103 80 
122 86 
66 50 
96 11 
43 114 
80 59 
52 136 
154 134 
63 99 
150 55 
24 52 
124 137 
81 58 
113 97 
24 137 
71 79 
142 86 
73 85 
28 65 
96 29 
33 8 
63 60 
84 148 
3 30 
104 27 
117 79 
147 26 
4 14 
122 142 
95 112 
89 149 
151 78 
101 100 
140 124 
112 60 
16 56 
117 112 
134 35 
39 54 
43 84 
73 151 
61 93 
12 118 
60 119 
4 113 
98 96 
71 20 
24 85 
22 52 
85 21 
121 33 
136 3 
14 74 
100 142 
84 55 
28 151 
55 107 
117 34 
49 134 
147 119 
66 82 
56 15 
23 143 
145 70 
3 25 
93 29 
111 145 
44 55 
121 112 
141 136 
68 56 
40 65 
127 150 
25 123 
60 7 
63 49 
25 53 
42 9 
118 112 
127 98 
35 76 
26 36 
57 67 
54 47 
28 85 
58 148 
134 61 
15 115 
33 105 
5 127 
143 103 
55 141 
97 76 
73 39 
71 21 
8 50 
6 89 
123 58 
134 58 
21 82 
26 41 
93 125 
60 57 
50 28 
46 101 
77 27 
133 140 
128 56 
4 24 
148 87 
4 145 
133 131 
97 71 
13 148 
40 56 
26 58 
131 64 
111 18 
93 50 
21 77 
27 113 
93 4 
148 78 
146 66 
11 130 
144 113 
113 66 
136 149 
126 84 
41 118 
142 55 
127 148 
68 41 
21 84 
53 85 
17 19 
4 86 
130 95 
6 8 
125 14 
40 79 
117 17 
153 121 
142 77 
122 2 
31 82 
14 30 
5 129 
127 124 
5 60 
31 127 
85 40 
120 56 
142 6 
6 28 
38 151 
111 35 
32 86 
43 1 
108 40 
100 78 
31 96 
26 113 
16 80 
32 83 
79 87 
37 50 
8 56 
26 7 
95 86 
29 5 
24 118 
98 105 
141 21 
96 109 
83 34 
149 30 
71 134 
126 48 
66 33 
54 9 
66 77 
31 125 
85 107 
69 15 
84 38 
134 126 
83 64 
112 56 
79 138 
145 54 
134 112 
72 45 
62 86 
74 144 
72 128 
85 148 
29 43 
28 97 
70 49 
89 80 
75 121 
54 75 
127 9 
34 44 
26 51 
137 96 
3 102 
89 64 
126 152 
18 7 
52 68 
90 115 
119 63 
40 141 
118 25 
133 71 
83 131 
7 134 
149 55 
60 109 
66 76 
113 21 
54 141 
42 82 
70 112 
151 98 
97 11 
139 145 
59 109 
132 43 
75 28 
80 82 
147 51 
80 28 
124 101 
150 60 
70 56 
141 111 
104 120 
66 15 
78 129 
76 74 
13 118 
23 82 
141 45 
140 45 
1 28 
67 112 
55 51 
4 39 
4 32 
145 96 
56 58 
46 3 
65 49 
3 44 
145 95 
127 146 
154 109 
63 101 
97 87 
19 97 
127 99 
34 137 
109 42 
86 151 
115 34 
118 47 
31 90 
44 114 
154 93 
63 149 
99 30 
147 117 
62 104 
112 37 
37 103 
22 127 
122 148 
48 3 
152 103 
52 138 
142 112 
24 89 
18 29 
148 21 
93 34 
87 8 
41 117 
64 53 
63 131 
94 76 
52 69 
55 98 
5 31 
57 147 
148 27 
124 76 
79 67 
51 109 
64 85 
50 49 
153 75 
54 70 
17 89 
70 131 
7 77 
29 89 
34 122 
81 62 
98 27 
66 8 
63 10 
20 139 
128 68 
46 119 
106 91 
39 97 
6 16 
122 110 
78 13 
147 8 
62 123 
7 6 
49 124 
42 47 
69 73 
82 15 
85 39 
138 12 
37 142 
69 32 
31 43 
39 78 
102 63 
41 138 
31 105 
152 125 
134 138 
70 137 
125 47 
149 34 
124 22 
27 119 
10 100 
45 49 
154 90 
72 32 
83 43 
103 49 
37 29 
48 1 
110 78 
142 83 
36 151 
6 43 
10 149 
129 7 
144 7 
127 3 
3 24 
1 7 
72 8 
135 18 
94 145 
109 136 
63 71 
23 20 
19 77 
146 150 
89 150 
27 131 
96 148 
66 112 
102 123 
109 110 
112 16 
150 116 
8 55 
140 128 
93 132 
98 46 
83 149 
3 55 
110 142 
85 16 
107 94 
131 97 
146 119 
96 154 
127 92 
45 93 
127 43 
30 87 
28 66 
153 80 
152 17 
18 117 
72 26 
106 89 
72 17 
116 93 
22 15 
89 122 
127 100 
20 55 
67 14 
47 39 
118 106 
34 121 
6 14 
122 126 
74 137 
23 151 
15 110 
83 12 
124 141 
148 88 
45 118 
36 82 
91 123 
34 118 
141 8 
5 69 
125 7 
47 151 
55 129 
35 7 
85 57 
84 56 
135 50 
135 43 
52 140 
5 113 
40 100 
90 9 
57 143 
26 87 
2 35 
76 111 
138 74 
80 78 
13 84 
13 79 
9 113 
122 144 
149 12 
135 25 
93 97 
108 57 
22 140 
27 102 
130 48 
104 141 
137 44 
119 30 
107 56 
103 67 
97 82 
39 95 
88 102 
17 144 
131 28 
7 32 
74 29 
117 3 
148 14 
106 15 
153 97 
112 85 
93 55 
135 3 
86 87 
8 112 
87 42 
50 131 
48 37 
97 5 
150 138 
145 28 
152 39 
147 134 
105 73 
29 124 
124 58 
9 138 
67 7 
71 152 
138 140 
103 42 
56 2 
115 10 
35 84 
88 10 
152 75 
105 101 
72 149 
18 10 
73 30 
61 1 
153 86 
62 142 
113 6 
10 21 
94 45 
14 85 
57 119 
111 67 
76 42 
55 116 
5 120 
56 133 
142 30 
133 109 
113 69 
139 26 
88 5 
102 34 
24 30 
153 49 
134 8 
103 1 
25 22 
75 44 
38 133 
153 124 
89 109 
113 95 
11 89 
48 112 
26 137 
10 57 
86 100 
136 47 
16 138 
45 63 
8 103 
101 98 
154 15 
15 11 
25 101 
125 32 
102 56 
73 66 
5 104 
143 123 
24 55 
128 65 
52 146 
135 1 
74 117 
25 132 
60 101 
5 72 
79 50 
146 44 
153 142 
106 27 
122 65 
140 83 
119 90 
95 7 
65 134 
27 80 
7 5 
42 92 
121 84 
153 41 
61 42 
59 81 
104 8 
79 32 
42 118 
144 30 
17 102 
63 139 
140 54 
30 55 
79 17 
84 30 
139 12 
133 83 
127 141 
74 106 
104 153 
26 128 
111 142 
24 151 
8 94 
85 61 
152 25 
142 69 
118 146 
16 53 
52 93 
70 144 
130 4 
76 20 
124 46 
68 64 
103 26 
29 140 
8 51 
143 140 
151 32 
153 3 
123 92 
38 96 
86 97 
95 139 
3 137 
26 22 
41 96 
125 77 
9 81 
36 44 
98 70 
58 27 
72 2 
88 99 
3 17 
142 154 
55 118 
76 24 
45 32 
129 102 
66 5 
79 140 
140 43 
33 128 
12 14 
35 100 
4 27 
33 23 
12 34 
122 64 
87 130 
154 152 
96 152 
5 98 
153 87 
124 35 
77 10 
99 126 
9 85 
85 43 
71 137 
84 124 
83 65 
100 11 
2 61 
5 35 
137 84 
16 88 
154 56 
17 45 
65 135 
36 11 
57 18 
23 140 
141 50 
102 91 
58 53 
136 99 
132 107 
16 133 
101 126 
123 46 
125 153 
4 81 
61 130 
111 50 
84 81 
45 13 
20 28 
139 51 
89 67 
147 152 
106 115 
85 63 
151 70 
146 3 
91 135 
90 49 
109 46 
30 40 
75 108 
139 56 
144 96 
59 46 
110 130 
102 16 
11 93 
114 128 
133 69 
42 147 
146 83 
148 90 
55 148 
29 47 
52 36 
41 90 
3 126 
57 144 
138 63 
109 151 
78 18 
88 142 
120 42 
99 51 
96 68 
126 16 
113 148 
89 79 
34 148 
45 135 
71 43 
35 62 
138 143 
29 122 
13 110 
65 131 
85 102 
61 98 
17 131 
85 92 
48 41 
45 27 
132 149 
122 136 
52 75 
95 121 
153 57 
19 61 
131 120 
79 98 
70 62 
78 147 
46 5 
20 144 
21 47 
117 116 
54 139 
114 124 
78 99 
118 83 
80 49 
113 112 
49 109 
43 130 
1 66 
84 98 
104 25 
151 76 
138 108 
70 32 
9 151 
5 34 
91 40 
12 121 
53 102 
50 149 
33 53 
63 118 
29 87 
65 18 
34 72 
13 113 
34 138 
2 97 
153 22 
33 43 
140 151 
46 35 
141 137 
110 125 
129 141 
130 76 
109 145 
58 152 
38 71 
123 87 
122 51 
131 25 
61 39 
150 47 
72 40 
64 38 
94 111 
40 105 
115 80 
29 55 
40 41 
45 154 
95 20 
61 120 
95 149 
130 57 
104 147 
127 121 
110 136 
117 146 
16 146 
103 110 
10 32 
74 115 
135 132 
99 150 
10 29 
13 50 
101 44 
24 41 
44 89 
39 150 
148 98 
54 84 
92 10 
94 32 
145 120 
16 59 
121 17 
113 62 
38 86 
62 60 
127 57 
14 5 
69 48 
114 125 
23 123 
72 20 
53 21 
91 1 
116 6 
134 75 
131 29 
132 18 
65 44 
117 62 
25 27 
151 94 
10 54 
91 95 
74 79 
83 76 
70 126 
10 48 
70 110 
32 96 
130 53 
119 103 
7 20 
132 2 
19 58 
70 90 
132 140 
129 41 
6 102 
112 102 
138 47 
68 127 
46 39 
152 138 
29 91 
141 144 
102 154 
103 21 
17 103 
8 111 
128 119 
92 152 
116 2 
72 127 
11 107 
123 89 
84 63 
18 62 
120 115 
133 150 
127 10 
106 82 
13 63 
19 79 
29 61 
47 153 
85 4 
48 102 
129 128 
32 37 
49 115 
76 38 
62 33 
38 68 
36 72 
29 106 
18 106 
23 51 
54 109 
76 99 
127 82 
71 61 
17 59 
37 134 
105 114 
97 17 
30 139 
101 30 
77 75 
17 127 
127 1 
8 25 
42 141 
30 10 
10 110 
54 62 
98 139 
5 118 
101 116 
87 128 
147 33 
136 32 
111 112 
104 85 
83 108 
11 112 
97 22 
76 149 
4 8 
65 33 
126 61 
99 148 
8 151 
74 103 
67 11 
4 116 
133 54 
107 87 
55 132 
93 92 
83 49 
53 18 
26 118 
94 49 
69 123 
98 152 
150 49 
22 56 
96 4 
66 136 
31 53 
62 103 
47 139 
119 26 
85 42 
39 58 
12 150 
29 98 
7 25 
58 109 
41 87 
145 140 
3 131 
101 96 
152 19 
22 120 
81 5 
151 141 
147 112 
62 40 
107 8 
2 55 
71 144 
87 56 
56 130 
70 135 
26 71 
74 59 
153 70 
114 42 
66 51 
144 37 
154 120 
71 130 
130 86 
55 106 
112 140 
48 2 
36 127 
135 49 
4 51 
106 83 
30 32 
41 122 
2 39 
90 83 
138 37 
111 121 
31 124 
122 67 
5 54 
108 70 
131 121 
17 74 
98 67 
98 52 
2 101 
1 96 
118 154 
90 22 
134 5 
152 133 
117 134 
1 29 
64 13 
69 138 
37 98 
87 115 
74 154 
93 96 
41 124 
137 93 
79 59 
147 154 
70 26 
12 154 
97 74 
5 30 
1 131 
146 48 
132 29 
119 139 
151 33 
72 119 
89 73 
64 36 
71 82 
16 29 
65 19 
70 84 
39 135 
80 114 
94 124 
115 29 
18 8 
58 42 
100 17 
58 106 
5 99 
8 1 
67 2 
67 93 
37 16 
46 143 
147 109 
12 56 
46 144 
134 146 
86 28 
73 55 
95 57 
99 20 
80 9 
147 22 
91 54 
95 49 
45 56 
60 36 
80 91 
57 64 
101 38 
55 109 
10 3 
6 99 
42 26 
153 132 
122 36 
141 110 
93 105 
129 144 
26 105 
67 82 
80 31 
63 117 
110 120 
59 70 
13 32 
83 97 
93 59 
86 44 
144 35 
139 19 
10 73 
21 107 
93 66 
16 69 
56 30 
51 132 
85 94 
109 100 
25 122 
50 90 
1 113 
29 21 
147 4 
7 94 
14 65 
81 70 
23 28 
117 58 
55 144 
72 50 
146 47 
118 97 
47 100 
25 126 
150 70 
78 141 
110 76 
109 86 
40 64 
110 44 
146 54 
78 69 
12 2 
125 90 
119 47 
42 74 
122 52 
88 71 
13 71 
64 106 
69 96 
100 131 
61 151 
130 139 
50 117 
8 42 
93 90 
99 124 
75 146 
32 128 
49 56 
83 70 
27 23 
110 90 
77 148 
119 154 
60 102 
50 43 
38 75 
119 95 
113 19 
53 41 
43 109 
93 140 
120 27 
51 153 
92 120 
92 25 
19 89 
140 95 
103 65 
63 41 
31 8 
99 56 
114 37 
58 17 
60 141 
145 106 
107 124 
102 104 
30 127 
4 131 
138 21 
5 93 
30 140 
125 59 
88 111 
135 120 
74 94 
6 3 
67 28 
4 41 
112 69 
129 14 
108 56 
117 64 
65 144 
72 84 
144 1 
89 91 
105 131 
129 44 
22 7 
42 98 
107 71 
86 25 
62 140 
1 109 
39 56 
81 67 
99 121 
154 3 
101 51 
106 140 
148 120 
154 4 
87 137 
75 69 
74 98 
18 96 
147 14 
55 56 
119 52 
122 147 
21 34 
82 32 
124 130 
39 12 
45 125 
79 28 
40 106 
90 143 
41 18 
89 46 
35 147 
93 46 
140 28 
61 9 
98 30 
49 152 
40 22 
55 105 
108 133 
79 153 
149 122 
66 87 
116 85 
11 65 
27 57 
106 56 
117 48 
67 83 
7 41 
14 142 
149 80 
145 13 
54 41 
73 135 
14 32 
68 45 
111 120 
107 13 
55 7 
29 24 
82 134 
50 89 
98 77 
80 131 
1 119 
44 41 
64 114 
24 86 
63 50 
143 83 
154 151 
57 94 
100 89 
25 119 
133 79 
118 116 
100 108 
117 140 
143 112 
116 103 
135 83 
148 146 
97 138 
2 68 
113 32 
5 76 
110 26 
74 16 
68 33 
131 132 
65 112 
140 139 
25 11 
134 23 
22 2 
74 20 
92 39 
52 49 
138 91 
111 107 
83 122 
38 73 
123 119 
85 138 
71 128 
11 45 
66 70 
9 98 
30 57 
55 47 
30 94 
87 116 
77 110 
4 137 
101 139 
56 129 
53 125 
56 113 
121 42 
38 109 
125 99 
96 57 
57 115 
106 108 
76 126 
141 58 
92 32 
54 33 
128 44 
147 75 
114 76 
142 132 
66 62 
86 43 
19 41 
150 32 
88 70 
148 39 
76 16 
10 87 
5 41 
68 107 
32 41 
132 80 
66 38 
122 107 
143 29 
91 120 
106 6 
152 142 
116 148 
109 118 
19 132 
20 119 
110 51 
42 138 
85 72 
68 67 
129 42 
59 121 
76 71 
71 69 
128 117 
109 29 
58 139 
114 31 
66 138 
149 98 
75 116 
74 54 
35 1 
30 33 
126 1 
142 59 
126 90 
59 153 
120 149 
27 145 
7 153 
81 107 
14 38 
32 35 
151 143 
66 116 
80 122 
151 5 
64 33 
108 48 
110 57 
7 49 
10 86 
115 37 
50 70 
101 77 
135 86 
34 74 
40 76 
65 45 
84 15 
117 78 
150 102 
47 62 
96 35 
82 17 
35 75 
135 106 
85 48 
47 97 
86 88 
32 24 
5 20 
135 12 
86 55 
124 149 
52 130 
63 86 
81 46 
110 94 
6 48 
59 117 
62 84 
31 34 
80 53 
5 23 
11 143 
10 46 
88 14 
33 152 
123 75 
134 106 
102 46 
119 16 
26 74 
92 111 
126 79 
35 41 
124 106 
28 113 
146 12 
51 92 
126 133 
95 54 
130 114 
132 6 
107 2 
84 149 
13 91 
97 134 
129 9 
44 80 
56 147 
78 88 
100 23 
61 17 
88 147 
68 123 
107 93 
21 56 
11 101 
107 37 
27 153 
99 103 
46 27 
97 151 
64 65 
151 43 
46 130 
21 15 
36 56 
81 27 
36 104 
18 27 
126 40 
133 47 
4 6 
15 102 
12 40 
8 96 
35 103 
26 23 
140 118 
48 131 
63 95 
74 96 
131 87 
32 144 
131 13 
24 112 
25 94 
153 138 
82 110 
112 47 
114 13 
72 95 
43 48 
114 9 
54 126 
98 47 
28 150 
82 28 
131 41 
37 90 
73 123 
58 60 
31 99 
5 3 
120 53 
146 114 
85 115 
66 143 
2 53 
75 80 
77 39 
134 22 
95 62 
77 85 
27 64 
18 98 
77 76 
146 63 
127 93 
146 113 
57 114 
33 42 
133 31 
146 115 
7 148 
44 9 
154 80 
114 55 
150 105 
22 145 
44 122 
153 149 
44 11 
120 136 
110 58 
41 75 
58 52 
11 108 
116 146 
115 32 
50 46 
70 117 
87 4 
34 146 
37 30 
96 80 
22 33 
6 36 
58 12 
124 36 
36 59 
84 141 
82 96 
100 43 
86 139 
150 139 
124 65 
145 81 
24 122 
34 81 
50 7 
70 86 
76 129 
42 101 
111 99 
85 95 
137 94 
69 137 
21 67 
84 52 
76 148 
55 117 
1 65 
30 74 
107 73 
85 132 
17 16 
20 81 
117 73 
145 32 
68 145 
137 39 
127 91 
131 58 
32 110 
22 133 
111 137 
129 135 
145 76 
72 43 
96 83 
79 42 
35 61 
55 27 
108 141 
46 88 
144 152 
87 11 
21 62 
66 100 
154 84 
4 92 
145 127 
51 3 
140 87 
98 124 
95 78 
116 11 
91 26 
152 134 
23 16 
82 37 
35 140 
128 99 
153 131 
141 5 
31 76 
69 20 
42 137 
57 72 
28 122 
62 8 
78 133 
65 93 
9 59 
79 85 
112 116 
76 37 
86 49 
83 44 
135 31 
84 117 
120 1 
53 5 
94 13 
7 118 
143 71 
6 71 
40 14 
11 59 
27 74 
35 82 
85 86 
37 1 
15 149 
115 139 
123 150 
58 89 
90 63 
65 35 
91 14 
109 35 
121 22 
47 134 
45 81 
49 19 
104 130 
42 150 
128 64 
38 80 
54 44 
88 121 
64 107 
24 57 
23 95 
3 23 
129 137 
8 95 
84 65 
86 65 
118 138 
116 140 
94 143 
90 5 
122 26 
96 17 
130 16 
105 21 
76 91 
146 74 
34 100 
14 131 
49 35 
56 105 
95 114 
42 16 
108 76 
127 153 
46 47 
110 4 
147 21 
61 58 
17 92 
56 138 
144 154 
96 30 
23 117 
50 120 
114 85 
1 97 
11 76 
25 45 
50 142 
37 148 
37 58 
126 113 
150 149 
66 144 
120 129 
34 27 
93 122 
39 68 
73 67 
118 123 
88 63 
70 40 
145 113 
129 98 
153 61 
18 33 
102 101 
113 67 
107 38 
57 146 
150 73 
151 68 
37 108 
11 91 
74 73 
45 41 
110 98 
10 49 
63 7 
82 5 
117 35 
104 4 
142 150 
65 8 
45 71 
80 94 
57 1 
128 51 
122 109 
102 141 
81 16 
54 51 
31 85 
23 53 
140 39 
92 47 
122 74 
119 37 
63 112 
117 53 
9 115 
101 92 
96 12 
57 51 
64 29 
37 130 
55 67 
76 56 
26 81 
102 21 
100 63 
52 85 
5 149 
132 89 
128 107 
4 9 
113 137 
30 86 
5 146 
119 23 
145 104 
102 79 
109 57 
7 101 
44 94 
9 128 
57 26 
83 40 
23 101 
142 36 
33 91 
153 108 
101 67 
80 24 
128 79 
19 70 
50 42 
153 46 
138 148 
143 60 
48 136 
83 86 
104 64 
79 100 
153 28 
11 138 
83 36 
7 132 
41 71 
130 123 
36 101 
22 119 
56 137 
27 97 
123 109 
37 92 
59 149 
76 51 
125 92 
9 106 
104 89 
79 11 
101 57 
50 1 
144 62 
102 36 
89 84 
31 54 
108 93 
66 61 
40 55 
37 21 
11 69 
105 7 
6 44 
40 24 
131 57 
67 47 
28 96 
39 63 
127 152 
111 81 
69 92 
139 17 
137 153 
73 21 
124 152 
129 100 
39 103 
78 64 
150 35 
102 131 
58 140 
71 18 
128 127 
100 26 
81 24 
18 116 
43 99 
50 110 
111 65 
35 141 
45 75 
142 109 
99 59 
115 133 
40 77 
151 83 
114 96 
80 79 
24 72 
81 101 
86 56 
46 6 
107 121 
9 73 
19 136 
129 53 
45 112 
51 133 
14 149 
57 139 
108 58 
143 102 
123 139 
83 121 
97 122 
55 64 
94 18 
85 78 
117 66 
6 67 
93 44 
94 62 
25 32 
118 130 
1 4 
9 34 
147 107 
62 82 
14 29 
25 52 
17 27 
25 1 
30 122 
89 85 
139 77 
62 15 
55 103 
53 90 
40 38 
52 50 
142 41 
58 3 
144 91 
96 65 
124 95 
77 154 
100 123 
29 49 
152 123 
77 106 
62 38 
94 150 
49 102 
143 67 
140 2 
65 13 
42 67 
35 135 
106 7 
128 49 
149 97 
87 57 
13 72 
44 73 
91 100 
123 26 
130 79 
80 19 
99 137 
142 121 
104 68 
29 51 
118 128 
76 46 
149 128 
64 84 
126 116 
142 52 
40 96 
26 47 
113 90 
105 87 
21 95 
4 5 
34 13 
15 81 
141 132 
51 146 
82 20 
53 82 
30 53 
112 130 
97 103 
76 14 
10 142 
21 88 
150 96 
20 58 
108 45 
75 51 
90 121 
60 16 
51 84 
94 58 
133 60 
70 104 
42 4 
89 90 
126 91 
72 80 
70 22 
135 154 
86 79 
131 107 
144 85 
123 47 
48 89 
62 4 
109 152 
33 72 
109 148 
124 108 
54 24 
15 111 
17 62 
78 27 
119 114 
53 81 
119 35 
82 140 
142 35 
44 37 
87 94 
36 148 
134 153 
10 137 
39 121 
57 132 
124 80 
23 104 
97 104 
145 143 
12 71 
7 70 
50 21 
152 86 
50 112 
72 6 
136 132 
60 19 
152 30 
143 22 
49 4 
75 27 
6 25 
83 116 
128 100 
65 36 
145 48 
47 79 
40 145 
146 145 
104 106 
134 91 
45 51 
117 47 
95 31 
42 131 
60 132 
7 21 
21 49 
153 31 
148 125 
56 64 
37 52 
107 35 
64 142 
86 106 
134 87 
103 86 
93 83 
83 89 
68 9 
113 125 
1 132 
58 119 
52 35 
71 114 
49 110 
111 148 
72 98 
43 9 
28 42 
131 12 
99 130 
122 31 
66 110 
90 1 
106 32 
95 16 
153 16 
16 5 
140 26 
135 108 
25 98 
42 134 
17 30 
151 93 
53 13 
64 49 
87 23 
85 56 
152 89 
106 81 
71 90 
145 118 
89 138 
13 74 
25 93 
145 77 
66 90 
56 146 
114 142 
132 77 
144 67 
41 21 
4 107 
113 96 
152 99 
11 21 
145 135 
102 47 
150 46 
10 111 
25 153 
136 139 
115 142 
119 84 
145 41 
78 109 
119 29 
75 56 
28 76 
136 121 
6 108 
23 57 
26 86 
51 114 
7 123 
130 90 
37 100 
44 38 
9 13 
45 70 
120 142 
47 38 
16 129 
97 139 
48 83 
111 82 
27 38 
60 77 
32 62 
148 108 
55 123 
63 121 
127 90 
9 2 
27 1 
133 74 
62 39 
39 8 
5 42 
141 115 
63 116 
110 27 
4 102 
7 122 
117 125 
89 135 
88 64 
100 56 
88 4 
22 146 
67 86 
9 58 
65 149 
6 96 
5 117 
1 118 
8 70 
141 134 
125 43 
2 150 
14 124 
36 66 
1 26 
63 114 
136 94 
20 26 
30 145 
133 139 
23 56 
14 101 
20 86 
135 6 
24 148 
120 46 
127 107 
121 58 
85 110 
101 149 
25 97 
91 82 
31 24 
122 68 
27 56 
29 142 
107 16 
94 46 
20 111 
25 90 
15 74 
44 132 
94 116 
87 119 
125 122 
144 126 
57 112 
151 111 
88 119 
64 32 
149 11 
62 85 
2 83 
17 84 
23 58 
152 24 
85 111 
26 152 
103 151 
134 2 
134 86 
69 83 
40 139 
32 103 
75 22 
32 147 
38 126 
56 91 
88 146 
117 21 
79 93 
51 111 
106 146 
10 80 
44 88 
78 49 
85 106 
34 96 
46 147 
97 21 
114 11 
144 10 
99 28 
144 88 
126 42 
88 36 
65 132 
91 12 
59 38 
70 18 
29 63 
135 10 
40 51 
93 56 
94 135 
70 13 
32 102 
106 42 
49 125 
83 130 
47 72 
19 42 
21 30 
134 148 
137 67 
145 98 
45 130 
109 39 
125 138 
140 148 
59 37 
145 87 
34 91 
84 127 
26 92 
141 97 
78 3 
93 53 
23 1 
125 39 
35 138 
5 130 
2 92 
107 31 
147 113 
126 120 
147 86 
11 131 
133 15 
1 80 
1 58 
20 101 
12 8 
130 92 
65 51 
41 81 
72 82 
83 21 
129 148 
38 102 
81 38 
14 75 
83 1 
38 18 
91 140 
79 83 
114 77 
144 111 
11 51 
91 30 
47 94 
153 113 
17 146 
2 51 
73 51 
107 30 
8 108 
107 53 
107 86 
69 14 
16 75 
153 23 
127 59 
104 124 
108 96 
9 7 
36 115 
87 65 
101 62 
12 69 
77 41 
107 125 
46 58 
79 48 
86 6 
50 83 
129 40 
65 85 
97 109 
32 123 
15 137 
68 146 
129 82 
54 43 
52 86 
63 127 
126 64 
110 87 
128 92 
143 80 
81 124 
50 104 
151 101 
62 128 
8 71 
100 117 
98 95 
41 112 
59 110 
82 59 
61 104 
70 44 
132 32 
33 51 
19 67 
133 101 
2 59 
13 46 
16 33 
101 142 
142 39 
94 14 
33 79 
79 63 
144 72 
93 31 
79 41 
35 136 
11 77 
37 2 
61 31 
27 39 
69 147 
152 8 
30 13 
61 92 
58 5 
1 114 
139 74 
114 49 
33 146 
58 57 
5 79 
110 79 
72 70 
62 105 
81 11 
48 42 
8 84 
50 27 
90 40 
49 59 
79 154 
56 144 
101 59 
137 142 
61 36 
11 47 
105 89 
32 23 
145 60 
113 107 
129 118 
7 93 
32 107 
126 14 
142 28 
133 104 
93 15 
99 134 
82 153 
7 133 
65 58 
71 98 
23 25 
76 112 
34 45 
101 153 
45 57 
45 80 
38 41 
137 73 
56 62 
152 121 
14 39 
117 31 
91 150 
97 48 
119 32 
57 103 
94 56 
124 73 
123 133 
60 53 
104 73 
94 79 
50 106 
135 38 
150 153 
49 58 
144 79 
13 17 
77 99 
150 23 
106 30 
150 29 
22 123 
91 141 
110 107 
77 8 
31 40 
19 59 
11 49 
90 152 
31 147 
84 135 
98 132 
117 14 
87 80 
118 52 
31 11 
141 44 
50 31 
118 87 
104 146 
151 39 
150 15 
91 65 
65 66 
99 61 
117 94 
135 87 
18 45 
140 131 
94 33 
13 82 
113 132 
115 79 
115 22 
23 17 
128 75 
70 71 
109 64 
76 8 
86 98 
35 28 
79 55 
114 113 
123 101 
12 42 
117 82 
33 19 
144 51 
19 85 
121 32 
65 113 
94 22 
8 35 
68 43 
131 136 
89 70 
1 140 
40 143 
136 133 
98 22 
48 44 
55 65 
81 2 
41 51 
59 92 
125 86 
30 118 
87 121 
29 105 
128 5 
43 24 
50 39 
5 111 
9 67 
52 141 
70 10 
105 27 
67 20 
143 13 
1 107 
20 138 
65 37 
150 7 
13 95 
154 108 
12 52 
7 59 
56 14 
46 60 
58 6 
61 78 
69 79 
102 120 
154 49 
115 70 
137 58 
6 105 
51 71 
18 74 
108 131 
73 40 
143 1 
153 92 
22 99 
52 94 
67 107 
97 106 
108 72 
78 96 
81 152 
93 81 
41 150 
142 97 
78 76 
21 132 
54 73 
61 82 
141 30 
136 54 
8 127 
150 101 
142 144 
61 133 
138 84 
136 129 
2 52 
63 72 
150 48 
95 19 
123 142 
2 24 
42 89 
14 46 
149 3 
82 143 
119 56 
20 105 
154 72 
68 53 
147 17 
60 32 
82 148 
28 106 
150 56 
71 37 
15 13 
30 105 
148 48 
53 29 
101 134 
75 144 
146 71 
78 149 
61 69 
43 36 
66 58 
54 134 
133 143 
137 53 
88 122 
48 90 
68 55 
69 17 
139 53 
91 10 
72 31 
148 63 
87 51 
145 132 
54 111 
89 28 
41 17 
116 96 
29 25 
132 119 
66 134 
38 33 
154 145 
25 140 
80 5 
17 39 
52 4 
100 82 
38 97 
112 84 
34 46 
17 24 
130 23 
91 146 
121 27 
97 78 
89 99 
32 71 
110 37 
114 143 
48 12 
71 113 
70 14 
103 27 
113 17 
115 147 
104 14 
113 23 
36 71 
20 15 
22 32 
111 71 
99 15 
122 46 
125 17 
24 130 
38 15 
139 105 
88 129 
3 90 
143 35 
136 125 
148 132 
13 40 
91 75 
1 17 
102 73 
96 22 
137 116 
52 33 
122 78 
34 82 
85 1 
101 84 
122 20 
16 135 
143 58 
22 28 
149 99 
109 15 
6 141 
147 136 
72 132 
18 115 
78 105 
120 16 
96 48 
11 29 
139 108 
73 6 
69 129 
76 1 
84 92 
12 28 
35 108 
31 144 
91 85 
130 32 
51 126 
16 21 
15 92 
94 142 
133 72 
26 107 
6 139 
137 49 
121 21 
79 152 
27 114 
40 11 
20 50 
13 141 
108 80 
128 93 
84 85 
16 82 
62 22 
39 86 
26 121 
94 27 
31 41 
16 77 
115 52 
120 9 
115 20 
120 124 
47 25 
60 100 
76 107 
65 106 
35 152 
142 140 
7 3 
62 75 
143 21 
86 136 
58 24 
55 139 
76 39 
18 138 
144 38 
96 33 
34 18 
95 73 
113 102 
103 92 
29 41 
144 116 
43 89 
117 148 
78 87 
63 59 
1 3 
70 152 
15 132 
9 26 
114 46 
104 48 
145 84 
54 103 
12 148 
60 83 
138 49 
67 138 
34 109 
109 33 
70 133 
83 87 
124 70 
57 75 
141 74 
73 103 
145 134 
130 106 
118 22 
105 80 
113 142 
12 104 
129 33 
48 95 
87 104 
88 34 
135 137 
15 55 
69 114 
113 128 
93 33 
56 109 
138 151 
108 43 
62 121 
69 115 
119 48 
13 59 
91 79 
76 41 
141 154 
105 122 
135 80 
14 122 
35 137 
130 120 
1 63 
75 15 
23 66 
63 37 
99 91 
115 64 
25 49 
145 18 
4 126 
119 136 
127 29 
104 119 
151 25 
62 98 
22 63 
17 140 
152 97 
75 97 
115 152 
7 31 
65 110 
135 64 
47 132 
1 147 
110 45 
43 56 
87 154 
138 110 
4 97 
112 126 
148 5 
52 120 
47 50 
147 52 
125 18 
89 37 
58 71 
108 101 
2 60 
74 108 
46 104 
53 69 
102 58 
27 70 
24 97 
137 57 
61 148 
19 43 
130 66 
72 27 
23 67 
140 141 
56 115 
31 119 
108 122 
153 152 
90 45 
80 139 
68 32 
54 37 
122 1 
113 154 
66 49 
127 42 
13 39 
70 31 
79 54 
125 54 
36 49 
18 13 
54 116 
74 68 
123 4 
18 90 
106 75 
112 104 
154 64 
53 110 
2 8 
32 154 
118 117 
45 9 
91 112 
137 16 
80 55 
104 63 
87 114 
39 120 
34 41 
102 42 
17 123 
37 6 
147 130 
132 75 
30 110 
52 38 
93 74 
145 141 
97 59 
132 78 
138 23 
26 40 
57 74 
42 116 
120 103 
138 119 
119 34 
27 15 
4 142 
19 56 
35 69 
103 76 
48 16 
26 150 
115 63 
102 41 
113 53 
46 54 
130 154 
24 132 
136 28 
121 106 
98 68 
14 42 
34 76 
69 127 
87 108 
34 29 
56 111 
117 138 
134 43 
84 27 
23 124 
68 19 
88 17 
33 81 
108 82 
14 23 
47 18 
110 150 
23 132 
17 116 
103 72 
89 147 
27 41 
101 138 
33 71 
97 16 
151 125 
57 126 
105 32 
53 88 
152 5 
7 121 
89 144 
115 62 
56 72 
110 146 
117 43 
57 3 
49 61 
73 13 
102 127 
42 90 
136 18 
79 124 
34 17 
51 89 
93 62 
42 145 
129 99 
86 27 
105 63 
153 118 
58 48 
79 135 
87 34 
125 1 
117 20 
146 141 
19 23 
142 40 
59 112 
62 125 
99 57 
100 38 
85 25 
142 133 
82 3 
108 94 
115 41 
80 127 
39 71 
28 74 
80 60 
150 45 
77 25 
107 139 
36 109 
145 124 
114 91 
67 22 
128 150 
59 130 
117 68 
49 91 
98 106 
19 133 
147 73 
142 95 
134 45 
57 17 
149 31 
56 69 
67 134 
142 134 
52 151 
98 90 
69 47 
9 35 
70 79 
153 2 
48 139 
25 61 
120 11 
55 45 
51 85 
78 22 
14 113 
81 112 
136 143 
61 23 
142 26 
26 4 
13 133 
39 59 
110 25 
80 136 
60 108 
103 117 
72 125 
81 73 
48 30 
58 77 
42 99 
93 94 
2 32 
10 94 
145 73 
122 43 
115 24 
128 8 
104 28 
134 29 
74 125 
151 62 
75 126 
22 111 
126 10 
38 121 
29 95 
5 116 
137 127 
87 85 
123 140 
60 84 
17 134 
149 45 
114 39 
5 95 
135 41 
71 106 
42 69 
77 120 
118 86 
30 134 
136 7 
74 3 
125 108 
39 35 
3 49 
121 97 
88 61 
42 133 
48 135 
45 114 
9 140 
98 135 
61 103 
36 95 
46 134 
34 84 
94 35 
26 2 
89 133 
41 137 
153 48 
84 50 
42 154 
1 101 
101 35 
39 22 
113 30 
40 122 
47 99 
147 44 
105 133 
151 85 
29 22 
67 124 
99 133 
130 25 
70 39 
85 33 
150 78 
92 137 
91 118 
86 123 
46 136 
79 81 
50 54 
100 139 
153 15 
2 113 
2 77 
61 147 
97 70 
147 76 
63 66 
58 73 
38 137 
24 71 
151 136 
112 87 
22 122 
70 147 
119 85 
103 63 
117 42 
70 100 
115 98 
43 45 
88 101 
121 41 
84 69 
33 135 
69 148 
96 121 
69 110 
80 42 
81 105 
55 121 
2 121 
64 44 
67 44 
65 16 
60 33 
141 113 
105 144 
103 2 
134 48 
6 24 
151 115 
12 108 
55 112 
40 127 
135 141 
109 141 
81 134 
84 18 
68 113 
29 36 
48 7 
27 79 
30 58 
120 14 
71 117 
50 139 
131 84 
38 111 
139 142 
93 138 
116 125 
106 110 
8 93 
20 31 
94 73 
47 58 
134 92 
27 111 
134 98 
88 50 
111 6 
102 98 
109 32 
63 57 
88 3 
10 42 
44 74 
99 138 
16 57 
64 47 
92 149 
60 120 
65 98 
123 35 
54 3 
50 98 
46 19 
107 43 
101 94 
56 135 
55 111 
115 1 
129 74 
131 77 
21 25 
144 140 
16 36 
130 134 
134 121 
68 133 
4 65 
109 131 
142 148 
26 54 
26 132 
126 149 
95 99 
87 49 
103 144 
90 79 
72 77 
88 97 
127 47 
124 82 
16 131 
62 147 
117 135 
91 8 
148 121 
123 96 
6 65 
91 48 
61 97 
152 6 
10 143 
136 140 
10 98 
8 109 
35 10 
47 53 
32 17 
110 154 
138 26 
99 8 
13 54 
17 115 
115 12 
84 110 
108 68 
113 143 
111 63 
27 59 
37 91 
72 25 
60 8 
9 83 
52 127 
126 69 
13 67 
19 141 
50 87 
82 138 
41 133 
135 110 
67 51 
63 73 
111 9 
87 16 
2 69 
102 22 
36 5 
11 153 
1 84 
107 148 
67 52 
38 28 
89 111 
153 37 
36 80 
107 89 
104 99 
116 12 
3 91 
146 46 
67 59 
57 38 
129 29 
65 38 
42 20 
100 93 
81 139 
148 153 
123 127 
34 143 
4 56 
49 146 
29 72 
82 38 
140 104 
146 128 
78 125 
11 32 
99 9 
97 37 
19 78 
40 27 
59 114 
108 47 
131 86 
55 133 
67 145 
36 17 
97 51 
78 73 
89 137 
116 74 
118 71 
37 56 
12 129 
43 75 
24 91 
103 112 
110 96 
22 47 
120 23 
55 110 
3 89 
4 58 
26 53 
68 83 
139 52 
118 50 
78 144 
113 43 
68 18 
24 60 
111 61 
78 81 
58 83 
77 36 
55 72 
65 71 
29 101 
135 7 
132 76 
107 114 
49 147 
35 42 
80 18 
26 153 
80 128 
7 68 
45 8 
76 32 
75 86 
150 151 
58 28 
73 72 
82 58 
65 48 
15 96 
8 83 
66 30 
69 136 
34 58 
40 4 
53 86 
139 84 
106 37 
36 9 
80 47 
12 119 
92 110 
112 80 
150 65 
120 105 
60 38 
115 145 
50 40 
61 64 
106 113 
94 138 
31 29 
67 58 
154 70 
22 117 
38 34 
1 100 
118 69 
68 97 
80 46 
134 79 
98 36 
43 149 
112 35 
141 89 
66 92 
3 15 
24 46 
59 104 
69 63 
131 72 
20 109 
147 139 
6 57 
28 103 
84 31 
10 44 
78 154 
120 151 
72 30 
35 118 
81 66 
95 4 
61 70 
112 96 
99 75 
57 8 
31 137 
95 84 
52 137 
66 13 
19 122 
41 107 
43 60 
29 151 
116 13 
135 76 
84 49 
3 133 
110 54 
60 93 
9 77 
17 135 
96 92 
57 2 
86 77 
117 87 
34 23 
21 116 
90 134 
3 72 
150 124 
81 114 
70 149 
25 89 
134 136 
104 149 
96 50 
30 64 
127 49 
35 79 
66 2 
71 87 
146 70 
139 66 
76 64 
3 20 
79 56 
73 96 
92 97 
146 138 
6 115 
150 33 
112 94 
150 72 
49 34 
143 44 
26 120 
29 20 
148 126 
17 38 
144 24 
17 75 
61 125 
46 154 
105 42 
68 110 
78 120 
131 40 
153 8 
40 80 
107 140 
129 37 
94 42 
85 98 
111 12 
81 141 
148 154 
2 6 
101 147 
121 139 
120 40 
130 42 
65 25 
110 74 
45 151 
102 106 
9 130 
103 29 
130 82 
60 3 
19 109 
22 86 
24 123 
133 148 
114 139 
73 129 
126 5 
101 22 
121 91 
1 30 
70 33 
151 19 
64 72 
63 38 
122 96 
63 36 
132 52 
24 59 
153 21 
105 110 
118 21 
83 11 
88 38 
105 25 
6 123 
94 104 
67 109 
34 55 
96 81 
119 144 
74 75 
61 43 
14 118 
94 121 
152 1 
128 78 
151 56 
41 73 
20 17 
19 98 
74 37 
66 111 
5 68 
96 134 
20 39 
138 72 
32 111 
115 136 
26 83 
154 129 
103 56 
119 11 
89 40 
51 35 
75 42 
107 70 
148 141 
53 20 
110 48 
18 148 
94 20 
15 47 
63 3 
126 135 
129 28 
84 40 
97 67 
142 149 
131 21 
66 125 
116 43 
47 137 
26 75 
122 128 
150 126 
91 139 
44 4 
27 142 
86 111 
121 69 
92 28 
154 88 
1 9 
127 79 
90 129 
20 116 
54 149 
73 127 
87 98 
1 98 
53 87 
63 132 
76 49 
103 34 
73 34 
9 107 
118 51 
6 112 
128 37 
134 55 
11 141 
126 121 
92 58 
37 126 
96 87 
117 142 
144 8 
123 120 
148 1 
80 148 
65 72 
102 144 
74 151 
116 52 
63 58 
119 118 
58 90 
61 87 
10 72 
78 140 
128 34 
11 48 
9 102 
23 105 
132 94 
108 22 
132 124 
56 89 
105 100 
10 89 
87 99 
53 153 
4 68 
13 104 
75 19 
92 118 
16 62 
113 38 
121 92 
98 91 
18 128 
51 10 
151 77 
84 78 
141 61 
85 15 
124 123 
3 119 
59 133 
85 109 
109 12 
49 43 
132 79 
75 67 
135 15 
16 150 
94 152 
100 114 
48 120 
37 111 
32 129 
36 3 
6 134 
147 2 
107 48 
69 94 
134 123 
68 23 
23 89 
33 84 
45 96 
117 104 
63 151 
2 114 
76 7 
117 69 
81 37 
60 114 
62 52 
2 25 
34 112 
125 24 
76 138 
62 154 
105 119 
129 134 
72 123 
44 5 
131 145 
75 32 
152 145 
62 126 
40 10 
92 55 
149 68 
144 149 
94 109 
41 140 
131 114 
106 79 
6 117 
57 70 
29 90 
97 33 
52 125 
130 144 
100 133 
8 24 
66 86 
47 140 
7 66 
53 95 
133 122 
96 63 
105 69 
152 68 
137 60 
72 88 
110 73 
144 151 
109 11 
52 150 
121 19 
15 122 
41 94 
127 44 
116 119 
144 84 
148 143 
108 97 
147 111 
130 140 
112 99 
137 134 
104 20 
36 19 
75 3 
75 120 
94 90 
126 146 
47 83 
18 88 
141 18 
7 74 
13 109 
116 60 
121 40 
95 102 
127 39 
133 88 
22 95 
4 63 
23 118 
40 46 
111 83 
152 116 
20 154 
97 110 
154 22 
87 73 
150 108 
123 112 
8 140 
17 142 
121 13 
105 76 
15 60 
48 87 
11 86 
2 131 
80 102 
60 10 
14 13 
109 120 
83 29 
36 134 
92 19 
35 67 
115 3 
145 149 
141 103 
108 42 
103 102 
132 48 
88 116 
47 10 
122 140 
133 58 
112 14 
19 81 
145 34 
23 2 
74 107 
55 12 
125 12 
47 32 
43 8 
150 80 
148 130 
25 141 
108 127 
53 22 
26 48 
68 21 
87 44 
58 43 
141 20 
92 49 
71 85 
140 65 
143 85 
24 53 
57 79 
73 86 
13 90 
33 90 
100 90 
142 130 
66 124 
11 61 
76 128 
106 147 
116 81 
51 28 
18 86 
142 33 
137 11 
13 89 
32 89 
9 6 
91 63 
4 106 
62 51 
41 10 
50 92 
82 18 
87 25 
96 16 
150 79 
104 122 
1 75 
131 142 
8 30 
68 77 
78 134 
135 61 
25 145 
75 12 
148 139 
30 131 
25 33 
76 54 
65 130 
120 69 
115 48 
112 15 
34 140 
27 132 
147 93 
75 135 
22 92 
85 49 
101 144 
133 97 
136 5 
21 145 
27 14 
55 119 
33 107 
37 141 
96 79 
104 138 
113 76 
55 5 
103 30 
151 35 
90 142 
115 102 
149 42 
111 108 
138 32 
62 134 
40 116 
44 135 
134 150 
13 99 
16 148 
117 51 
101 31 
28 19 
116 133 
89 142 
148 4 
31 88 
63 12 
147 143 
88 105 
121 98 
45 52 
108 147 
13 129 
124 117 
65 146 
147 50 
114 32 
2 84 
37 62 
38 85 
22 9 
52 128 
128 111 
50 60 
61 22 
7 149 
14 134 
86 143 
113 136 
97 107 
76 73 
108 23 
145 17 
27 92 
103 36 
142 8 
37 33 
114 88 
44 18 
84 61 
39 139 
117 93 
124 50 
1 54 
78 101 
126 39 
57 22 
90 128 
123 16 
128 41 
88 69 
1 13 
51 113 
19 3 
123 44 
100 150 
6 136 
61 55 
135 140 
72 37 
142 56 
108 64 
70 129 
6 149 
124 52 
59 77 
112 12 
4 34 
114 141 
50 151 
68 140 
91 101 
77 42 
31 74 
94 98 
105 135 
102 13 
22 35 
3 145 
3 107 
128 66 
8 10 
23 127 
143 18 
30 35 
17 141 
54 87 
14 24 
149 100 
131 52 
73 23 
64 42 
76 106 
9 62 
129 57 
138 96 
135 68 
110 86 
123 126 
107 96 
121 72 
100 74 
47 154 
37 152 
125 29 
142 25 
72 92 
140 13 
26 68 
72 83 
117 83 
60 104 
107 15 
43 53 
70 123 
43 139 
130 64 
8 23 
142 98 
106 93 
98 100 
66 120 
9 149 
27 90 
29 110 
110 143 
125 65 
39 80 
31 68 
31 12 
115 23 
145 105 
23 98 
42 62 
27 136 
130 13 
113 18 
154 53 
50 116 
4 17 
99 18 
128 109 
130 35 
42 115 
82 118 
26 98 
117 15 
12 132 
38 56 
130 129 
82 25 
14 92 
26 38 
9 150 
33 92 
68 112 
144 94 
39 28 
126 132 
87 144 
54 101 
38 25 
150 87 
98 120 
136 144 
92 141 
120 140 
84 10 
4 15 
134 103 
125 46 
49 119 
1 124 
135 127 
85 129 
115 97 
47 124 
154 89 
107 101 
35 47 
83 125 
103 47 
55 151 
116 72 
110 115 
56 81 
48 61 
126 68 
22 42 
13 77 
136 95 
137 112 
79 7 
40 37 
61 53 
7 92 
67 69 
18 102 
64 54 
143 149 
146 99 
74 88 
78 25 
79 10 
12 74 
72 59 
78 126 
63 67 
9 76 
117 111 
53 114 
51 150 
84 91 
122 116 
146 11 
81 153 
83 41 
129 152 
