112 4171 
231 238 186 280 260 33 217 215 200 32 191 193 77 201 190 199 234 35 151 216 247 37 287 272 144 24 264 63 38 96 213 37 266 211 221 145 191 281 12 34 229 299 277 250 186 54 45 82 186 145 220 156 238 37 204 187 12 281 41 57 107 260 298 299 60 218 48 1 32 44 133 66 9 58 217 143 135 183 229 153 17 297 15 295 156 293 112 111 189 22 126 212 215 130 137 73 181 262 159 129 218 228 64 227 245 208 157 143 226 241 9 32 
34 56 
31 56 
15 100 
111 60 
18 109 
48 43 
7 82 
68 48 
2 61 
93 35 
105 38 
77 65 
106 16 
82 89 
76 45 
45 31 
23 106 
53 43 
27 16 
42 67 
106 20 
5 8 
3 90 
51 71 
28 48 
109 58 
90 99 
80 15 
7 65 
46 104 
6 77 
84 66 
46 18 
94 13 
28 60 
101 100 
92 69 
26 100 
25 23 
76 23 
103 86 
42 4 
103 78 
78 32 
51 21 
31 112 
84 83 
81 75 
38 11 
92 68 
105 20 
47 112 
16 39 
57 55 
90 112 
69 29 
71 31 
86 81 
24 103 
106 100 
100 105 
31 68 
94 61 
3 71 
25 84 
22 16 
69 21 
44 4 
46 75 
47 22 
38 85 
110 82 
106 31 
91 62 
55 9 
48 27 
85 51 
85 37 
83 22 
10 43 
37 87 
112 104 
102 51 
11 82 
46 73 
46 91 
78 3 
45 108 
42 38 
52 49 
55 93 
56 26 
93 46 
10 51 
49 24 
65 3 
15 52 
60 62 
55 38 
96 53 
44 21 
112 88 
52 68 
23 41 
7 25 
64 69 
75 38 
10 30 
87 61 
7 102 
71 16 
15 89 
82 80 
35 32 
10 41 
49 84 
53 28 
58 23 
104 92 
39 28 
59 95 
68 27 
82 56 
62 37 
94 45 
31 4 
6 98 
105 96 
22 97 
65 35 
102 48 
11 54 
36 103 
42 50 
86 99 
47 35 
47 58 
41 58 
48 87 
59 111 
5 112 
61 88 
57 9 
1 14 
68 82 
96 54 
41 22 
100 4 
108 25 
11 37 
104 22 
99 42 
30 63 
91 85 
96 28 
75 101 
74 66 
90 57 
99 35 
90 52 
105 71 
96 87 
81 93 
15 3 
61 17 
3 87 
14 48 
62 86 
93 2 
79 27 
66 76 
72 32 
66 59 
50 110 
10 68 
75 43 
37 26 
103 32 
60 19 
106 22 
10 31 
43 64 
19 17 
18 63 
23 12 
68 50 
4 55 
97 61 
86 7 
53 35 
46 53 
1 85 
112 51 
104 75 
24 41 
5 53 
29 34 
99 16 
45 33 
102 14 
8 102 
105 21 
63 40 
63 6 
41 47 
89 40 
78 16 
109 43 
106 38 
72 39 
49 77 
10 50 
44 34 
49 78 
61 4 
55 80 
69 1 
21 24 
4 106 
55 67 
84 47 
56 49 
26 91 
27 65 
78 8 
17 59 
50 89 
71 80 
40 80 
91 94 
51 9 
38 96 
19 3 
102 95 
39 58 
82 19 
56 38 
55 61 
62 76 
74 51 
26 1 
47 65 
29 107 
16 81 
3 48 
15 2 
66 111 
18 44 
89 7 
65 109 
105 8 
96 6 
79 72 
30 26 
32 108 
105 111 
107 4 
53 50 
70 16 
61 25 
13 6 
100 13 
76 68 
63 11 
56 99 
92 108 
46 23 
24 33 
34 45 
46 76 
86 59 
42 8 
18 35 
108 56 
29 92 
48 29 
14 70 
74 78 
27 34 
22 58 
57 88 
48 47 
50 70 
9 12 
24 110 
39 1 
47 64 
58 65 
25 10 
13 15 
37 32 
106 3 
110 37 
36 39 
33 12 
77 46 
90 65 
74 87 
72 40 
76 44 
58 38 
102 5 
96 12 
61 32 
73 38 
18 84 
29 103 
35 109 
33 74 
48 20 
40 81 
3 18 
99 17 
102 108 
20 98 
62 109 
59 65 
101 103 
40 12 
97 43 
107 23 
14 45 
102 71 
81 34 
33 56 
38 77 
53 73 
76 16 
95 8 
18 105 
49 68 
22 49 
26 90 
90 30 
4 92 
97 106 
97 96 
68 34 
26 52 
40 34 
83 97 
86 42 
29 62 
3 8 
111 62 
74 26 
37 15 
111 25 
33 76 
57 43 
107 30 
97 75 
45 60 
101 56 
18 86 
65 72 
74 28 
93 6 
14 59 
12 15 
87 4 
4 58 
92 24 
62 41 
44 68 
51 5 
58 16 
50 49 
100 3 
78 109 
19 105 
66 32 
93 108 
67 24 
85 56 
22 66 
104 103 
52 4 
46 25 
109 17 
24 56 
52 79 
56 90 
16 10 
85 30 
82 20 
75 5 
26 25 
99 18 
110 99 
103 55 
30 109 
57 112 
46 100 
34 88 
79 94 
93 16 
14 104 
2 80 
91 10 
105 51 
75 33 
24 53 
53 22 
77 44 
102 92 
10 97 
106 85 
110 6 
109 80 
104 98 
5 30 
83 90 
21 87 
8 69 
71 62 
18 102 
36 6 
106 98 
30 11 
74 13 
40 84 
50 104 
3 32 
56 50 
89 10 
92 51 
105 14 
90 107 
59 48 
13 96 
17 104 
108 99 
95 70 
107 69 
92 84 
35 8 
110 20 
43 110 
26 18 
81 100 
54 57 
70 17 
38 103 
33 103 
29 7 
111 79 
9 19 
34 94 
8 13 
69 85 
17 86 
105 44 
61 83 
81 32 
17 40 
42 30 
93 37 
1 27 
15 101 
14 25 
75 90 
50 19 
16 2 
85 77 
26 94 
101 36 
82 65 
74 79 
101 50 
100 103 
70 67 
6 26 
2 110 
89 64 
100 66 
43 25 
22 27 
6 80 
14 111 
50 60 
18 90 
73 107 
105 82 
103 60 
71 21 
93 28 
69 31 
54 45 
96 88 
38 8 
30 82 
75 103 
57 79 
29 96 
36 107 
67 105 
61 50 
13 83 
57 21 
34 108 
58 28 
63 14 
6 83 
10 52 
62 42 
29 53 
83 8 
49 42 
21 35 
95 49 
84 110 
79 49 
92 72 
19 32 
70 57 
78 93 
54 102 
21 38 
55 111 
92 19 
88 14 
84 55 
3 85 
70 106 
74 89 
88 37 
25 73 
65 76 
72 22 
70 73 
39 62 
100 68 
78 107 
67 32 
109 112 
64 42 
79 112 
14 33 
1 32 
72 36 
48 71 
5 21 
98 83 
81 72 
101 81 
108 7 
107 5 
62 56 
9 79 
43 63 
102 36 
54 71 
15 74 
17 9 
40 61 
26 67 
106 55 
30 36 
52 110 
60 91 
72 54 
5 105 
65 19 
9 56 
81 4 
44 35 
100 40 
96 74 
89 80 
1 104 
3 5 
50 108 
32 27 
101 68 
94 22 
34 80 
44 79 
66 53 
59 87 
86 87 
108 21 
30 61 
46 79 
22 62 
48 51 
21 31 
29 79 
34 39 
88 8 
68 11 
89 41 
29 72 
103 71 
79 106 
43 51 
59 56 
78 105 
71 63 
6 14 
24 74 
21 18 
38 37 
91 72 
57 44 
109 81 
15 32 
109 23 
83 67 
55 32 
66 103 
39 86 
84 101 
6 38 
47 70 
45 43 
95 29 
2 37 
97 57 
95 38 
106 65 
27 109 
31 24 
41 60 
32 17 
79 22 
111 10 
103 83 
73 61 
98 84 
69 33 
22 98 
83 58 
79 51 
78 23 
90 63 
30 94 
87 90 
6 5 
31 108 
89 87 
69 110 
56 1 
13 64 
98 63 
85 100 
50 35 
64 91 
9 70 
57 46 
105 91 
92 112 
71 73 
37 59 
15 102 
74 31 
65 107 
83 54 
101 26 
47 62 
2 25 
34 2 
80 53 
30 60 
1 58 
97 35 
12 50 
37 78 
98 112 
53 7 
22 87 
58 44 
42 24 
38 29 
93 45 
57 1 
21 49 
106 26 
42 90 
28 1 
103 62 
77 50 
100 65 
29 39 
104 5 
66 49 
31 25 
98 18 
77 35 
96 80 
51 88 
3 51 
14 81 
87 64 
65 53 
46 34 
52 72 
5 82 
84 77 
74 94 
109 46 
63 92 
104 13 
17 44 
28 44 
55 64 
56 88 
58 67 
52 3 
98 67 
17 1 
20 85 
109 92 
111 37 
33 17 
103 10 
43 59 
93 66 
2 73 
108 75 
74 50 
27 9 
64 39 
61 80 
58 99 
24 60 
28 4 
19 22 
108 38 
32 4 
27 33 
86 75 
25 38 
59 68 
63 51 
10 35 
109 95 
53 70 
68 61 
3 47 
27 73 
65 20 
108 8 
73 5 
8 47 
71 29 
21 11 
79 101 
34 15 
36 64 
108 47 
20 8 
55 60 
29 59 
24 66 
57 26 
3 69 
4 94 
26 79 
66 63 
89 22 
28 21 
91 83 
99 41 
10 106 
110 42 
42 91 
75 23 
83 111 
25 21 
27 71 
5 17 
4 30 
24 100 
56 81 
36 92 
27 19 
55 95 
84 10 
15 45 
13 93 
87 67 
107 24 
42 108 
108 9 
6 42 
24 111 
20 86 
66 52 
2 102 
80 28 
53 25 
50 6 
78 82 
108 12 
9 102 
50 37 
59 10 
24 69 
69 83 
76 93 
94 97 
104 20 
18 42 
106 47 
90 59 
17 112 
27 11 
62 95 
46 22 
100 74 
102 97 
41 42 
33 107 
40 47 
27 54 
43 65 
24 84 
87 102 
49 10 
79 32 
27 108 
42 109 
75 40 
70 89 
82 63 
109 69 
92 16 
42 2 
29 25 
108 60 
63 59 
103 17 
9 5 
45 4 
109 14 
100 112 
16 49 
38 17 
64 79 
56 14 
33 21 
34 77 
86 47 
33 16 
94 101 
24 75 
38 70 
30 50 
71 93 
27 61 
100 17 
62 74 
74 30 
38 20 
20 99 
11 65 
21 80 
63 47 
34 78 
52 85 
14 10 
4 6 
65 37 
92 66 
57 29 
50 85 
101 9 
100 34 
46 42 
76 17 
62 36 
77 11 
19 69 
44 52 
36 66 
41 63 
73 40 
16 66 
87 15 
8 41 
27 37 
103 102 
9 96 
51 108 
103 109 
84 56 
1 36 
96 56 
10 54 
106 19 
57 5 
16 107 
19 84 
45 106 
35 20 
17 110 
59 85 
51 91 
52 6 
27 85 
80 12 
65 9 
101 62 
50 21 
59 9 
104 27 
92 39 
66 99 
105 16 
9 72 
29 22 
29 108 
45 20 
27 95 
51 61 
36 9 
23 45 
30 62 
3 86 
70 100 
81 79 
14 82 
4 25 
95 52 
83 81 
85 66 
37 44 
29 106 
50 24 
65 42 
40 98 
18 108 
27 10 
6 81 
91 2 
5 10 
9 21 
82 28 
85 22 
64 75 
62 19 
102 91 
41 72 
43 37 
110 108 
81 74 
28 83 
23 5 
14 26 
49 30 
60 9 
56 48 
57 28 
48 25 
79 20 
58 29 
31 35 
10 101 
109 26 
94 23 
84 57 
39 35 
110 85 
84 2 
67 88 
53 18 
27 12 
81 108 
9 88 
54 107 
12 17 
76 35 
36 10 
41 13 
109 107 
8 70 
36 35 
65 87 
38 46 
96 46 
43 68 
79 99 
26 35 
45 29 
62 75 
21 6 
44 31 
21 84 
4 97 
102 73 
95 54 
72 42 
23 97 
55 27 
70 40 
51 78 
11 94 
20 3 
76 80 
38 112 
101 53 
55 51 
19 85 
25 70 
33 47 
98 1 
42 14 
95 60 
10 39 
112 27 
7 32 
79 85 
88 68 
77 58 
101 87 
67 63 
21 90 
14 96 
97 11 
106 76 
24 79 
102 86 
98 66 
65 2 
81 30 
92 90 
45 41 
107 111 
81 70 
17 21 
62 1 
64 78 
40 107 
99 1 
87 85 
62 34 
85 84 
78 90 
23 89 
66 104 
109 44 
36 48 
40 16 
64 21 
31 99 
4 111 
36 73 
23 51 
97 38 
25 8 
73 81 
46 44 
98 37 
107 88 
19 30 
94 60 
26 53 
30 47 
67 93 
18 4 
41 67 
84 32 
102 28 
44 82 
86 32 
16 59 
37 17 
69 2 
48 1 
72 26 
52 75 
12 79 
60 107 
88 76 
99 82 
83 80 
83 34 
82 108 
64 44 
92 56 
31 75 
34 112 
92 22 
80 7 
1 40 
1 49 
80 93 
44 78 
58 27 
32 10 
100 60 
31 85 
106 99 
108 86 
96 50 
76 15 
71 58 
36 32 
15 70 
11 87 
50 13 
37 36 
84 105 
110 73 
91 71 
64 112 
60 96 
75 19 
102 24 
107 95 
95 91 
66 82 
14 79 
33 100 
103 94 
56 18 
23 39 
20 1 
97 33 
99 9 
44 69 
108 33 
97 39 
85 68 
58 108 
34 86 
19 72 
40 94 
105 63 
4 76 
69 48 
76 102 
42 32 
65 66 
46 59 
18 79 
42 57 
23 47 
73 22 
12 39 
107 44 
59 104 
69 66 
99 50 
31 88 
31 90 
16 38 
109 47 
18 70 
77 111 
1 44 
42 15 
87 19 
36 104 
5 59 
7 18 
42 26 
82 10 
22 68 
99 46 
19 67 
84 76 
19 99 
14 40 
56 103 
67 13 
99 29 
31 83 
33 63 
26 5 
112 9 
83 15 
99 48 
52 80 
20 91 
13 70 
41 92 
26 39 
6 87 
34 19 
24 39 
92 94 
81 7 
35 17 
88 60 
75 6 
64 96 
96 81 
7 6 
92 5 
89 42 
58 89 
60 68 
25 22 
75 111 
24 22 
29 56 
56 47 
100 11 
95 98 
7 22 
68 5 
50 28 
32 23 
99 80 
55 71 
70 59 
15 38 
75 22 
65 31 
56 105 
1 110 
57 72 
34 4 
44 38 
24 106 
52 18 
102 79 
34 75 
64 83 
75 28 
52 70 
54 7 
72 50 
6 85 
13 35 
35 71 
13 77 
99 10 
9 91 
94 27 
68 58 
80 69 
72 53 
19 73 
55 2 
53 81 
51 80 
84 96 
70 45 
108 3 
59 91 
54 60 
21 112 
66 72 
51 76 
2 11 
100 43 
47 15 
90 27 
88 35 
88 3 
34 25 
12 94 
49 92 
63 64 
61 62 
69 103 
7 42 
107 1 
93 44 
90 25 
5 43 
52 111 
47 7 
108 77 
82 31 
29 101 
47 53 
87 94 
42 63 
42 61 
36 55 
52 37 
70 37 
66 68 
108 36 
70 104 
87 108 
51 25 
78 46 
88 97 
56 77 
27 84 
27 63 
6 68 
91 17 
76 50 
11 105 
73 89 
105 103 
58 106 
46 81 
46 48 
70 55 
109 105 
67 62 
8 2 
103 12 
47 98 
26 104 
15 65 
76 85 
92 8 
19 4 
61 54 
28 3 
71 32 
36 52 
56 78 
52 5 
59 55 
41 26 
8 87 
80 106 
60 57 
112 39 
105 39 
37 96 
17 18 
19 66 
57 66 
93 103 
24 83 
8 50 
79 103 
60 72 
19 35 
49 107 
92 27 
2 50 
67 22 
97 81 
110 81 
100 50 
98 58 
83 46 
48 78 
34 54 
105 87 
52 106 
44 54 
111 23 
90 6 
72 108 
29 87 
94 18 
74 102 
72 4 
100 69 
106 44 
19 45 
27 3 
16 9 
101 77 
20 74 
88 102 
29 3 
43 15 
94 37 
22 40 
65 98 
13 16 
25 40 
68 39 
109 85 
3 99 
64 28 
105 107 
100 59 
72 6 
37 60 
87 24 
80 13 
20 17 
96 45 
84 17 
11 92 
39 45 
53 59 
11 10 
13 59 
96 39 
36 12 
92 32 
42 36 
63 83 
84 44 
58 48 
14 17 
10 72 
100 96 
67 51 
78 77 
111 108 
18 74 
52 65 
89 13 
20 64 
92 74 
95 10 
67 77 
12 1 
2 35 
112 2 
86 107 
99 14 
88 84 
90 41 
87 95 
87 106 
75 112 
12 102 
83 107 
65 84 
38 90 
35 112 
32 65 
67 68 
18 81 
110 90 
17 34 
69 70 
48 70 
27 45 
47 17 
88 75 
1 68 
7 3 
59 25 
76 75 
30 22 
104 100 
73 80 
78 21 
58 15 
110 33 
34 30 
71 90 
72 45 
69 54 
80 86 
54 86 
52 27 
109 91 
29 112 
15 57 
75 110 
40 29 
62 49 
81 94 
50 7 
89 11 
67 112 
112 84 
7 77 
24 70 
78 87 
47 97 
5 67 
48 100 
33 78 
51 24 
95 76 
55 83 
55 20 
96 23 
97 52 
37 72 
66 51 
31 96 
13 65 
7 57 
72 59 
7 51 
60 39 
47 110 
106 105 
3 13 
48 13 
49 43 
95 44 
59 32 
99 112 
18 24 
92 12 
54 38 
102 4 
100 20 
102 16 
66 11 
105 108 
85 16 
101 43 
40 110 
58 20 
94 86 
80 101 
42 56 
91 70 
7 109 
76 57 
49 65 
14 55 
12 24 
51 100 
67 34 
48 17 
12 61 
12 70 
42 84 
77 62 
5 39 
7 110 
23 34 
61 112 
106 30 
77 8 
13 47 
62 108 
15 67 
78 110 
35 41 
41 91 
78 13 
7 20 
56 23 
88 50 
103 59 
72 49 
73 26 
110 109 
34 14 
52 109 
90 96 
28 62 
10 24 
32 89 
63 110 
12 74 
62 105 
98 45 
57 41 
26 105 
90 48 
8 111 
35 78 
77 41 
92 85 
87 44 
43 104 
59 38 
110 15 
27 69 
39 107 
85 53 
35 22 
42 106 
48 110 
6 25 
97 60 
23 42 
64 107 
75 69 
22 112 
58 75 
52 78 
42 54 
88 27 
37 84 
83 56 
18 12 
1 108 
34 95 
104 109 
100 54 
11 91 
101 86 
31 40 
21 46 
41 30 
11 51 
23 110 
6 40 
71 82 
82 101 
14 23 
96 101 
50 90 
98 110 
51 64 
112 96 
29 68 
97 54 
37 22 
66 106 
101 69 
32 102 
40 15 
106 14 
71 97 
89 51 
17 106 
94 19 
97 17 
51 106 
69 4 
27 89 
1 71 
93 91 
30 97 
35 40 
88 25 
36 109 
53 90 
106 107 
2 18 
108 5 
5 41 
109 64 
63 26 
59 73 
86 23 
57 35 
22 55 
106 27 
11 39 
107 6 
62 48 
30 104 
21 96 
16 29 
35 51 
35 64 
75 105 
39 104 
43 13 
57 96 
3 92 
108 61 
15 84 
88 20 
30 8 
28 105 
49 20 
50 75 
34 52 
77 9 
82 9 
102 59 
41 65 
96 10 
73 34 
93 84 
16 61 
55 82 
106 11 
21 104 
36 76 
4 53 
12 87 
50 44 
55 92 
77 42 
81 9 
106 78 
32 97 
43 11 
10 17 
29 28 
37 86 
69 7 
80 58 
32 14 
86 2 
18 31 
6 3 
23 91 
68 65 
35 105 
43 44 
72 63 
33 87 
29 60 
82 59 
108 59 
56 3 
105 59 
50 98 
54 4 
72 112 
68 98 
74 27 
51 84 
14 12 
14 18 
18 55 
57 111 
36 7 
102 41 
29 24 
22 54 
45 105 
42 69 
20 2 
21 41 
76 8 
29 80 
103 70 
58 88 
36 87 
34 97 
7 83 
76 98 
101 24 
58 84 
30 66 
58 18 
41 93 
5 55 
63 69 
88 12 
34 102 
34 16 
26 83 
110 95 
45 5 
31 55 
15 79 
35 92 
44 72 
73 45 
93 88 
49 103 
46 106 
85 48 
93 96 
19 29 
53 48 
86 97 
35 89 
27 86 
112 80 
2 88 
44 6 
40 55 
31 8 
7 104 
37 71 
87 31 
36 74 
4 108 
13 4 
17 30 
102 40 
109 56 
91 73 
62 99 
41 48 
97 41 
91 92 
69 36 
100 87 
75 13 
30 23 
53 52 
68 70 
49 80 
72 73 
77 102 
10 44 
9 98 
78 55 
111 103 
87 42 
79 110 
10 79 
100 2 
98 91 
68 69 
84 12 
77 10 
31 92 
86 82 
1 84 
13 1 
61 11 
93 3 
89 102 
93 109 
76 74 
87 47 
11 71 
12 2 
85 64 
32 104 
57 12 
94 49 
96 17 
72 78 
74 3 
70 21 
60 42 
29 20 
55 3 
39 56 
11 112 
95 108 
62 23 
51 17 
20 6 
68 37 
60 31 
2 72 
17 68 
35 80 
62 110 
86 98 
73 1 
59 109 
40 87 
11 13 
93 1 
85 33 
89 4 
80 50 
111 21 
95 48 
26 59 
100 80 
39 8 
80 95 
22 51 
107 34 
67 59 
108 30 
44 75 
5 22 
33 111 
46 19 
4 88 
15 30 
104 51 
104 63 
43 87 
13 84 
89 19 
37 3 
72 106 
86 72 
10 20 
88 92 
97 16 
103 45 
11 76 
95 97 
30 112 
75 37 
57 73 
89 71 
50 66 
106 60 
11 25 
45 58 
76 103 
4 17 
73 50 
112 106 
41 112 
68 18 
8 72 
74 44 
45 36 
80 78 
89 81 
31 51 
77 33 
40 99 
26 61 
4 103 
70 26 
57 24 
49 25 
4 79 
23 83 
110 66 
35 66 
15 69 
83 60 
49 13 
97 21 
8 37 
71 70 
72 14 
53 14 
47 80 
84 108 
93 7 
64 16 
39 108 
25 45 
101 91 
97 70 
3 63 
80 24 
21 95 
39 100 
45 66 
108 91 
4 50 
55 77 
75 18 
38 87 
33 11 
14 21 
46 55 
59 71 
47 9 
8 75 
106 77 
61 45 
103 99 
49 41 
5 98 
21 48 
68 24 
51 65 
101 109 
54 52 
31 36 
49 69 
75 15 
102 6 
70 92 
26 84 
68 104 
46 112 
24 28 
12 75 
19 108 
89 110 
35 12 
1 109 
66 20 
52 39 
106 56 
50 82 
85 82 
43 12 
93 100 
62 57 
20 46 
28 77 
9 34 
20 40 
10 37 
46 101 
75 10 
23 55 
83 41 
79 105 
68 55 
26 65 
9 10 
73 28 
6 32 
95 68 
100 37 
61 90 
59 34 
74 97 
80 44 
6 31 
22 6 
52 17 
104 29 
67 7 
20 76 
15 72 
46 56 
19 80 
23 102 
61 47 
84 4 
88 24 
50 43 
20 70 
59 39 
112 56 
65 78 
7 105 
50 84 
38 102 
81 12 
5 69 
15 98 
17 36 
89 100 
13 111 
20 63 
24 27 
80 38 
100 71 
90 47 
46 80 
89 46 
90 91 
85 80 
61 53 
103 13 
101 90 
23 20 
68 26 
21 56 
107 21 
13 54 
86 15 
5 40 
43 7 
29 65 
30 100 
64 52 
67 110 
32 5 
36 83 
27 51 
111 1 
77 20 
20 44 
78 5 
57 61 
77 68 
81 39 
53 110 
21 85 
79 62 
63 13 
31 13 
81 88 
36 21 
41 71 
97 55 
76 56 
56 6 
20 53 
66 42 
62 13 
41 82 
110 88 
75 89 
24 7 
9 75 
60 48 
68 38 
3 22 
16 56 
63 31 
69 56 
73 68 
27 28 
59 28 
89 69 
63 50 
22 43 
64 101 
1 74 
76 86 
60 44 
18 76 
7 64 
75 11 
46 5 
44 83 
28 90 
52 57 
34 105 
87 70 
97 24 
16 24 
78 101 
72 111 
98 89 
111 45 
79 65 
104 48 
44 97 
83 25 
9 83 
43 40 
69 94 
58 43 
37 73 
112 6 
62 106 
16 32 
97 19 
16 90 
49 35 
44 45 
91 75 
82 106 
39 89 
80 79 
84 109 
65 44 
76 22 
45 46 
50 87 
54 68 
56 95 
56 45 
79 60 
17 57 
107 67 
109 67 
7 48 
102 99 
98 19 
83 95 
42 92 
69 39 
88 98 
28 88 
19 107 
39 2 
98 16 
78 68 
82 83 
34 11 
90 17 
94 72 
44 112 
61 79 
2 52 
38 104 
60 87 
71 38 
59 42 
40 2 
2 21 
107 41 
15 68 
48 83 
67 102 
47 45 
16 91 
66 112 
47 67 
60 21 
3 61 
34 57 
18 88 
106 94 
90 24 
109 68 
96 26 
110 16 
94 33 
14 49 
63 46 
4 10 
38 9 
67 103 
76 90 
36 61 
6 35 
67 82 
35 55 
68 99 
73 94 
32 38 
29 42 
107 52 
102 26 
68 87 
22 99 
53 89 
106 88 
71 110 
36 71 
57 82 
21 102 
67 72 
93 50 
7 59 
35 111 
63 96 
24 104 
20 103 
50 45 
56 40 
77 99 
89 99 
84 35 
71 65 
70 90 
54 32 
67 9 
6 86 
77 71 
106 84 
84 7 
102 33 
21 74 
88 72 
49 89 
86 96 
16 11 
99 72 
93 68 
72 69 
14 8 
82 17 
55 11 
111 91 
80 105 
12 69 
69 90 
93 38 
112 111 
71 64 
72 5 
13 29 
94 25 
29 15 
56 79 
97 65 
68 28 
14 101 
21 81 
20 101 
57 101 
82 91 
85 28 
33 46 
13 107 
106 32 
83 78 
77 80 
66 64 
74 106 
79 92 
34 103 
67 84 
111 49 
95 58 
48 23 
105 58 
108 11 
58 19 
17 42 
93 40 
85 25 
4 43 
85 102 
21 99 
60 109 
4 51 
66 38 
33 71 
100 58 
96 106 
69 40 
82 96 
8 58 
104 45 
28 104 
18 37 
85 7 
29 6 
67 99 
52 47 
22 10 
42 27 
83 57 
30 51 
74 107 
8 68 
112 89 
26 27 
82 18 
41 68 
2 103 
40 111 
45 65 
46 9 
32 47 
47 82 
79 5 
43 107 
111 50 
78 96 
96 49 
64 57 
75 54 
6 108 
34 71 
110 14 
75 56 
103 81 
33 31 
99 8 
65 23 
16 94 
95 100 
54 81 
7 28 
84 86 
53 6 
54 39 
38 24 
83 11 
105 17 
31 89 
23 19 
71 8 
4 22 
110 107 
31 79 
2 28 
93 27 
60 13 
41 6 
79 11 
72 43 
104 73 
32 2 
9 105 
89 85 
94 82 
101 23 
94 78 
52 45 
67 60 
70 4 
67 76 
69 23 
38 7 
9 13 
81 87 
43 108 
2 104 
9 87 
38 12 
96 95 
94 62 
12 31 
31 30 
56 60 
39 30 
24 9 
85 14 
59 60 
74 61 
43 54 
8 1 
65 10 
83 86 
102 49 
46 86 
95 69 
74 101 
45 2 
42 78 
53 62 
2 4 
44 33 
51 87 
22 12 
103 110 
53 33 
96 34 
101 32 
55 54 
45 37 
75 84 
97 26 
15 107 
70 79 
64 18 
112 105 
14 2 
105 61 
86 61 
8 48 
59 58 
35 9 
20 68 
58 3 
13 26 
54 94 
29 88 
73 63 
59 96 
71 13 
85 70 
80 103 
27 31 
77 4 
81 50 
81 68 
15 33 
16 6 
39 83 
19 37 
105 66 
30 58 
94 77 
74 40 
82 98 
21 58 
111 32 
48 64 
86 68 
82 54 
40 108 
93 60 
101 28 
60 71 
3 45 
69 45 
67 50 
72 104 
104 96 
28 8 
111 16 
112 42 
50 3 
75 53 
25 28 
109 9 
7 45 
66 107 
28 41 
62 107 
103 19 
11 23 
78 84 
78 71 
2 31 
25 74 
91 18 
89 55 
16 15 
19 83 
33 39 
104 16 
36 38 
104 89 
15 108 
59 93 
46 27 
61 31 
67 96 
42 48 
70 101 
28 55 
81 24 
95 15 
109 111 
100 29 
49 4 
32 82 
10 73 
67 20 
18 85 
57 91 
59 79 
41 74 
35 69 
8 12 
52 84 
85 10 
42 79 
74 45 
17 41 
51 6 
32 74 
32 34 
11 48 
98 108 
109 53 
4 21 
10 3 
91 89 
54 74 
93 83 
46 90 
41 20 
26 10 
54 28 
81 107 
15 18 
40 52 
100 90 
11 32 
93 74 
14 80 
9 6 
43 91 
50 14 
48 44 
66 18 
26 3 
20 32 
73 108 
62 87 
28 30 
70 54 
12 52 
71 7 
88 11 
100 108 
57 77 
5 95 
23 63 
36 11 
48 108 
53 108 
35 59 
81 65 
112 95 
86 109 
14 95 
34 22 
99 61 
87 76 
99 59 
61 106 
25 109 
49 6 
84 94 
79 37 
88 39 
55 24 
63 84 
6 111 
101 3 
62 84 
46 95 
93 53 
63 101 
53 77 
76 69 
92 50 
63 15 
36 65 
10 64 
72 1 
14 112 
17 98 
93 95 
112 77 
85 45 
46 6 
8 93 
51 26 
13 92 
65 67 
5 110 
42 44 
37 64 
89 86 
50 86 
45 62 
48 96 
61 60 
3 105 
92 15 
60 86 
70 65 
110 57 
9 90 
34 50 
46 36 
56 98 
107 84 
110 25 
92 37 
108 17 
68 89 
47 29 
108 78 
106 81 
28 86 
69 34 
4 83 
18 27 
109 106 
28 66 
10 47 
11 84 
41 14 
11 85 
62 12 
98 70 
14 91 
32 52 
61 104 
78 39 
1 88 
21 22 
78 63 
47 55 
94 53 
36 58 
25 82 
35 100 
4 8 
95 88 
93 23 
45 88 
71 9 
29 74 
94 112 
102 80 
23 10 
64 31 
32 76 
94 100 
39 84 
63 109 
30 27 
43 93 
73 60 
44 8 
109 33 
37 47 
2 48 
43 8 
16 12 
68 62 
57 14 
32 51 
46 3 
7 68 
60 70 
64 19 
13 91 
41 9 
74 68 
55 88 
109 90 
7 27 
104 15 
69 111 
21 76 
95 11 
105 10 
109 94 
13 12 
58 25 
54 36 
109 51 
82 88 
103 108 
40 82 
59 78 
91 4 
40 65 
27 83 
56 37 
24 6 
9 43 
3 68 
53 12 
8 60 
87 71 
66 40 
102 84 
91 81 
17 45 
26 108 
42 73 
87 46 
49 93 
81 11 
68 21 
97 111 
94 50 
49 19 
37 112 
59 23 
52 60 
40 8 
55 56 
78 22 
41 110 
33 32 
106 18 
53 41 
76 89 
35 23 
26 12 
18 50 
24 93 
38 65 
105 46 
14 64 
48 12 
27 5 
60 75 
53 78 
45 71 
31 20 
13 37 
25 71 
93 19 
45 75 
65 101 
65 91 
91 112 
4 105 
52 51 
86 21 
64 81 
78 112 
97 82 
80 57 
99 11 
48 32 
54 29 
69 112 
46 4 
28 81 
7 78 
5 93 
27 35 
54 33 
9 1 
79 73 
21 67 
48 111 
49 90 
46 84 
18 100 
28 65 
40 18 
61 23 
70 77 
48 38 
35 60 
41 104 
102 17 
7 52 
8 109 
28 109 
22 60 
102 106 
106 15 
35 58 
48 55 
9 37 
33 86 
83 35 
20 102 
63 88 
8 19 
43 28 
8 45 
47 44 
92 64 
11 109 
35 7 
52 43 
40 44 
84 68 
82 77 
44 25 
66 61 
5 70 
6 76 
66 91 
63 100 
100 79 
40 45 
66 31 
47 11 
109 74 
47 81 
96 5 
27 111 
49 105 
22 8 
78 86 
63 35 
21 29 
22 18 
25 69 
72 101 
66 83 
64 1 
62 7 
2 53 
52 73 
83 71 
37 46 
108 97 
38 47 
109 24 
52 11 
8 6 
95 13 
30 110 
56 2 
84 23 
63 45 
11 17 
63 48 
106 25 
58 97 
78 14 
93 54 
28 61 
77 63 
41 69 
43 42 
80 4 
11 59 
95 53 
60 32 
64 30 
42 35 
58 26 
90 29 
38 78 
73 17 
29 94 
25 65 
32 53 
53 49 
92 96 
30 18 
86 79 
51 93 
82 46 
16 82 
56 51 
102 42 
61 107 
71 24 
57 25 
67 38 
73 100 
102 104 
110 104 
44 12 
35 101 
85 47 
98 42 
26 69 
112 60 
44 96 
64 3 
76 1 
36 57 
31 101 
84 6 
1 60 
44 110 
13 32 
72 16 
65 112 
22 61 
20 62 
67 54 
43 94 
24 45 
33 58 
16 19 
75 92 
31 5 
42 9 
59 33 
78 18 
102 53 
35 48 
26 7 
30 9 
5 62 
84 61 
29 23 
22 65 
87 111 
13 34 
33 29 
101 5 
31 22 
86 4 
90 81 
49 87 
1 91 
104 84 
35 29 
33 38 
85 4 
29 5 
3 95 
96 32 
89 57 
60 2 
4 73 
83 21 
22 90 
57 103 
15 6 
70 28 
109 19 
82 64 
29 14 
101 85 
36 111 
57 85 
8 57 
5 65 
111 85 
77 76 
72 38 
104 83 
88 86 
72 24 
44 81 
24 23 
11 93 
92 52 
32 110 
109 3 
111 81 
71 88 
8 106 
25 91 
62 89 
30 77 
63 65 
46 71 
5 99 
89 106 
48 92 
13 36 
36 70 
34 5 
19 68 
36 29 
73 86 
109 22 
101 49 
39 95 
38 51 
15 85 
1 106 
106 110 
110 21 
27 81 
16 57 
24 35 
68 13 
9 107 
72 62 
43 61 
41 86 
60 43 
71 56 
6 88 
35 79 
50 11 
16 103 
48 89 
86 44 
78 19 
31 95 
109 71 
108 41 
97 18 
54 24 
34 110 
6 71 
16 50 
79 83 
11 31 
11 86 
56 32 
96 7 
27 64 
51 13 
42 5 
49 109 
14 43 
99 23 
77 23 
97 101 
52 69 
99 104 
88 104 
67 31 
53 98 
79 71 
77 79 
79 25 
19 57 
17 111 
41 15 
108 63 
47 16 
33 98 
83 30 
2 51 
76 111 
90 37 
20 87 
61 103 
96 16 
86 91 
88 41 
109 31 
22 48 
7 56 
100 23 
106 39 
104 87 
15 103 
110 36 
57 107 
23 36 
17 50 
2 23 
99 53 
88 91 
28 40 
40 68 
41 84 
39 46 
32 57 
48 112 
101 6 
74 70 
86 92 
24 48 
87 18 
109 40 
64 61 
29 17 
29 102 
29 1 
34 91 
98 43 
19 28 
27 14 
53 92 
1 31 
15 54 
57 50 
8 34 
101 111 
14 36 
69 88 
65 103 
68 72 
89 36 
99 15 
38 89 
89 94 
80 30 
37 12 
12 112 
12 28 
37 24 
99 6 
72 109 
45 51 
96 111 
109 96 
29 51 
83 109 
84 74 
17 65 
110 80 
56 57 
27 75 
84 79 
61 102 
20 57 
29 78 
44 100 
111 84 
92 18 
89 6 
28 42 
41 11 
8 65 
107 89 
43 34 
73 11 
47 102 
104 86 
85 12 
87 17 
3 76 
37 54 
71 42 
56 91 
110 56 
27 59 
53 68 
99 55 
34 36 
65 104 
62 59 
69 67 
4 35 
42 10 
70 82 
81 17 
42 52 
67 52 
40 27 
19 21 
56 100 
34 109 
61 77 
29 110 
102 45 
77 87 
38 41 
89 84 
1 10 
8 96 
1 2 
54 31 
65 30 
97 77 
112 8 
5 89 
87 54 
4 96 
16 84 
16 5 
43 88 
109 77 
78 15 
18 72 
12 72 
6 60 
21 77 
79 48 
65 73 
78 25 
48 103 
7 60 
54 41 
28 20 
29 82 
92 93 
29 85 
38 64 
46 103 
24 76 
104 33 
61 10 
44 29 
75 99 
14 94 
99 45 
98 75 
112 70 
1 105 
49 112 
57 48 
95 71 
47 89 
18 71 
38 50 
66 2 
109 39 
95 57 
92 20 
28 67 
27 62 
73 54 
13 45 
90 10 
20 24 
27 101 
69 51 
109 55 
86 36 
76 38 
58 94 
57 71 
29 86 
65 6 
65 89 
5 61 
68 33 
54 47 
9 44 
81 43 
6 61 
72 95 
9 63 
26 48 
30 13 
85 55 
79 19 
83 102 
93 32 
45 87 
111 29 
28 11 
58 54 
56 89 
25 39 
55 1 
36 24 
100 31 
99 13 
61 46 
17 107 
97 50 
53 63 
86 95 
87 56 
8 24 
8 107 
1 95 
2 10 
109 48 
40 39 
31 39 
75 82 
22 103 
31 78 
7 16 
50 32 
66 43 
78 1 
41 109 
18 111 
101 108 
96 19 
10 92 
46 85 
82 60 
11 46 
55 101 
64 50 
20 89 
44 90 
86 19 
78 47 
54 63 
108 83 
108 64 
3 94 
23 22 
73 76 
93 21 
40 26 
27 39 
87 5 
76 27 
94 71 
91 40 
5 18 
63 79 
95 106 
66 89 
98 30 
28 84 
7 21 
79 67 
78 97 
49 7 
58 32 
85 42 
69 78 
2 49 
82 62 
11 24 
77 24 
98 4 
70 49 
98 103 
72 47 
6 100 
62 78 
2 78 
36 84 
64 22 
89 95 
43 46 
2 59 
23 13 
110 94 
82 109 
76 53 
83 76 
72 100 
39 93 
77 40 
56 27 
40 78 
16 3 
79 97 
67 37 
82 102 
4 48 
60 76 
49 46 
10 45 
61 111 
21 39 
16 45 
54 103 
93 85 
90 77 
91 103 
27 110 
90 93 
93 112 
78 76 
67 18 
12 93 
112 63 
54 12 
65 55 
104 4 
8 61 
5 84 
28 107 
47 28 
75 36 
100 32 
22 13 
54 6 
39 101 
27 43 
28 69 
73 32 
46 26 
48 82 
43 95 
57 33 
47 101 
1 53 
50 33 
25 13 
20 90 
70 51 
109 37 
40 42 
66 21 
48 84 
41 2 
6 1 
42 74 
19 24 
80 3 
42 3 
87 30 
7 10 
111 63 
10 80 
102 39 
74 9 
27 103 
55 69 
90 88 
25 76 
30 69 
35 37 
86 100 
109 13 
72 97 
21 8 
58 51 
8 79 
2 9 
92 81 
102 69 
108 46 
88 103 
41 33 
30 37 
13 72 
83 20 
101 42 
97 103 
28 51 
57 67 
93 70 
12 89 
93 97 
13 52 
36 19 
31 47 
30 32 
95 25 
93 94 
49 73 
22 32 
39 37 
29 4 
94 44 
22 33 
111 3 
87 57 
99 65 
93 14 
99 87 
81 77 
19 77 
36 50 
81 55 
35 1 
23 79 
86 111 
48 45 
62 15 
3 77 
20 111 
30 105 
64 80 
73 47 
104 6 
63 10 
109 57 
89 1 
55 16 
8 11 
95 103 
85 34 
18 65 
62 92 
9 54 
65 1 
45 1 
95 28 
53 60 
78 67 
25 32 
47 74 
34 31 
61 34 
105 81 
100 109 
94 9 
27 67 
64 60 
58 34 
44 16 
100 107 
45 42 
18 61 
62 33 
30 89 
90 1 
67 48 
18 33 
8 9 
13 10 
9 3 
57 86 
99 64 
38 43 
88 15 
88 32 
74 63 
72 107 
68 45 
47 69 
94 55 
6 66 
104 105 
91 61 
111 19 
4 59 
111 44 
74 23 
28 97 
12 64 
103 64 
90 104 
108 89 
39 4 
47 36 
2 109 
74 22 
26 88 
39 32 
51 90 
95 79 
26 21 
101 51 
31 16 
111 15 
43 102 
38 63 
82 34 
10 28 
80 33 
33 105 
31 48 
74 90 
112 25 
84 3 
93 18 
83 89 
65 62 
91 54 
33 8 
20 14 
64 5 
55 52 
4 99 
49 63 
28 78 
112 54 
108 54 
89 88 
4 74 
24 96 
18 73 
48 94 
112 23 
14 28 
25 64 
55 66 
77 12 
84 9 
58 49 
75 66 
14 5 
98 13 
96 43 
25 15 
49 18 
89 34 
43 30 
105 12 
76 64 
68 56 
54 14 
75 85 
25 87 
96 62 
46 102 
93 9 
107 22 
106 28 
107 87 
34 101 
84 60 
87 26 
51 82 
13 46 
28 63 
94 28 
46 1 
112 108 
9 76 
15 112 
2 101 
74 88 
1 4 
9 28 
1 7 
26 16 
32 12 
66 39 
107 12 
58 81 
2 81 
59 1 
3 81 
41 59 
92 33 
79 54 
38 26 
74 46 
96 65 
100 45 
31 3 
85 39 
80 45 
68 91 
77 110 
63 32 
67 89 
55 75 
99 27 
22 71 
58 10 
112 97 
95 6 
49 12 
86 31 
26 77 
19 74 
62 51 
7 31 
3 34 
41 111 
66 29 
65 111 
8 46 
48 5 
30 2 
103 68 
80 60 
6 33 
83 65 
23 43 
98 101 
98 55 
77 51 
22 77 
83 2 
65 75 
13 33 
66 8 
47 99 
3 103 
90 39 
26 112 
30 46 
41 32 
15 20 
12 7 
85 32 
107 31 
10 86 
8 103 
62 25 
67 86 
97 49 
82 8 
36 91 
11 7 
71 69 
59 81 
15 71 
72 102 
83 40 
73 67 
28 22 
66 94 
35 72 
25 42 
49 15 
76 37 
95 73 
29 37 
54 53 
11 111 
15 55 
32 69 
71 72 
53 3 
62 93 
26 89 
19 7 
26 4 
90 60 
71 98 
80 94 
14 47 
25 20 
76 91 
91 19 
53 64 
3 25 
70 6 
29 64 
7 8 
109 50 
105 102 
42 55 
40 88 
8 100 
39 22 
50 107 
12 82 
60 102 
65 21 
44 98 
62 6 
96 76 
78 79 
16 63 
95 32 
73 98 
47 21 
41 25 
26 20 
103 82 
48 75 
55 37 
15 39 
98 49 
95 64 
53 15 
25 52 
41 98 
12 63 
60 104 
49 61 
51 19 
15 82 
6 11 
43 99 
74 48 
98 25 
11 22 
73 9 
56 111 
3 102 
3 97 
90 19 
70 41 
42 31 
62 24 
27 66 
90 64 
99 93 
47 34 
95 23 
105 13 
2 74 
70 76 
19 11 
37 95 
65 85 
64 32 
59 15 
107 35 
54 48 
100 97 
1 77 
24 52 
80 43 
52 23 
29 98 
78 75 
6 94 
1 87 
25 102 
110 19 
111 28 
106 93 
88 70 
21 89 
20 108 
19 33 
34 74 
21 54 
96 110 
67 108 
70 44 
4 66 
70 84 
59 57 
4 62 
3 38 
78 30 
69 57 
19 14 
81 37 
41 1 
35 30 
77 95 
37 58 
25 81 
44 92 
86 1 
96 70 
54 84 
17 92 
78 102 
94 107 
50 51 
97 76 
10 62 
6 58 
112 82 
23 31 
97 91 
80 111 
109 99 
46 68 
89 72 
83 43 
110 13 
81 76 
68 97 
86 77 
75 68 
30 86 
17 94 
23 4 
38 27 
82 43 
59 64 
13 85 
55 96 
66 67 
7 5 
41 96 
15 1 
105 86 
26 43 
30 29 
15 14 
17 64 
7 87 
23 54 
70 102 
80 84 
91 78 
98 97 
51 73 
55 45 
105 37 
96 73 
56 107 
90 95 
29 31 
53 19 
112 45 
92 83 
66 95 
110 87 
94 95 
42 34 
94 96 
59 77 
33 66 
13 55 
12 104 
73 85 
14 16 
15 9 
76 101 
41 7 
101 4 
107 32 
21 98 
99 32 
110 70 
78 92 
49 3 
37 102 
112 85 
100 25 
50 69 
102 10 
3 67 
83 106 
61 58 
6 48 
27 47 
48 66 
59 6 
111 73 
32 70 
96 27 
69 59 
42 94 
87 16 
76 28 
97 27 
89 103 
14 71 
35 15 
107 47 
67 39 
103 25 
55 63 
80 67 
73 21 
4 36 
76 82 
42 88 
29 105 
76 55 
80 27 
91 6 
86 74 
57 99 
40 7 
99 70 
100 55 
50 23 
96 25 
20 19 
49 28 
111 7 
42 83 
46 2 
31 59 
34 33 
7 95 
91 28 
46 67 
35 90 
28 6 
36 90 
21 62 
109 10 
101 44 
82 100 
71 107 
110 22 
33 101 
1 51 
51 99 
22 14 
67 100 
5 44 
10 46 
54 20 
105 54 
7 15 
50 26 
24 82 
49 85 
55 41 
23 49 
84 38 
51 41 
61 81 
91 50 
45 90 
27 72 
54 110 
55 33 
16 95 
21 45 
110 93 
102 11 
6 18 
87 10 
8 62 
34 7 
52 16 
10 53 
22 82 
2 97 
76 110 
33 3 
32 75 
38 82 
21 63 
70 80 
64 49 
77 75 
88 49 
67 11 
74 103 
52 81 
8 94 
75 42 
29 77 
32 90 
85 9 
92 47 
78 4 
71 28 
40 53 
3 57 
67 49 
110 26 
68 4 
103 18 
109 6 
94 32 
106 37 
42 81 
60 36 
87 41 
34 70 
90 85 
16 83 
47 50 
32 40 
39 82 
110 9 
31 103 
36 81 
42 76 
109 38 
52 35 
12 98 
60 99 
88 105 
33 61 
35 38 
3 98 
92 26 
65 80 
3 83 
13 53 
23 44 
18 36 
31 50 
84 81 
41 12 
17 15 
30 59 
10 60 
56 74 
34 26 
30 102 
64 65 
22 81 
4 57 
42 82 
105 60 
109 21 
44 22 
23 66 
59 74 
77 104 
63 86 
72 7 
102 50 
110 4 
30 99 
7 75 
37 103 
97 45 
65 102 
46 50 
71 44 
25 92 
54 111 
71 75 
9 61 
23 85 
91 53 
2 44 
68 111 
75 47 
7 9 
109 98 
23 8 
59 98 
101 92 
90 2 
14 97 
64 23 
44 91 
65 57 
37 97 
33 89 
46 52 
39 50 
67 35 
19 5 
103 21 
97 31 
13 102 
49 40 
102 66 
40 58 
76 34 
24 40 
62 14 
99 97 
2 24 
84 29 
32 26 
2 68 
29 12 
53 16 
74 6 
111 46 
88 77 
14 68 
9 33 
54 26 
42 19 
32 43 
78 11 
94 7 
46 51 
89 43 
10 78 
5 15 
21 91 
108 104 
92 99 
109 73 
33 93 
60 46 
18 20 
9 48 
9 45 
77 27 
77 16 
41 16 
13 61 
21 40 
94 24 
55 107 
72 77 
28 112 
69 96 
16 62 
106 73 
98 74 
69 37 
76 52 
93 34 
97 62 
90 105 
47 39 
19 12 
101 59 
14 75 
48 18 
98 7 
50 1 
30 67 
20 96 
98 105 
4 75 
78 45 
48 86 
108 107 
25 55 
100 76 
59 107 
75 21 
92 59 
40 60 
9 39 
56 72 
15 36 
95 111 
69 14 
31 110 
12 60 
58 56 
10 93 
22 2 
72 82 
56 94 
31 43 
31 81 
39 87 
20 36 
35 91 
56 25 
18 101 
111 47 
41 37 
83 33 
93 73 
18 95 
41 29 
48 76 
9 11 
12 91 
62 98 
57 30 
75 59 
87 73 
33 65 
79 90 
95 78 
