185 5205 
122 245 95 136 184 124 264 265 167 194 104 225 299 43 280 139 97 121 268 138 215 6 153 78 257 294 114 110 118 270 299 81 285 151 19 175 19 141 231 121 5 24 108 128 90 61 145 269 115 46 97 174 260 286 282 177 39 113 61 297 36 37 176 55 142 148 231 230 2 92 20 230 98 51 79 158 7 118 119 121 294 296 26 28 39 172 104 127 115 63 166 31 178 38 209 113 135 273 179 175 6 230 2 60 246 118 53 34 222 84 23 245 164 86 217 273 201 295 15 83 91 222 109 148 240 118 89 252 217 124 171 223 288 264 81 216 220 194 257 259 109 181 222 284 191 114 135 140 132 299 128 58 131 169 300 51 128 168 257 36 174 275 296 6 240 212 88 202 255 121 31 212 195 11 165 157 184 215 25 176 200 289 163 276 205 
175 135 
90 60 
117 51 
167 179 
158 35 
142 124 
148 30 
2 152 
28 139 
84 21 
125 34 
73 3 
53 75 
59 35 
143 122 
37 35 
28 129 
75 60 
178 119 
12 142 
72 51 
58 139 
147 31 
34 85 
23 81 
94 111 
141 160 
126 106 
174 177 
29 80 
122 32 
105 177 
174 97 
125 134 
122 17 
175 53 
11 21 
72 124 
168 144 
106 140 
4 31 
88 67 
88 44 
175 45 
1 110 
109 81 
95 164 
158 135 
48 123 
176 113 
82 67 
34 163 
173 94 
117 105 
4 80 
120 157 
36 34 
82 38 
38 172 
100 85 
172 82 
94 51 
182 101 
177 1 
37 129 
113 15 
82 74 
37 172 
118 15 
72 6 
162 131 
149 43 
122 90 
169 174 
155 70 
124 116 
119 56 
39 185 
35 121 
52 94 
166 53 
35 90 
20 75 
77 23 
113 182 
139 26 
160 183 
59 166 
47 59 
13 164 
5 42 
78 35 
49 96 
93 96 
177 176 
51 130 
4 137 
84 59 
75 148 
159 149 
169 126 
14 98 
149 64 
67 107 
60 16 
19 2 
69 131 
133 28 
125 88 
21 79 
99 177 
3 92 
41 147 
17 131 
143 129 
7 41 
124 121 
3 171 
182 77 
18 56 
136 66 
82 13 
154 11 
144 97 
15 155 
146 90 
58 11 
28 51 
105 81 
156 95 
90 59 
34 113 
120 151 
66 73 
85 86 
100 2 
11 115 
140 23 
106 34 
133 53 
82 40 
129 170 
86 101 
62 61 
75 17 
178 177 
23 17 
88 95 
55 179 
178 60 
72 113 
108 43 
154 24 
66 67 
57 102 
123 147 
73 181 
56 86 
127 64 
148 175 
125 112 
20 69 
75 19 
143 134 
96 183 
47 74 
58 82 
84 22 
68 74 
36 122 
56 147 
93 142 
129 131 
46 3 
181 42 
60 120 
51 104 
126 71 
150 54 
134 66 
20 142 
74 55 
122 153 
112 4 
148 155 
167 76 
90 132 
88 29 
164 47 
181 20 
156 37 
172 21 
100 41 
166 1 
58 115 
107 91 
45 176 
173 18 
21 60 
133 8 
114 150 
15 56 
77 108 
150 3 
171 124 
34 131 
129 172 
126 57 
141 3 
20 94 
70 19 
47 118 
4 20 
117 25 
65 16 
20 82 
51 175 
46 96 
175 36 
154 59 
118 9 
180 130 
52 103 
70 149 
171 14 
23 131 
110 66 
177 115 
105 97 
23 113 
175 182 
60 127 
145 8 
81 87 
142 34 
51 159 
123 119 
112 93 
140 127 
91 31 
49 93 
85 97 
63 32 
90 26 
71 178 
114 84 
162 121 
144 11 
48 160 
134 150 
158 70 
182 64 
31 96 
42 72 
152 159 
67 115 
177 74 
60 77 
113 136 
52 39 
14 30 
161 92 
52 119 
34 3 
106 78 
91 136 
46 40 
30 137 
88 61 
12 111 
106 64 
151 145 
57 17 
21 100 
70 80 
130 114 
89 160 
8 117 
106 86 
14 21 
143 91 
3 124 
3 74 
115 143 
110 103 
86 125 
79 118 
138 168 
12 126 
66 41 
25 69 
114 183 
165 183 
35 116 
183 54 
127 122 
141 131 
184 27 
96 103 
42 106 
33 101 
98 95 
110 183 
73 139 
168 152 
37 120 
23 84 
41 129 
82 153 
108 185 
22 100 
101 69 
185 89 
158 140 
161 53 
133 90 
66 9 
7 32 
53 122 
102 64 
139 156 
102 49 
35 155 
99 40 
138 21 
11 60 
40 160 
48 38 
71 23 
172 77 
13 157 
114 76 
79 51 
84 96 
86 100 
90 113 
170 171 
61 107 
140 12 
65 96 
28 85 
111 112 
13 75 
109 10 
150 61 
125 124 
47 96 
47 56 
42 73 
139 145 
55 66 
132 15 
125 90 
19 32 
28 148 
14 130 
20 164 
128 7 
181 180 
142 139 
116 149 
61 97 
92 95 
26 20 
29 121 
20 86 
54 36 
184 69 
94 122 
33 145 
67 45 
76 57 
104 71 
143 141 
1 94 
69 57 
166 16 
136 54 
164 138 
179 103 
87 72 
121 34 
105 26 
8 174 
17 64 
85 123 
160 62 
126 147 
95 149 
127 171 
18 97 
38 59 
53 170 
40 6 
129 140 
100 99 
112 66 
101 115 
103 38 
30 168 
41 95 
63 146 
160 123 
161 93 
164 66 
64 22 
84 166 
62 59 
180 154 
62 42 
110 62 
14 41 
78 124 
130 66 
119 158 
165 24 
27 83 
150 171 
9 183 
100 110 
153 170 
149 135 
70 140 
14 11 
97 161 
56 72 
73 16 
108 30 
31 28 
61 152 
42 92 
42 83 
46 101 
159 20 
36 38 
42 19 
105 162 
67 138 
155 8 
124 99 
87 32 
123 101 
7 80 
47 160 
96 86 
69 179 
81 97 
150 86 
33 48 
36 57 
151 157 
170 6 
47 134 
167 170 
109 105 
32 34 
59 42 
87 69 
64 161 
123 17 
149 27 
180 74 
183 57 
167 6 
98 137 
4 157 
137 176 
38 37 
162 123 
30 136 
152 29 
39 165 
144 127 
129 94 
111 84 
18 4 
159 75 
66 63 
2 38 
74 170 
53 144 
62 101 
36 119 
158 38 
66 12 
154 171 
176 152 
162 119 
92 155 
36 5 
26 84 
15 172 
83 65 
184 75 
110 134 
171 34 
117 92 
183 105 
71 18 
159 91 
57 109 
179 14 
181 83 
176 114 
130 46 
107 104 
169 144 
7 111 
183 184 
139 107 
120 124 
67 51 
2 24 
131 83 
61 162 
173 63 
84 52 
103 40 
17 50 
83 89 
81 80 
155 135 
109 71 
13 57 
66 121 
42 38 
111 164 
94 69 
14 16 
129 74 
111 151 
40 98 
136 84 
105 106 
85 133 
91 21 
172 122 
31 48 
144 5 
133 146 
153 144 
179 131 
142 4 
100 42 
147 30 
148 73 
79 53 
82 127 
168 182 
125 58 
57 54 
41 183 
183 29 
142 10 
76 53 
87 140 
72 81 
147 2 
160 149 
121 118 
147 39 
15 1 
48 54 
44 83 
182 76 
94 18 
180 80 
114 178 
135 151 
170 93 
135 56 
82 72 
108 38 
48 88 
90 53 
165 113 
175 146 
16 4 
184 159 
124 156 
120 50 
55 84 
38 169 
102 175 
139 53 
149 136 
70 27 
2 13 
184 116 
39 60 
112 18 
131 38 
139 84 
19 65 
84 174 
34 75 
174 82 
59 45 
103 117 
8 30 
45 98 
52 168 
13 91 
132 46 
177 126 
129 154 
86 183 
7 70 
152 155 
113 96 
49 166 
145 67 
10 72 
111 10 
12 83 
116 152 
93 79 
70 92 
179 135 
111 15 
38 54 
92 106 
83 85 
15 17 
126 60 
175 57 
132 177 
21 165 
19 115 
174 129 
66 97 
152 108 
3 160 
174 138 
2 63 
45 83 
173 148 
28 103 
167 48 
128 173 
107 103 
11 90 
67 129 
103 130 
111 109 
183 162 
52 154 
99 9 
96 134 
130 70 
113 83 
60 125 
148 27 
185 12 
28 162 
45 153 
62 92 
18 163 
5 172 
47 110 
160 139 
31 32 
36 160 
47 2 
134 100 
142 14 
90 103 
34 42 
63 5 
66 179 
178 81 
183 146 
159 9 
7 116 
115 35 
173 49 
127 164 
89 79 
116 181 
59 33 
102 144 
44 43 
59 41 
129 59 
133 40 
152 163 
110 89 
160 181 
144 25 
55 95 
1 82 
102 160 
4 61 
65 118 
125 1 
42 144 
55 142 
165 97 
72 24 
173 74 
67 25 
57 18 
111 97 
179 4 
166 137 
50 131 
16 159 
58 174 
80 93 
41 75 
103 161 
101 25 
121 75 
70 166 
154 108 
109 170 
128 93 
32 76 
148 66 
175 137 
74 40 
50 30 
163 36 
165 114 
167 42 
135 162 
15 162 
24 49 
99 142 
7 63 
3 85 
76 125 
76 153 
29 145 
152 75 
108 44 
144 46 
65 154 
22 154 
140 176 
172 151 
117 108 
95 162 
59 105 
94 106 
152 169 
140 183 
84 90 
100 83 
27 78 
159 14 
10 97 
149 62 
57 15 
83 173 
7 179 
163 60 
87 178 
79 49 
71 175 
74 95 
157 128 
88 7 
20 102 
91 126 
74 73 
87 163 
105 161 
1 122 
168 94 
44 184 
147 170 
108 183 
166 87 
73 182 
34 93 
140 148 
77 66 
121 135 
174 66 
155 143 
102 87 
93 97 
168 142 
138 92 
157 145 
101 152 
113 49 
120 102 
8 178 
84 155 
57 47 
29 22 
87 111 
41 44 
160 16 
64 150 
114 177 
167 34 
23 109 
129 82 
23 57 
22 180 
22 17 
87 45 
146 98 
43 90 
26 27 
66 95 
81 157 
177 181 
69 30 
129 176 
15 91 
33 30 
128 116 
60 153 
65 10 
85 63 
56 77 
109 11 
7 11 
21 72 
35 161 
87 56 
88 128 
118 10 
127 38 
11 124 
17 108 
120 101 
69 42 
73 122 
52 114 
67 34 
117 90 
25 16 
149 183 
4 182 
133 185 
94 123 
35 36 
95 130 
145 37 
124 153 
179 173 
6 84 
34 69 
79 38 
91 142 
19 137 
40 158 
106 6 
124 18 
168 68 
119 134 
13 140 
184 134 
147 180 
14 61 
172 128 
87 18 
95 42 
154 2 
150 25 
144 177 
107 90 
172 171 
130 98 
38 62 
18 27 
79 184 
146 19 
142 61 
134 126 
92 185 
143 145 
126 128 
175 120 
87 25 
63 22 
113 132 
89 16 
127 176 
6 124 
93 66 
101 170 
53 11 
148 84 
118 38 
101 134 
165 62 
18 136 
37 118 
158 22 
158 124 
55 2 
120 81 
145 173 
29 122 
107 96 
126 123 
19 109 
130 133 
160 122 
75 140 
83 136 
88 34 
77 82 
96 45 
152 36 
2 50 
63 77 
78 175 
14 166 
100 20 
41 49 
69 89 
183 100 
103 145 
41 60 
73 59 
140 133 
60 24 
77 156 
132 47 
113 108 
47 43 
129 91 
108 55 
21 28 
28 136 
8 37 
117 153 
179 70 
157 178 
29 43 
144 178 
131 79 
9 76 
50 59 
172 72 
90 58 
97 67 
89 73 
171 21 
125 105 
71 148 
144 161 
36 96 
101 183 
102 158 
146 1 
53 6 
52 150 
45 86 
179 148 
169 79 
58 152 
103 59 
130 132 
133 168 
92 33 
170 25 
7 76 
70 105 
80 182 
74 101 
159 53 
81 171 
25 63 
180 172 
101 70 
27 67 
68 129 
105 82 
136 125 
97 88 
138 41 
112 126 
146 147 
19 147 
17 95 
37 103 
172 40 
13 18 
85 60 
101 76 
60 54 
10 144 
67 76 
37 16 
81 133 
51 17 
146 99 
121 48 
166 131 
80 57 
41 156 
5 59 
143 20 
163 153 
27 124 
2 16 
55 167 
125 178 
104 99 
65 36 
43 137 
104 138 
141 95 
155 112 
80 72 
71 159 
94 156 
4 118 
128 171 
164 65 
166 185 
110 108 
175 161 
126 1 
86 36 
105 71 
101 2 
168 5 
177 37 
102 65 
99 84 
110 131 
69 165 
71 176 
46 37 
169 118 
73 22 
109 33 
94 185 
6 123 
103 71 
94 110 
63 39 
92 74 
46 35 
112 151 
15 85 
23 179 
39 119 
80 117 
183 45 
46 175 
169 170 
169 82 
19 155 
165 5 
39 3 
100 179 
98 24 
170 175 
80 94 
108 128 
89 140 
54 145 
80 20 
111 163 
78 14 
42 175 
151 154 
164 76 
23 37 
42 25 
16 3 
15 86 
79 109 
104 160 
24 150 
130 40 
60 97 
160 20 
60 152 
184 65 
29 168 
45 76 
151 175 
81 74 
101 100 
29 157 
127 97 
135 25 
67 32 
41 42 
18 73 
71 171 
109 167 
27 7 
95 34 
137 162 
80 30 
168 181 
185 176 
172 51 
24 84 
19 180 
185 54 
68 60 
134 132 
62 39 
53 173 
132 129 
107 5 
60 53 
155 56 
80 165 
119 28 
42 17 
116 121 
10 110 
135 11 
93 48 
8 11 
114 110 
106 13 
136 107 
132 51 
132 16 
99 122 
83 62 
146 163 
81 33 
71 77 
57 91 
34 65 
35 122 
58 27 
166 38 
7 81 
94 99 
122 46 
64 56 
69 178 
57 44 
107 82 
97 63 
63 49 
58 104 
179 177 
67 113 
178 12 
178 46 
124 122 
67 68 
10 135 
112 72 
23 24 
72 139 
150 164 
2 44 
61 86 
7 33 
184 146 
136 145 
80 143 
174 142 
17 179 
103 87 
83 1 
61 182 
127 86 
82 125 
124 113 
139 1 
88 142 
141 49 
156 2 
77 118 
173 101 
132 116 
167 94 
14 140 
91 98 
57 94 
116 52 
28 77 
160 29 
61 15 
144 37 
135 45 
55 68 
36 30 
34 108 
49 82 
89 9 
135 180 
73 91 
26 121 
122 104 
140 99 
3 137 
109 14 
110 158 
98 156 
42 185 
162 16 
177 87 
129 63 
88 82 
66 185 
79 117 
177 124 
119 10 
176 170 
101 21 
27 167 
116 143 
70 38 
181 141 
184 62 
118 166 
74 1 
164 170 
1 162 
181 26 
185 178 
143 88 
19 114 
17 180 
86 112 
87 64 
49 54 
69 171 
86 182 
143 74 
120 84 
60 82 
13 100 
90 73 
106 15 
55 144 
27 51 
81 137 
153 107 
125 154 
51 11 
172 59 
134 6 
106 139 
99 60 
38 32 
96 123 
184 13 
56 22 
38 183 
102 162 
179 96 
128 89 
47 154 
120 172 
43 50 
125 79 
86 166 
129 98 
99 149 
84 14 
10 71 
150 115 
144 51 
153 100 
158 127 
10 148 
79 121 
10 78 
28 163 
19 179 
151 17 
163 26 
21 108 
67 104 
81 27 
35 174 
88 102 
107 164 
72 151 
31 37 
23 67 
97 19 
49 159 
15 154 
143 69 
81 6 
113 141 
93 27 
77 161 
104 13 
176 103 
55 113 
24 64 
21 177 
103 138 
78 145 
122 69 
23 97 
131 183 
38 73 
81 175 
58 116 
58 147 
78 6 
89 114 
115 124 
177 19 
107 177 
73 177 
16 114 
128 9 
179 77 
9 71 
6 120 
147 75 
59 9 
63 108 
109 64 
27 125 
136 143 
183 154 
30 153 
1 35 
28 39 
62 121 
156 17 
101 95 
91 100 
91 133 
72 142 
64 86 
22 18 
157 50 
34 99 
37 72 
48 1 
11 89 
13 134 
50 117 
126 22 
109 48 
167 56 
70 1 
59 32 
6 104 
93 180 
71 26 
97 129 
29 23 
15 65 
142 152 
174 68 
152 52 
118 30 
74 162 
104 153 
166 36 
52 51 
153 182 
17 144 
184 74 
167 110 
27 24 
39 5 
69 166 
125 152 
6 71 
159 38 
7 86 
155 90 
156 14 
161 110 
57 34 
38 47 
75 151 
135 123 
9 119 
48 129 
141 170 
65 178 
11 176 
151 1 
106 124 
125 78 
42 61 
96 81 
43 40 
71 33 
38 18 
31 136 
47 169 
100 15 
45 148 
141 105 
9 87 
28 176 
117 6 
28 5 
81 150 
43 118 
84 157 
132 93 
65 126 
58 138 
103 114 
141 124 
125 30 
67 178 
25 7 
137 125 
77 101 
116 115 
98 122 
102 164 
104 147 
103 83 
38 105 
64 160 
75 176 
138 90 
55 83 
172 29 
94 82 
1 75 
80 23 
157 132 
116 161 
158 74 
163 169 
6 45 
58 126 
100 14 
54 179 
42 29 
136 117 
66 38 
77 54 
83 171 
13 44 
129 178 
36 32 
169 100 
25 129 
115 147 
86 33 
166 154 
35 27 
118 95 
172 138 
78 103 
63 127 
122 156 
37 4 
49 78 
26 102 
57 71 
73 1 
86 175 
63 38 
175 138 
131 134 
149 61 
48 56 
71 151 
153 31 
82 164 
116 4 
150 151 
72 116 
112 154 
129 136 
22 26 
92 84 
25 148 
41 38 
57 134 
99 77 
117 157 
86 92 
163 176 
91 94 
48 145 
82 160 
123 3 
16 7 
96 160 
55 26 
173 52 
79 166 
157 144 
141 44 
69 112 
162 136 
155 114 
54 84 
156 30 
19 48 
32 13 
97 73 
96 174 
103 42 
3 55 
80 45 
55 22 
169 23 
179 68 
9 10 
150 94 
178 10 
64 42 
172 125 
22 51 
6 3 
182 55 
15 163 
155 129 
23 126 
87 129 
12 106 
107 149 
52 26 
14 163 
143 107 
136 148 
55 170 
167 181 
44 154 
6 122 
123 61 
121 99 
56 149 
134 149 
63 10 
170 165 
25 99 
8 98 
28 15 
44 155 
175 70 
9 46 
140 112 
36 1 
129 31 
122 130 
147 38 
65 146 
50 6 
66 31 
70 167 
87 43 
148 79 
98 121 
149 2 
177 128 
46 91 
27 65 
174 95 
139 183 
182 181 
31 88 
180 46 
151 86 
45 42 
99 55 
36 64 
101 146 
59 108 
107 165 
26 95 
162 133 
50 171 
101 13 
9 94 
174 116 
133 112 
9 157 
169 67 
166 128 
155 53 
14 151 
78 48 
67 117 
67 11 
126 13 
179 89 
163 118 
48 133 
14 121 
77 92 
41 124 
144 84 
112 12 
139 149 
95 69 
24 138 
162 100 
2 61 
94 146 
147 143 
175 180 
153 172 
24 65 
161 124 
61 21 
109 160 
46 20 
42 146 
3 138 
171 17 
49 57 
35 85 
44 174 
55 67 
71 153 
53 131 
145 76 
13 120 
61 101 
114 98 
4 169 
125 148 
32 54 
136 77 
182 28 
161 12 
54 61 
171 68 
80 170 
52 169 
23 128 
120 39 
30 162 
102 147 
61 124 
127 74 
181 40 
27 108 
143 33 
77 38 
19 148 
138 94 
63 156 
13 89 
152 96 
138 105 
121 149 
39 184 
168 170 
169 54 
119 168 
1 141 
163 98 
110 45 
44 11 
20 17 
77 140 
62 74 
93 30 
52 155 
37 34 
165 51 
136 73 
23 42 
34 48 
91 16 
140 152 
92 13 
59 111 
21 144 
159 61 
25 171 
152 151 
149 49 
28 4 
67 142 
170 1 
90 19 
10 13 
56 89 
62 40 
54 148 
53 74 
112 9 
176 43 
115 111 
124 84 
169 44 
10 166 
123 149 
92 113 
81 30 
16 182 
86 27 
7 75 
63 4 
86 123 
150 17 
117 154 
133 150 
183 159 
128 33 
34 119 
82 4 
41 58 
72 170 
5 98 
165 162 
70 47 
22 54 
135 53 
78 173 
101 75 
51 102 
164 126 
93 20 
87 1 
135 116 
185 78 
185 158 
53 154 
113 37 
100 138 
39 142 
127 25 
7 54 
183 121 
165 131 
148 97 
177 18 
32 178 
48 96 
52 132 
178 11 
177 142 
114 142 
70 177 
44 165 
47 76 
70 55 
170 42 
113 9 
178 148 
1 107 
174 11 
137 172 
149 115 
123 108 
153 50 
31 36 
28 88 
52 124 
178 179 
114 66 
101 59 
48 147 
33 138 
154 34 
146 129 
1 68 
27 147 
58 31 
12 157 
124 45 
51 23 
105 107 
21 135 
104 155 
130 137 
163 170 
115 97 
6 91 
142 165 
127 154 
159 145 
123 174 
4 76 
66 5 
8 115 
31 118 
43 114 
82 22 
22 11 
180 43 
165 158 
147 45 
76 132 
35 20 
26 152 
181 18 
87 14 
175 60 
49 182 
167 172 
29 62 
92 154 
117 52 
138 173 
141 164 
167 13 
155 13 
73 94 
101 4 
21 85 
6 19 
178 56 
69 44 
122 113 
159 123 
157 127 
164 145 
126 124 
124 97 
171 29 
156 175 
117 155 
9 168 
82 34 
95 78 
149 87 
38 45 
82 109 
146 71 
133 6 
125 57 
7 24 
37 165 
130 55 
169 86 
38 177 
130 75 
82 175 
94 53 
57 105 
73 123 
108 58 
29 102 
173 98 
12 2 
23 170 
144 137 
141 152 
154 88 
79 36 
86 34 
124 49 
100 55 
136 25 
126 131 
13 56 
143 76 
28 158 
97 149 
182 62 
168 79 
70 15 
4 121 
98 7 
115 182 
104 100 
139 105 
11 155 
41 102 
180 13 
5 15 
157 160 
29 45 
14 36 
78 84 
55 151 
127 148 
174 184 
178 27 
164 77 
181 89 
43 115 
159 47 
66 118 
99 92 
168 120 
133 178 
172 20 
164 148 
160 140 
149 155 
142 136 
6 49 
17 93 
174 170 
149 154 
108 153 
179 172 
150 60 
26 67 
55 135 
171 135 
148 181 
5 150 
68 62 
107 50 
102 81 
67 20 
16 74 
8 183 
30 41 
167 5 
51 85 
116 153 
29 7 
15 81 
83 170 
107 71 
94 140 
25 91 
176 82 
47 18 
90 54 
138 158 
77 133 
185 113 
40 79 
163 113 
102 37 
155 185 
93 85 
5 65 
88 149 
109 6 
114 170 
163 105 
119 29 
94 159 
114 97 
131 65 
136 75 
35 172 
136 72 
100 84 
105 11 
166 101 
179 108 
11 54 
85 136 
125 135 
89 62 
8 81 
108 78 
2 182 
141 176 
27 23 
24 176 
185 16 
108 111 
69 73 
3 36 
144 3 
158 17 
171 108 
77 11 
90 98 
176 145 
145 65 
88 120 
145 2 
131 94 
2 82 
163 64 
62 108 
135 59 
24 185 
90 136 
11 73 
57 26 
12 62 
123 95 
53 179 
157 97 
118 117 
117 176 
163 19 
179 183 
175 24 
94 119 
12 78 
114 28 
34 47 
28 26 
173 95 
133 102 
2 153 
179 150 
150 84 
2 89 
86 40 
5 146 
73 33 
60 96 
35 180 
170 89 
40 183 
109 80 
35 45 
182 12 
44 130 
174 143 
66 98 
32 66 
159 40 
99 86 
176 63 
150 172 
118 48 
10 8 
126 136 
15 144 
80 17 
79 11 
67 99 
176 105 
121 142 
134 139 
159 164 
19 55 
2 165 
65 115 
19 156 
75 63 
156 18 
41 63 
19 165 
30 35 
103 116 
158 56 
131 156 
125 159 
160 178 
163 125 
123 50 
52 50 
102 67 
39 15 
125 108 
14 88 
142 59 
127 2 
146 110 
159 106 
93 72 
100 7 
60 173 
53 119 
171 105 
18 176 
105 40 
173 89 
159 138 
120 35 
134 179 
154 74 
58 77 
156 136 
47 9 
89 48 
172 27 
43 17 
145 163 
136 158 
24 171 
67 5 
75 168 
127 18 
60 73 
163 173 
165 79 
130 57 
108 164 
57 24 
55 39 
40 167 
29 136 
118 154 
53 95 
142 138 
87 100 
61 120 
128 176 
166 68 
6 13 
30 12 
62 15 
153 29 
120 154 
11 85 
178 73 
184 101 
110 155 
24 146 
17 54 
170 67 
168 140 
146 172 
40 149 
29 112 
54 163 
49 153 
42 65 
158 27 
170 178 
108 1 
139 64 
184 53 
31 15 
13 149 
128 36 
156 31 
147 95 
173 110 
85 40 
120 180 
91 20 
136 111 
10 170 
71 24 
176 153 
21 125 
88 114 
181 106 
54 125 
24 41 
27 66 
159 163 
28 89 
145 161 
33 165 
117 161 
31 77 
99 87 
152 162 
114 44 
28 177 
48 177 
135 174 
103 131 
160 52 
93 65 
23 148 
114 42 
175 41 
46 52 
177 167 
22 71 
82 121 
14 154 
101 18 
100 80 
40 42 
82 100 
41 116 
15 89 
116 172 
140 36 
104 102 
1 51 
89 32 
169 139 
97 101 
38 185 
55 148 
149 23 
5 48 
99 184 
52 158 
51 40 
93 102 
158 8 
78 36 
180 9 
15 147 
83 140 
143 160 
101 103 
113 78 
96 117 
135 181 
25 95 
95 160 
89 46 
13 153 
67 93 
48 124 
47 105 
67 57 
175 105 
53 45 
162 108 
84 4 
175 48 
76 85 
168 143 
41 57 
172 134 
102 1 
37 141 
174 27 
91 165 
156 134 
15 103 
168 93 
110 172 
164 61 
77 110 
23 39 
28 83 
175 21 
98 161 
108 64 
78 88 
66 87 
92 28 
43 170 
139 175 
35 113 
16 102 
149 184 
94 164 
123 117 
68 75 
4 152 
51 12 
144 111 
177 119 
17 152 
142 26 
93 43 
26 134 
12 41 
119 131 
174 178 
99 105 
85 148 
131 128 
9 48 
139 62 
108 66 
118 51 
109 130 
58 142 
165 81 
38 117 
84 87 
2 37 
33 68 
119 26 
166 83 
68 182 
17 77 
19 119 
85 52 
27 162 
175 173 
8 36 
92 36 
28 184 
81 162 
129 2 
156 130 
65 4 
101 24 
30 139 
157 65 
160 26 
55 180 
5 164 
185 173 
68 116 
70 8 
82 122 
5 102 
42 173 
123 97 
180 38 
17 63 
40 5 
183 85 
177 58 
123 18 
157 107 
90 63 
104 94 
37 55 
64 179 
103 133 
174 26 
1 50 
181 139 
148 118 
81 40 
12 77 
27 75 
128 132 
100 175 
101 131 
121 129 
20 165 
77 57 
26 3 
44 71 
5 101 
183 97 
132 8 
70 67 
31 102 
58 42 
176 109 
180 18 
98 147 
157 112 
101 82 
30 145 
112 78 
92 14 
144 142 
4 147 
43 68 
129 56 
19 99 
142 149 
46 182 
44 151 
100 116 
149 4 
145 74 
183 167 
120 176 
72 14 
125 32 
100 92 
112 94 
68 54 
59 66 
89 36 
124 15 
138 177 
8 87 
50 155 
185 103 
117 77 
151 9 
185 21 
167 25 
73 65 
78 121 
157 121 
70 22 
32 144 
93 35 
49 50 
148 59 
174 88 
124 178 
64 54 
124 19 
91 12 
16 85 
82 168 
78 137 
170 2 
6 94 
174 172 
76 126 
5 108 
103 60 
156 172 
89 111 
1 7 
154 104 
20 57 
70 36 
78 111 
130 162 
158 146 
114 99 
28 146 
125 99 
22 68 
64 134 
40 111 
15 40 
134 162 
24 15 
135 164 
37 104 
58 117 
43 106 
92 59 
49 2 
10 146 
136 127 
184 85 
54 175 
94 143 
78 97 
76 112 
88 180 
66 146 
49 75 
78 91 
167 180 
64 33 
111 34 
166 6 
112 90 
87 182 
13 147 
47 91 
93 182 
55 118 
52 125 
6 87 
17 46 
175 17 
123 60 
60 84 
19 121 
123 176 
35 64 
167 126 
82 151 
117 86 
174 92 
176 33 
89 158 
77 120 
35 176 
59 110 
176 167 
75 18 
9 133 
144 85 
28 41 
58 118 
38 22 
68 161 
181 122 
84 73 
84 158 
143 22 
132 138 
45 22 
170 160 
89 130 
53 47 
182 110 
78 179 
72 152 
123 113 
180 61 
51 56 
133 179 
71 181 
94 113 
130 127 
11 170 
34 134 
111 23 
147 66 
102 19 
83 105 
10 138 
105 103 
101 171 
33 3 
2 92 
61 8 
101 43 
44 170 
175 65 
91 174 
62 14 
80 114 
23 132 
125 109 
154 174 
157 173 
81 143 
106 44 
28 19 
81 158 
151 182 
41 136 
110 128 
127 129 
52 95 
127 12 
109 73 
43 39 
64 66 
94 75 
68 153 
38 125 
6 8 
60 58 
183 177 
75 97 
128 67 
39 110 
153 42 
151 21 
180 128 
94 149 
47 143 
122 64 
104 55 
173 59 
110 74 
67 37 
28 98 
142 137 
83 153 
146 8 
45 113 
179 82 
164 57 
134 63 
160 46 
5 41 
118 39 
24 75 
181 157 
99 139 
12 53 
174 25 
32 101 
127 173 
49 9 
163 45 
3 64 
68 184 
172 155 
75 93 
168 139 
1 153 
130 141 
136 166 
146 53 
35 101 
76 60 
128 97 
134 159 
127 27 
146 68 
164 42 
122 25 
172 142 
164 67 
159 42 
69 77 
67 56 
180 32 
141 107 
32 142 
118 12 
151 87 
57 28 
14 71 
5 149 
148 11 
20 1 
148 141 
115 172 
180 177 
35 181 
109 178 
87 74 
66 181 
91 153 
44 121 
75 30 
78 127 
78 83 
81 139 
60 33 
125 48 
41 97 
171 126 
164 152 
29 25 
46 56 
141 98 
62 120 
172 14 
165 16 
80 147 
12 128 
118 160 
152 161 
103 63 
121 92 
27 134 
181 55 
175 108 
116 43 
15 123 
146 32 
14 31 
22 27 
28 153 
157 67 
122 171 
71 36 
146 151 
6 163 
60 49 
124 137 
34 31 
168 87 
49 88 
162 127 
162 96 
6 61 
12 31 
115 26 
8 161 
16 68 
22 149 
181 93 
148 44 
149 103 
168 172 
43 105 
151 60 
46 22 
159 76 
6 168 
116 63 
145 95 
113 181 
51 73 
183 103 
93 136 
119 167 
55 129 
177 137 
57 172 
28 64 
129 72 
6 56 
108 104 
143 118 
33 17 
12 1 
136 19 
97 171 
104 69 
55 33 
175 164 
26 21 
24 81 
30 37 
160 108 
144 74 
148 112 
31 33 
30 22 
86 164 
64 44 
182 157 
31 121 
23 3 
74 98 
165 123 
139 17 
183 178 
106 174 
144 79 
162 173 
130 160 
170 39 
61 173 
2 85 
105 78 
71 110 
146 104 
149 35 
81 75 
167 98 
62 118 
116 163 
17 113 
114 77 
117 122 
82 142 
51 44 
66 128 
71 42 
1 169 
180 163 
72 78 
183 151 
118 54 
24 92 
175 127 
48 127 
27 43 
149 171 
175 79 
163 43 
172 22 
14 34 
18 64 
40 136 
174 158 
94 170 
65 160 
41 77 
60 71 
175 20 
147 86 
89 102 
105 149 
105 168 
51 125 
100 123 
53 125 
146 181 
109 169 
100 156 
149 37 
12 15 
131 46 
10 152 
152 11 
76 83 
111 6 
36 13 
103 50 
6 5 
3 37 
180 111 
161 29 
152 175 
159 46 
38 135 
165 139 
177 161 
81 52 
64 152 
30 18 
159 78 
121 136 
143 15 
30 99 
105 174 
27 5 
79 145 
176 64 
3 115 
170 115 
58 182 
129 171 
50 89 
48 90 
55 109 
70 30 
66 8 
15 119 
126 29 
16 131 
179 175 
13 21 
80 138 
171 91 
152 113 
117 9 
18 160 
59 8 
90 147 
149 17 
56 75 
22 110 
93 61 
168 111 
165 82 
23 181 
113 58 
150 30 
178 134 
117 76 
110 9 
87 21 
140 93 
68 71 
137 54 
63 133 
18 82 
22 177 
178 90 
45 36 
83 126 
7 115 
78 170 
49 140 
65 109 
149 41 
3 14 
27 104 
48 92 
43 174 
130 85 
130 86 
83 144 
152 50 
11 46 
2 86 
10 122 
90 82 
80 89 
151 138 
8 58 
93 117 
59 77 
101 136 
69 22 
74 66 
84 66 
32 156 
184 132 
101 17 
36 85 
58 21 
85 154 
151 91 
157 11 
95 153 
31 1 
58 153 
84 156 
67 144 
109 13 
120 149 
79 100 
72 34 
101 137 
102 7 
106 57 
121 167 
113 22 
129 46 
145 1 
7 93 
63 34 
29 38 
122 33 
141 169 
32 5 
81 44 
39 48 
4 54 
128 165 
143 153 
30 107 
78 2 
110 180 
112 48 
68 185 
136 134 
96 44 
170 122 
137 50 
156 144 
108 20 
20 185 
164 110 
105 50 
185 22 
157 85 
114 91 
43 132 
137 70 
32 29 
50 116 
65 124 
41 83 
174 136 
149 55 
8 49 
141 166 
134 120 
114 158 
45 177 
139 94 
37 175 
51 166 
19 61 
136 38 
82 116 
18 100 
13 114 
116 29 
182 169 
39 82 
18 17 
90 81 
61 76 
114 58 
184 41 
167 21 
145 154 
182 19 
11 29 
129 62 
82 97 
144 173 
171 22 
41 79 
106 96 
62 116 
108 142 
53 91 
84 74 
52 174 
67 118 
179 174 
38 101 
103 158 
11 82 
176 83 
136 173 
164 92 
136 104 
11 106 
64 153 
183 120 
81 100 
158 177 
39 16 
122 13 
77 125 
36 2 
41 78 
174 18 
11 156 
22 145 
20 89 
147 64 
141 145 
31 19 
116 168 
69 75 
29 69 
171 131 
82 59 
127 65 
55 63 
70 144 
180 168 
27 64 
19 29 
155 41 
30 72 
163 94 
164 89 
115 96 
150 168 
42 176 
58 76 
62 147 
139 50 
10 117 
68 84 
5 109 
92 31 
159 31 
164 101 
138 13 
144 172 
68 111 
83 161 
74 159 
171 86 
90 108 
139 36 
147 50 
184 185 
169 165 
4 129 
118 25 
168 25 
1 41 
62 90 
164 27 
142 1 
79 65 
122 5 
92 133 
73 180 
114 67 
2 66 
137 74 
115 73 
115 173 
151 58 
178 140 
48 46 
54 51 
43 141 
15 126 
86 163 
76 63 
41 96 
161 125 
81 130 
165 38 
172 117 
111 178 
138 146 
184 113 
50 53 
78 81 
13 49 
125 174 
143 127 
131 41 
7 129 
72 121 
149 85 
65 119 
137 145 
101 51 
74 168 
78 19 
98 127 
94 60 
52 69 
28 121 
129 64 
77 151 
143 55 
62 86 
138 12 
160 81 
136 78 
104 120 
59 27 
155 106 
28 63 
96 129 
29 68 
39 153 
130 154 
29 181 
137 76 
170 144 
8 99 
168 53 
104 18 
100 118 
134 102 
160 58 
125 72 
26 150 
23 30 
137 18 
35 50 
31 67 
177 61 
52 143 
24 78 
27 17 
103 9 
135 50 
128 37 
5 112 
112 80 
3 162 
16 67 
142 94 
64 13 
77 80 
93 137 
13 53 
78 174 
58 63 
7 170 
100 38 
43 148 
52 41 
43 181 
86 11 
45 44 
9 181 
78 63 
167 113 
23 63 
91 26 
131 127 
36 48 
175 178 
72 134 
87 53 
92 172 
48 116 
173 54 
99 171 
179 141 
145 90 
131 90 
72 3 
140 113 
21 52 
112 77 
138 133 
48 70 
61 105 
30 45 
118 97 
184 114 
8 60 
18 67 
122 75 
94 179 
17 159 
70 164 
161 67 
89 35 
44 147 
107 7 
36 47 
134 25 
166 17 
116 36 
119 64 
70 107 
111 106 
159 109 
60 52 
180 174 
121 55 
48 51 
178 28 
134 11 
137 173 
140 58 
127 139 
13 16 
154 57 
21 130 
86 48 
6 52 
35 42 
97 155 
20 58 
40 164 
83 93 
95 129 
53 34 
44 163 
110 130 
162 116 
144 27 
144 112 
13 139 
49 84 
120 146 
146 72 
88 124 
147 141 
86 154 
74 46 
4 3 
110 106 
144 6 
20 63 
90 142 
47 102 
96 127 
162 176 
128 61 
25 49 
27 21 
146 50 
185 93 
56 171 
166 9 
126 125 
147 18 
73 113 
32 25 
172 119 
54 91 
33 111 
62 20 
105 77 
120 131 
97 125 
118 162 
89 76 
51 180 
79 26 
151 83 
49 184 
105 112 
66 119 
94 87 
53 56 
125 102 
48 110 
125 25 
89 129 
46 86 
58 91 
137 163 
129 54 
80 164 
47 137 
139 95 
105 143 
38 175 
5 124 
65 78 
54 106 
36 178 
85 39 
184 16 
108 10 
172 93 
48 67 
121 30 
138 161 
19 181 
167 129 
69 55 
55 168 
141 118 
145 82 
139 43 
18 51 
87 112 
180 31 
96 53 
33 185 
23 119 
47 120 
22 153 
76 151 
177 40 
28 16 
88 133 
51 13 
65 44 
72 107 
25 84 
177 148 
39 158 
177 68 
81 2 
53 31 
54 59 
172 152 
75 115 
128 95 
129 156 
124 160 
107 41 
150 166 
121 127 
32 141 
24 88 
149 185 
125 7 
26 4 
127 70 
64 1 
17 7 
121 6 
122 40 
58 143 
71 166 
83 92 
55 114 
130 53 
114 18 
12 147 
83 117 
78 22 
93 54 
141 42 
52 131 
173 109 
22 128 
8 147 
115 171 
135 28 
163 74 
179 151 
120 69 
34 8 
48 150 
37 124 
145 135 
149 44 
27 19 
123 169 
170 77 
32 145 
170 142 
115 95 
49 35 
115 86 
41 86 
111 116 
79 88 
22 20 
51 123 
1 129 
121 150 
128 181 
70 161 
42 46 
174 67 
23 134 
63 59 
131 177 
10 162 
61 78 
143 182 
57 114 
79 140 
73 86 
126 101 
67 147 
141 114 
39 72 
65 32 
169 134 
39 41 
64 60 
56 175 
72 40 
46 21 
154 165 
45 155 
2 184 
129 13 
1 28 
154 181 
49 148 
169 151 
165 176 
127 21 
136 65 
141 64 
76 107 
157 172 
19 166 
12 160 
41 71 
151 8 
56 157 
119 47 
109 154 
103 1 
123 9 
51 146 
144 136 
102 2 
66 16 
45 46 
137 111 
54 26 
95 18 
36 4 
110 79 
28 58 
7 110 
41 141 
8 131 
63 1 
51 171 
80 175 
18 184 
136 179 
122 137 
168 102 
84 142 
159 120 
147 185 
143 3 
91 176 
109 72 
156 34 
59 131 
78 172 
1 13 
116 37 
2 18 
184 121 
163 91 
152 185 
183 81 
40 69 
70 74 
11 151 
27 126 
59 164 
55 101 
142 27 
109 52 
50 8 
59 171 
171 2 
59 3 
73 26 
60 74 
14 15 
106 24 
15 135 
28 25 
105 142 
98 133 
144 38 
75 164 
7 120 
14 80 
126 183 
52 123 
143 98 
181 68 
165 130 
102 166 
117 39 
145 181 
153 6 
105 49 
6 83 
178 35 
96 22 
65 158 
132 144 
126 63 
83 119 
157 33 
177 93 
16 45 
38 85 
179 176 
43 73 
9 63 
101 47 
141 54 
153 120 
18 154 
113 91 
20 84 
105 184 
172 61 
121 86 
30 60 
10 133 
98 182 
6 171 
52 126 
118 119 
9 100 
88 36 
109 58 
149 101 
161 121 
75 126 
29 97 
86 29 
92 46 
59 181 
155 57 
14 32 
107 33 
76 139 
152 92 
88 181 
15 78 
52 149 
126 113 
149 169 
44 56 
91 147 
133 80 
178 122 
93 90 
43 49 
84 133 
142 22 
32 37 
123 37 
25 35 
90 153 
62 54 
120 148 
5 17 
166 43 
35 125 
147 84 
137 109 
95 48 
71 132 
167 83 
71 19 
89 146 
45 58 
174 17 
45 78 
4 60 
19 133 
104 165 
37 78 
113 3 
35 91 
24 19 
133 159 
182 22 
14 102 
148 8 
72 13 
66 107 
154 30 
23 82 
48 104 
22 91 
66 25 
173 165 
111 14 
79 153 
167 122 
77 149 
95 170 
81 60 
143 90 
148 87 
132 49 
14 113 
86 43 
122 125 
99 151 
59 14 
169 162 
40 24 
157 83 
100 27 
142 119 
176 23 
150 104 
13 41 
170 64 
145 177 
74 56 
166 60 
182 142 
67 14 
181 14 
38 142 
59 163 
69 43 
149 133 
42 14 
49 117 
180 119 
35 152 
106 172 
90 39 
98 97 
137 121 
123 53 
72 66 
141 153 
40 144 
125 123 
101 162 
92 169 
151 19 
112 115 
83 163 
139 162 
112 150 
183 46 
79 86 
124 14 
172 114 
17 142 
156 58 
143 60 
33 40 
149 162 
174 98 
68 109 
153 183 
168 146 
10 159 
74 22 
180 42 
32 74 
131 148 
67 177 
42 11 
108 92 
54 174 
68 154 
129 123 
36 132 
152 16 
87 49 
131 75 
72 88 
41 110 
80 41 
4 29 
88 23 
83 91 
172 85 
82 130 
72 160 
55 57 
111 51 
48 72 
175 167 
163 12 
24 14 
32 118 
86 160 
16 175 
146 38 
60 108 
3 90 
54 28 
108 47 
130 157 
9 161 
90 165 
1 176 
149 60 
153 126 
118 105 
13 99 
167 164 
70 3 
15 107 
168 145 
99 53 
182 127 
3 17 
128 13 
95 169 
149 66 
19 160 
120 34 
48 49 
173 147 
55 59 
174 34 
36 142 
120 22 
167 10 
56 107 
118 88 
136 13 
61 145 
172 149 
80 86 
38 61 
136 48 
44 34 
23 40 
181 7 
184 167 
155 54 
158 62 
31 154 
101 65 
42 132 
108 24 
90 126 
118 45 
155 159 
28 91 
18 24 
52 111 
62 16 
25 157 
59 177 
13 158 
68 12 
31 43 
178 95 
156 161 
117 169 
142 135 
57 12 
116 55 
20 76 
52 86 
72 57 
35 4 
146 103 
160 156 
172 64 
34 178 
56 27 
114 122 
22 178 
124 51 
29 180 
156 15 
107 172 
60 101 
117 89 
93 26 
133 181 
134 123 
92 142 
91 93 
62 19 
130 31 
140 120 
105 110 
94 33 
131 107 
98 60 
74 15 
141 173 
163 17 
108 88 
112 113 
23 26 
17 19 
158 78 
91 164 
179 65 
76 115 
118 152 
13 110 
83 165 
64 169 
68 76 
14 114 
165 64 
144 33 
168 114 
158 108 
91 137 
4 94 
125 169 
21 106 
51 99 
25 97 
82 170 
114 128 
19 39 
164 136 
167 150 
18 146 
178 4 
17 162 
148 116 
134 111 
151 134 
146 39 
15 58 
83 99 
86 83 
64 9 
139 75 
66 78 
21 152 
104 41 
114 27 
138 68 
108 68 
88 89 
61 49 
86 68 
75 71 
155 138 
42 140 
104 57 
68 90 
15 158 
174 100 
55 4 
74 164 
107 168 
49 100 
145 144 
102 182 
131 44 
144 151 
54 104 
36 134 
174 87 
119 77 
165 6 
119 148 
151 159 
112 40 
131 170 
155 94 
139 136 
116 137 
105 154 
121 12 
1 150 
184 111 
83 94 
107 54 
26 101 
176 61 
100 181 
171 137 
89 25 
153 46 
99 65 
122 96 
46 39 
169 10 
25 39 
157 51 
20 6 
49 4 
124 17 
83 108 
36 17 
31 69 
96 20 
137 31 
108 120 
66 178 
51 181 
150 158 
80 106 
70 62 
138 179 
15 169 
165 34 
65 84 
54 3 
184 155 
132 151 
92 26 
93 144 
88 19 
32 160 
69 142 
93 153 
66 52 
134 28 
146 12 
162 26 
17 102 
102 38 
112 132 
31 163 
103 100 
96 70 
74 152 
177 11 
143 23 
106 112 
69 110 
169 183 
131 5 
35 96 
132 180 
1 168 
61 127 
25 161 
4 109 
139 69 
99 178 
35 99 
35 10 
154 8 
122 84 
45 142 
144 104 
15 36 
61 65 
70 123 
107 112 
122 66 
125 46 
115 136 
139 114 
13 113 
93 135 
177 8 
144 176 
95 112 
15 48 
124 154 
57 137 
165 108 
166 44 
102 174 
79 27 
1 104 
174 160 
100 107 
95 49 
173 146 
75 4 
177 139 
175 44 
150 142 
74 65 
103 56 
35 119 
149 93 
123 26 
37 143 
40 156 
81 54 
102 43 
70 184 
6 99 
31 157 
176 14 
55 71 
155 100 
185 111 
166 106 
106 35 
69 113 
2 71 
137 136 
62 8 
126 110 
90 20 
83 22 
34 97 
49 116 
67 2 
56 122 
175 169 
142 181 
157 92 
51 63 
47 167 
100 74 
156 85 
39 33 
171 33 
17 39 
107 116 
44 26 
78 55 
7 97 
66 20 
95 157 
178 123 
171 36 
109 96 
58 71 
28 143 
52 3 
171 28 
185 146 
147 178 
44 177 
25 27 
155 2 
141 81 
86 107 
78 5 
50 80 
46 44 
91 181 
97 1 
133 83 
15 10 
136 97 
106 132 
3 78 
55 56 
166 42 
182 29 
124 151 
157 163 
44 180 
176 161 
12 72 
57 176 
1 99 
63 65 
128 17 
29 111 
3 2 
152 24 
96 62 
4 24 
56 4 
48 161 
129 105 
157 37 
98 105 
59 169 
53 88 
135 86 
151 137 
33 99 
17 47 
114 36 
38 178 
74 108 
14 162 
183 14 
100 163 
123 47 
54 85 
34 20 
42 36 
88 156 
157 3 
36 170 
172 84 
109 179 
84 39 
124 174 
77 107 
82 83 
113 88 
70 162 
72 53 
164 139 
83 75 
45 129 
61 36 
154 3 
64 55 
168 109 
147 29 
138 89 
48 94 
143 65 
38 43 
93 116 
169 77 
180 57 
10 26 
90 55 
19 123 
125 170 
175 74 
149 143 
22 77 
86 159 
19 85 
46 124 
106 88 
174 132 
125 13 
57 122 
61 148 
92 110 
25 75 
165 67 
143 48 
150 174 
122 180 
123 31 
40 78 
24 170 
161 63 
41 73 
21 119 
149 148 
84 71 
142 134 
185 86 
58 73 
95 108 
158 149 
69 158 
160 73 
35 26 
13 39 
56 156 
148 180 
149 106 
123 16 
63 149 
138 116 
5 166 
97 71 
155 68 
10 125 
18 109 
139 147 
161 34 
126 145 
12 120 
167 73 
29 163 
52 179 
155 58 
159 131 
91 87 
71 131 
31 94 
120 29 
68 107 
165 111 
74 120 
147 133 
181 17 
2 115 
120 41 
110 125 
46 80 
108 134 
96 30 
99 57 
100 130 
158 76 
141 78 
47 80 
17 129 
144 185 
114 86 
108 168 
120 182 
24 86 
12 80 
87 157 
4 104 
13 181 
28 172 
161 126 
148 83 
32 164 
45 164 
32 137 
5 103 
164 142 
141 53 
3 172 
176 115 
88 111 
123 102 
128 96 
77 100 
117 35 
24 162 
121 50 
134 86 
62 17 
174 162 
175 61 
31 120 
111 73 
14 85 
80 146 
182 53 
135 80 
12 149 
160 24 
37 14 
119 176 
154 43 
26 182 
172 44 
106 160 
106 115 
7 174 
102 154 
135 178 
99 170 
33 28 
166 89 
97 140 
49 131 
160 145 
66 30 
60 184 
169 19 
142 112 
135 43 
109 29 
93 82 
80 36 
170 128 
37 126 
91 150 
123 76 
141 119 
109 108 
21 161 
146 49 
40 3 
12 181 
175 92 
73 121 
86 152 
148 106 
13 86 
178 41 
91 178 
69 56 
112 181 
128 5 
3 18 
148 24 
2 7 
75 52 
119 159 
136 3 
100 147 
153 15 
60 131 
118 46 
83 34 
162 76 
118 156 
178 138 
101 114 
106 164 
153 146 
155 49 
37 7 
166 146 
112 38 
124 22 
26 103 
100 25 
132 62 
117 4 
92 25 
147 11 
114 96 
139 161 
117 144 
169 121 
172 75 
67 71 
77 50 
79 73 
8 120 
73 37 
57 171 
119 60 
10 37 
17 71 
93 25 
103 125 
43 97 
53 92 
4 177 
99 159 
20 78 
183 106 
53 80 
112 100 
117 182 
137 182 
4 183 
28 165 
171 77 
63 166 
148 81 
106 5 
95 171 
18 89 
176 76 
171 90 
53 5 
127 73 
10 56 
6 26 
86 12 
33 87 
132 108 
183 30 
110 99 
107 174 
59 49 
85 22 
177 71 
67 95 
157 138 
18 169 
23 4 
124 34 
43 127 
175 104 
144 108 
77 176 
147 28 
29 49 
6 41 
69 111 
90 180 
146 118 
5 151 
178 62 
155 1 
157 20 
174 93 
130 58 
94 85 
46 109 
155 25 
166 171 
82 85 
119 18 
27 183 
139 60 
55 111 
156 28 
150 127 
79 4 
184 180 
167 2 
22 39 
33 118 
31 83 
9 75 
185 41 
17 104 
168 155 
30 117 
128 39 
131 137 
42 99 
22 166 
138 107 
151 153 
41 105 
169 7 
38 116 
118 86 
83 70 
101 141 
93 38 
152 22 
115 80 
109 95 
34 162 
69 93 
34 12 
27 20 
132 25 
14 134 
129 3 
67 83 
5 176 
20 127 
107 29 
166 114 
35 140 
58 175 
123 1 
7 123 
170 57 
131 19 
82 61 
59 53 
149 128 
37 134 
97 104 
176 26 
39 96 
179 45 
176 154 
16 124 
153 85 
14 138 
118 159 
148 53 
72 179 
166 122 
94 184 
69 145 
138 134 
105 153 
127 99 
11 158 
167 138 
133 75 
173 114 
145 110 
113 125 
170 159 
79 182 
109 117 
152 91 
115 84 
164 53 
76 155 
102 103 
106 170 
118 167 
156 153 
93 70 
155 151 
12 56 
128 34 
129 181 
36 112 
119 104 
151 98 
143 111 
182 66 
91 149 
47 55 
120 55 
114 21 
184 31 
126 88 
126 89 
89 17 
62 167 
20 40 
130 11 
163 71 
97 95 
103 81 
140 172 
147 70 
147 54 
158 115 
39 40 
68 140 
98 185 
158 180 
5 76 
85 80 
185 27 
79 14 
167 17 
110 162 
178 53 
71 86 
66 143 
150 67 
19 107 
162 7 
7 48 
51 26 
174 74 
106 70 
61 117 
154 143 
37 69 
20 70 
63 110 
61 169 
105 124 
49 15 
64 145 
48 80 
129 102 
63 128 
24 94 
33 137 
140 43 
58 2 
116 95 
46 38 
103 111 
1 57 
117 170 
21 180 
38 162 
77 76 
22 36 
48 152 
102 8 
50 184 
21 155 
1 56 
11 39 
98 75 
134 141 
182 82 
52 34 
148 2 
159 79 
29 144 
182 5 
144 96 
172 46 
39 159 
80 159 
133 74 
13 76 
175 1 
32 134 
63 101 
41 74 
59 10 
96 120 
137 69 
15 6 
146 176 
157 180 
1 84 
163 9 
57 158 
184 110 
46 58 
4 172 
158 161 
180 182 
12 162 
136 53 
7 113 
1 62 
5 140 
56 19 
47 162 
183 10 
58 24 
93 68 
88 58 
60 47 
170 27 
172 160 
48 99 
24 42 
66 29 
138 42 
16 108 
9 98 
59 19 
5 94 
116 91 
66 126 
171 123 
162 156 
31 60 
131 144 
39 21 
47 138 
138 109 
148 42 
54 15 
45 180 
166 113 
27 89 
130 83 
97 37 
20 162 
157 18 
76 99 
159 175 
26 65 
155 115 
72 47 
4 87 
60 66 
25 98 
30 34 
16 112 
117 97 
32 40 
54 67 
21 47 
82 139 
137 60 
159 77 
166 85 
163 80 
140 46 
146 29 
81 79 
138 36 
109 135 
8 101 
30 112 
183 52 
182 107 
95 150 
24 177 
171 110 
21 68 
116 130 
15 122 
138 30 
172 94 
181 126 
7 13 
170 61 
132 170 
142 162 
25 139 
55 14 
154 119 
145 28 
1 130 
132 118 
127 116 
139 159 
182 165 
144 43 
156 78 
45 34 
56 38 
152 148 
26 50 
121 174 
55 30 
59 144 
184 169 
161 154 
55 139 
35 166 
36 82 
132 99 
177 23 
165 8 
58 10 
66 35 
70 6 
177 182 
81 64 
115 98 
180 8 
105 19 
17 48 
105 127 
129 103 
30 159 
45 181 
53 145 
180 78 
34 74 
159 65 
133 68 
133 111 
92 176 
12 131 
131 92 
163 124 
7 92 
53 48 
70 90 
63 53 
21 112 
165 76 
42 93 
178 76 
153 25 
74 176 
22 1 
107 144 
141 62 
145 63 
108 15 
170 162 
54 6 
148 113 
37 15 
102 30 
175 73 
10 180 
150 154 
32 20 
45 85 
77 178 
35 51 
66 40 
95 135 
159 95 
28 106 
149 165 
62 26 
46 156 
169 102 
71 141 
63 143 
177 46 
36 99 
91 117 
163 38 
106 95 
92 65 
87 179 
99 167 
13 148 
20 115 
37 9 
144 4 
92 137 
141 135 
146 164 
27 31 
53 138 
77 65 
26 59 
79 45 
176 30 
183 119 
67 136 
16 146 
75 123 
53 89 
110 25 
94 144 
53 158 
63 185 
124 185 
102 139 
145 149 
86 132 
96 72 
85 175 
176 27 
127 166 
34 153 
41 164 
62 84 
139 128 
153 128 
76 78 
28 181 
110 52 
35 163 
155 65 
16 58 
90 15 
180 106 
126 127 
61 125 
153 142 
108 70 
99 68 
45 185 
183 70 
18 128 
164 122 
151 20 
33 100 
56 24 
65 46 
94 117 
111 124 
85 179 
100 160 
62 157 
36 101 
136 15 
49 156 
13 15 
45 70 
5 99 
63 121 
34 147 
104 156 
29 16 
116 165 
7 182 
23 12 
27 44 
43 21 
143 108 
169 88 
184 5 
143 26 
148 114 
33 20 
109 36 
11 120 
11 153 
178 161 
53 42 
50 81 
19 30 
68 73 
170 47 
113 95 
167 20 
99 166 
164 134 
79 160 
166 96 
66 39 
60 156 
101 179 
130 176 
43 37 
177 57 
133 4 
33 151 
180 123 
125 133 
15 2 
143 6 
135 85 
82 27 
11 139 
134 127 
129 50 
57 39 
135 78 
53 8 
34 182 
67 28 
136 119 
151 113 
127 100 
131 108 
67 80 
24 131 
104 174 
164 63 
139 103 
26 85 
33 15 
21 53 
114 144 
7 101 
168 103 
178 50 
98 139 
133 128 
15 96 
83 74 
160 137 
32 80 
14 43 
77 67 
69 129 
36 123 
143 158 
165 29 
45 158 
158 63 
127 14 
49 66 
4 59 
30 129 
127 110 
49 39 
72 27 
23 103 
183 172 
45 11 
93 51 
162 52 
155 9 
175 128 
174 134 
55 164 
127 53 
34 50 
108 103 
79 56 
55 13 
183 171 
70 146 
132 123 
44 61 
58 96 
86 122 
162 37 
52 97 
51 142 
126 173 
16 179 
176 2 
76 70 
2 164 
81 163 
92 69 
153 7 
141 48 
55 153 
52 42 
90 78 
32 56 
141 7 
17 49 
37 52 
149 156 
146 157 
49 7 
85 37 
89 66 
154 28 
37 5 
62 111 
138 11 
92 19 
48 55 
112 44 
83 135 
178 7 
177 26 
139 14 
152 178 
52 156 
8 136 
70 86 
151 108 
147 106 
171 156 
6 152 
132 69 
100 96 
120 109 
111 102 
40 123 
9 52 
179 158 
135 79 
59 43 
1 34 
161 87 
181 149 
112 118 
184 40 
175 132 
125 141 
107 34 
72 71 
3 58 
24 102 
139 117 
13 174 
27 181 
168 127 
74 9 
67 29 
23 163 
100 26 
85 161 
153 26 
52 142 
62 45 
185 47 
60 142 
184 26 
156 108 
64 30 
40 37 
26 140 
148 33 
177 78 
27 77 
143 156 
31 132 
164 130 
72 68 
73 170 
126 146 
136 27 
67 130 
31 21 
3 22 
166 103 
163 155 
119 102 
183 53 
40 109 
44 59 
124 89 
79 85 
119 155 
47 163 
30 170 
152 84 
159 173 
29 73 
57 97 
35 170 
45 165 
184 109 
133 44 
32 150 
35 138 
108 51 
28 42 
62 33 
3 28 
112 166 
164 137 
73 75 
59 52 
171 23 
148 121 
2 178 
109 16 
27 46 
137 184 
34 17 
67 53 
73 39 
123 116 
35 153 
66 3 
113 161 
118 183 
85 49 
97 47 
23 53 
158 100 
35 15 
141 116 
132 127 
20 50 
11 47 
178 39 
65 6 
80 62 
80 71 
38 104 
106 185 
82 111 
39 173 
47 177 
54 162 
164 131 
139 34 
118 14 
145 60 
61 151 
10 123 
11 133 
42 109 
150 63 
22 134 
166 129 
56 131 
148 183 
36 173 
132 29 
160 107 
117 184 
29 178 
180 89 
185 80 
59 157 
108 26 
46 167 
169 122 
145 5 
38 179 
88 26 
25 8 
60 182 
106 7 
138 93 
8 21 
87 76 
23 28 
104 85 
160 119 
18 31 
50 175 
15 38 
68 125 
49 179 
60 57 
163 108 
74 13 
48 120 
113 56 
38 143 
1 2 
143 159 
121 153 
91 81 
99 152 
77 142 
20 110 
49 33 
80 9 
55 123 
85 65 
161 23 
23 94 
57 11 
123 65 
118 155 
106 142 
6 27 
8 112 
108 130 
135 74 
162 128 
183 68 
112 26 
62 185 
160 25 
85 30 
43 111 
184 83 
129 39 
97 77 
152 181 
89 77 
173 158 
27 161 
55 171 
40 118 
105 1 
178 82 
181 123 
137 22 
172 105 
174 33 
164 90 
110 30 
140 170 
33 14 
39 80 
19 45 
185 56 
66 141 
31 128 
139 9 
95 20 
121 70 
96 94 
20 85 
67 42 
23 58 
146 171 
44 122 
81 28 
86 47 
108 126 
179 28 
48 157 
66 75 
129 161 
28 150 
143 161 
125 43 
89 10 
67 154 
97 30 
114 164 
145 83 
119 169 
98 37 
171 76 
154 13 
45 104 
62 163 
40 126 
121 58 
135 9 
23 92 
94 136 
82 78 
81 115 
33 76 
56 2 
43 77 
38 28 
85 56 
84 182 
33 162 
70 99 
164 103 
158 164 
97 72 
166 61 
117 130 
179 91 
152 149 
152 82 
143 173 
134 137 
149 57 
69 177 
79 80 
178 182 
89 123 
95 182 
127 69 
170 151 
41 27 
108 22 
65 33 
79 98 
132 72 
172 131 
161 132 
150 149 
144 61 
182 140 
54 120 
48 77 
76 102 
99 185 
133 183 
41 168 
170 17 
65 94 
145 129 
123 139 
30 140 
172 60 
65 153 
94 32 
131 181 
