192 4646 
21 134 262 55 101 246 193 32 212 280 245 2 94 48 156 36 217 215 262 163 31 281 49 196 1 178 111 201 88 158 171 109 290 60 136 254 189 101 189 108 68 90 71 143 42 203 37 109 232 210 60 151 27 213 177 84 138 222 75 98 224 22 198 101 273 134 33 52 205 37 46 102 215 184 118 4 131 239 289 145 168 75 200 8 125 210 108 8 57 48 53 261 71 161 93 172 288 288 222 278 100 10 284 62 39 98 283 290 81 184 290 282 188 76 286 170 140 116 249 12 261 14 35 172 245 53 183 286 224 279 22 76 177 171 53 190 152 263 192 280 263 142 281 130 191 298 136 206 183 223 224 14 22 176 147 138 244 39 25 197 205 217 182 248 160 15 235 59 220 278 13 212 195 225 133 284 47 128 33 224 232 171 40 199 298 138 291 44 253 114 296 207 
145 41 
174 146 
178 168 
33 170 
82 156 
145 21 
161 8 
1 164 
128 53 
18 99 
141 169 
170 84 
50 121 
147 23 
157 70 
86 24 
161 48 
133 131 
112 138 
36 76 
43 177 
29 182 
96 178 
65 124 
140 93 
123 91 
127 76 
125 66 
153 21 
92 185 
50 148 
62 188 
2 92 
138 79 
148 69 
117 164 
81 135 
14 113 
23 125 
71 67 
192 57 
79 94 
114 59 
5 91 
114 25 
27 146 
146 150 
7 185 
125 191 
107 65 
28 4 
190 28 
146 176 
159 113 
172 180 
154 21 
152 140 
29 41 
78 63 
166 128 
10 26 
163 28 
83 80 
185 22 
36 111 
73 52 
141 166 
152 117 
18 95 
156 130 
4 36 
113 177 
61 156 
130 159 
131 181 
35 145 
180 40 
27 72 
150 84 
137 158 
69 187 
45 75 
107 182 
160 24 
65 140 
177 152 
94 16 
30 71 
82 179 
34 23 
22 184 
160 87 
151 46 
146 68 
29 24 
51 172 
181 102 
52 5 
126 51 
168 82 
95 70 
20 3 
177 68 
180 136 
69 73 
66 25 
78 56 
159 72 
107 83 
154 60 
135 89 
25 33 
77 155 
127 170 
45 182 
8 186 
116 33 
180 123 
16 57 
133 109 
102 82 
80 122 
37 21 
84 44 
158 2 
17 153 
177 191 
164 93 
94 85 
46 32 
178 6 
191 2 
19 92 
9 136 
67 76 
167 70 
185 172 
163 32 
182 42 
54 82 
61 132 
154 119 
114 18 
151 35 
11 30 
127 70 
156 92 
37 148 
104 9 
103 89 
93 49 
94 14 
175 5 
4 150 
93 136 
133 74 
128 6 
128 152 
80 123 
31 6 
12 14 
15 56 
123 183 
106 48 
166 180 
132 142 
128 173 
166 178 
118 126 
73 66 
81 9 
37 8 
188 40 
3 131 
113 60 
17 104 
6 150 
85 99 
63 119 
78 44 
53 78 
79 43 
122 128 
122 103 
156 78 
135 26 
110 17 
28 25 
97 182 
27 171 
79 146 
84 85 
5 153 
132 186 
99 174 
55 71 
179 116 
112 78 
77 46 
84 70 
184 36 
144 110 
151 67 
42 102 
7 146 
10 161 
120 123 
151 42 
162 55 
50 73 
66 106 
86 160 
98 138 
94 7 
111 53 
126 38 
109 192 
105 61 
134 34 
121 181 
85 68 
34 158 
44 144 
21 92 
140 143 
87 75 
173 33 
157 136 
162 126 
101 119 
30 104 
131 80 
75 154 
154 124 
119 92 
26 122 
63 188 
80 105 
75 100 
16 120 
115 132 
144 166 
172 74 
134 145 
41 121 
101 116 
150 57 
70 100 
76 35 
179 21 
74 123 
112 152 
137 18 
78 128 
29 32 
7 186 
149 42 
103 26 
190 46 
128 45 
66 40 
150 49 
97 185 
20 121 
117 38 
69 156 
164 112 
150 60 
140 111 
145 187 
51 88 
157 87 
25 123 
59 54 
18 123 
168 120 
48 81 
62 40 
82 48 
1 115 
17 127 
184 45 
66 104 
144 114 
77 146 
6 70 
20 185 
15 52 
42 176 
190 40 
171 52 
44 150 
75 95 
154 8 
144 141 
131 121 
175 178 
33 22 
26 104 
157 83 
44 75 
184 19 
52 163 
149 49 
141 179 
21 107 
180 108 
186 102 
8 55 
126 154 
188 31 
66 127 
75 94 
111 174 
99 39 
76 34 
8 78 
73 152 
137 97 
69 92 
5 32 
130 161 
154 177 
38 91 
143 94 
163 134 
38 96 
130 190 
35 115 
145 98 
20 127 
42 29 
12 46 
37 144 
76 100 
150 31 
40 6 
25 83 
31 132 
31 165 
104 92 
120 26 
45 53 
42 135 
167 61 
16 21 
5 176 
57 52 
88 129 
120 20 
35 179 
125 41 
87 128 
103 57 
183 42 
116 121 
192 110 
192 103 
69 111 
74 159 
84 146 
50 33 
25 81 
87 59 
99 169 
136 67 
190 89 
6 99 
32 100 
99 138 
184 134 
165 50 
152 76 
151 81 
184 85 
192 107 
175 27 
14 182 
137 113 
62 187 
32 94 
191 147 
150 108 
28 80 
173 54 
47 13 
76 138 
100 84 
69 109 
2 84 
15 192 
11 108 
115 65 
121 109 
159 143 
54 106 
45 55 
55 167 
59 43 
120 182 
12 188 
28 74 
2 6 
152 40 
59 58 
18 36 
154 30 
118 134 
51 85 
136 124 
3 31 
58 169 
131 75 
118 191 
81 99 
143 70 
54 18 
73 68 
191 38 
29 159 
188 126 
184 59 
159 165 
100 97 
124 112 
108 80 
51 118 
62 24 
51 117 
18 147 
19 74 
100 117 
89 143 
183 98 
175 170 
98 161 
155 48 
65 182 
99 168 
7 75 
148 149 
94 92 
22 50 
76 89 
27 126 
156 134 
177 4 
82 29 
164 122 
178 113 
55 157 
192 120 
116 54 
48 191 
157 61 
29 166 
72 87 
98 18 
152 164 
31 65 
180 103 
1 94 
140 43 
108 32 
172 150 
92 12 
98 22 
44 20 
115 118 
126 96 
54 185 
17 144 
121 60 
166 40 
22 186 
192 50 
55 4 
125 166 
138 159 
143 189 
153 84 
2 135 
53 173 
111 17 
186 152 
39 169 
47 39 
177 51 
187 14 
76 55 
121 155 
122 89 
174 84 
29 176 
123 24 
185 101 
150 53 
30 178 
66 191 
45 116 
161 43 
133 96 
40 41 
79 11 
15 19 
173 188 
47 67 
91 151 
27 159 
174 186 
171 130 
31 19 
44 54 
72 99 
147 34 
147 158 
114 41 
65 161 
97 102 
25 35 
100 15 
74 180 
88 113 
38 108 
17 150 
186 129 
112 127 
57 37 
149 191 
153 90 
156 37 
10 37 
107 26 
162 156 
141 79 
178 176 
96 31 
84 117 
157 121 
61 174 
42 72 
158 50 
48 98 
15 110 
186 91 
128 41 
24 190 
173 75 
135 40 
18 162 
67 110 
86 84 
115 149 
87 63 
165 61 
65 53 
162 118 
79 15 
52 164 
128 76 
121 97 
131 164 
53 149 
39 45 
139 162 
63 136 
23 73 
48 177 
16 28 
52 182 
175 154 
28 125 
79 57 
86 17 
130 174 
73 178 
161 46 
53 28 
32 60 
31 125 
83 67 
105 50 
116 40 
178 149 
154 58 
32 145 
43 32 
124 47 
136 115 
69 93 
72 101 
167 128 
42 58 
52 168 
72 129 
123 177 
150 41 
109 136 
44 58 
26 89 
123 39 
190 120 
190 92 
38 140 
77 5 
181 23 
112 147 
100 121 
191 105 
169 16 
148 51 
120 46 
57 175 
50 152 
108 78 
41 137 
63 103 
25 178 
99 120 
185 112 
71 168 
12 22 
103 72 
144 21 
119 178 
118 190 
61 139 
37 79 
37 134 
72 20 
153 69 
76 31 
57 160 
38 154 
80 166 
73 84 
90 87 
187 61 
7 168 
53 185 
53 97 
184 169 
40 60 
41 76 
134 129 
29 179 
22 172 
128 99 
127 67 
147 89 
31 173 
181 175 
52 60 
65 1 
180 155 
103 87 
145 6 
130 101 
15 57 
52 10 
45 96 
97 25 
125 26 
88 99 
175 93 
64 123 
185 169 
154 103 
37 89 
67 188 
159 32 
175 65 
95 9 
181 155 
41 6 
22 118 
37 87 
145 58 
170 39 
161 35 
140 162 
186 99 
181 53 
138 32 
143 153 
179 9 
111 9 
35 4 
34 89 
68 40 
154 48 
105 183 
115 19 
114 125 
91 60 
174 108 
133 97 
46 167 
118 108 
129 93 
142 14 
122 113 
78 139 
68 135 
125 126 
123 132 
18 101 
90 40 
184 159 
108 113 
177 158 
133 14 
125 47 
50 89 
47 166 
16 142 
155 118 
86 110 
37 6 
4 9 
110 167 
25 125 
129 116 
50 164 
134 144 
60 187 
192 170 
159 160 
183 82 
28 139 
70 94 
165 36 
169 152 
133 121 
90 75 
33 69 
143 190 
9 129 
1 78 
152 47 
102 76 
148 179 
121 8 
96 191 
178 154 
45 64 
158 53 
15 137 
121 129 
26 187 
15 171 
82 132 
50 156 
11 19 
5 168 
125 144 
28 172 
177 74 
99 154 
77 121 
144 184 
119 176 
168 22 
78 100 
101 129 
21 110 
17 171 
95 127 
94 190 
21 180 
137 98 
181 19 
143 93 
182 28 
164 179 
43 30 
35 131 
180 42 
49 145 
186 59 
122 186 
75 152 
78 163 
94 22 
104 172 
188 101 
96 168 
35 135 
121 170 
74 185 
163 33 
17 63 
49 172 
89 133 
189 187 
90 79 
138 162 
73 94 
97 140 
13 184 
73 118 
84 129 
76 33 
25 124 
162 29 
42 99 
156 11 
149 61 
24 50 
4 190 
143 114 
94 30 
104 140 
6 11 
160 169 
20 35 
161 172 
26 50 
3 181 
62 21 
164 176 
79 160 
144 84 
65 96 
62 69 
115 16 
123 63 
162 61 
86 60 
62 92 
75 42 
69 15 
61 131 
44 11 
149 10 
155 159 
74 96 
60 151 
184 191 
79 68 
71 8 
122 171 
127 101 
113 63 
96 164 
33 3 
79 42 
149 32 
27 29 
139 73 
33 51 
47 60 
18 138 
74 39 
49 15 
86 120 
181 151 
94 176 
187 94 
176 73 
125 80 
138 58 
79 102 
170 3 
93 180 
82 56 
63 111 
74 137 
30 188 
22 95 
175 161 
94 19 
178 40 
102 150 
17 148 
6 89 
177 8 
175 115 
20 189 
149 150 
188 112 
138 137 
116 172 
44 45 
126 45 
141 148 
75 64 
164 114 
90 102 
175 97 
144 75 
94 175 
55 123 
52 23 
122 167 
88 164 
50 109 
11 116 
57 8 
142 169 
127 118 
178 139 
106 100 
24 34 
162 142 
84 36 
27 25 
180 29 
84 3 
50 20 
102 188 
80 20 
110 125 
51 179 
48 113 
179 189 
99 105 
12 153 
151 54 
60 92 
135 50 
80 13 
72 171 
140 52 
10 67 
148 84 
27 177 
56 1 
22 32 
28 119 
185 102 
92 188 
117 134 
69 21 
18 124 
71 54 
165 113 
104 134 
28 38 
44 80 
110 128 
13 85 
64 127 
8 43 
56 26 
58 185 
29 34 
73 54 
22 124 
22 19 
103 109 
164 87 
34 166 
49 175 
120 137 
149 129 
180 188 
189 28 
8 3 
117 23 
186 114 
117 95 
76 32 
81 150 
77 166 
28 185 
87 83 
81 65 
158 160 
27 96 
112 69 
100 90 
108 157 
7 103 
27 185 
71 188 
96 123 
113 131 
162 150 
172 108 
22 161 
56 8 
188 69 
53 8 
135 66 
176 171 
97 186 
65 57 
69 128 
134 62 
93 160 
88 89 
99 1 
114 5 
4 98 
166 57 
34 118 
94 95 
85 9 
65 92 
32 77 
156 57 
191 104 
124 119 
72 127 
148 168 
85 17 
3 126 
97 23 
156 133 
176 191 
65 139 
191 165 
171 156 
102 101 
58 22 
167 34 
105 154 
15 169 
182 46 
1 67 
97 14 
105 157 
122 35 
18 32 
163 34 
192 128 
159 81 
13 131 
91 160 
178 111 
182 22 
180 82 
171 119 
87 153 
84 189 
111 65 
66 43 
131 178 
121 24 
148 120 
170 119 
185 31 
126 168 
55 140 
88 94 
28 86 
32 38 
103 47 
119 179 
94 63 
179 87 
71 99 
100 169 
113 79 
176 10 
70 82 
47 92 
42 25 
86 166 
39 125 
190 101 
164 74 
69 174 
143 41 
169 68 
108 6 
15 114 
94 96 
124 181 
154 17 
65 168 
156 34 
37 128 
66 121 
56 170 
146 9 
99 31 
129 169 
86 173 
98 12 
128 86 
73 19 
38 9 
118 106 
106 9 
114 36 
171 71 
141 60 
5 100 
93 154 
1 151 
35 156 
23 4 
160 29 
121 142 
20 156 
34 31 
58 157 
18 19 
90 133 
25 163 
60 99 
40 25 
77 104 
41 107 
151 111 
130 141 
179 3 
64 62 
15 41 
124 46 
124 83 
27 144 
66 167 
108 130 
160 180 
33 167 
124 106 
9 135 
117 166 
66 7 
143 85 
181 107 
66 78 
177 95 
161 47 
166 15 
167 165 
56 41 
82 128 
109 70 
64 37 
107 110 
58 122 
117 36 
174 81 
16 24 
170 82 
58 66 
127 155 
48 108 
176 108 
133 13 
117 34 
114 159 
7 77 
22 167 
64 63 
141 11 
177 112 
184 145 
131 92 
68 125 
43 81 
129 146 
123 138 
163 37 
37 16 
68 24 
166 145 
28 7 
131 136 
24 142 
71 9 
122 112 
35 82 
33 14 
140 149 
132 116 
42 143 
116 74 
126 61 
129 7 
71 132 
161 82 
78 21 
167 83 
111 128 
144 20 
160 75 
3 98 
166 111 
176 113 
152 187 
97 184 
80 78 
135 121 
191 124 
175 184 
175 58 
51 171 
162 161 
27 39 
124 32 
19 131 
64 90 
131 69 
160 136 
174 165 
16 29 
56 113 
113 116 
89 12 
55 58 
123 147 
82 139 
13 19 
83 96 
56 111 
64 177 
81 77 
139 52 
146 135 
82 43 
33 134 
102 1 
134 72 
164 41 
87 78 
142 83 
103 182 
146 136 
112 57 
56 35 
4 42 
99 129 
63 117 
25 151 
172 48 
164 49 
191 19 
91 121 
6 75 
91 29 
142 44 
21 67 
81 126 
113 62 
35 111 
128 94 
44 188 
57 172 
143 186 
118 180 
14 181 
147 37 
117 171 
63 167 
34 185 
120 150 
129 191 
64 73 
21 123 
148 160 
14 16 
121 82 
41 21 
87 52 
103 45 
49 117 
76 2 
180 3 
188 89 
129 65 
181 154 
92 114 
71 44 
17 34 
169 95 
192 72 
37 19 
81 128 
84 20 
128 154 
13 140 
82 80 
11 119 
187 132 
114 69 
41 62 
33 137 
53 134 
144 111 
12 16 
71 49 
19 81 
52 183 
27 129 
115 135 
93 184 
7 132 
97 98 
68 98 
11 26 
108 50 
155 161 
17 134 
27 139 
80 60 
106 33 
101 158 
105 14 
23 48 
130 5 
123 161 
85 127 
169 86 
76 155 
153 23 
75 156 
186 26 
147 108 
53 106 
29 144 
168 54 
172 179 
23 66 
189 56 
117 10 
146 140 
177 20 
121 136 
47 116 
158 69 
174 14 
42 105 
10 182 
131 119 
75 29 
25 76 
125 128 
155 39 
136 149 
22 28 
111 25 
137 177 
3 27 
143 2 
176 38 
147 32 
175 172 
57 23 
9 10 
4 41 
25 74 
98 11 
176 118 
18 41 
167 99 
190 129 
185 37 
190 132 
32 33 
123 153 
60 22 
49 187 
184 150 
84 115 
135 70 
74 165 
114 83 
35 153 
161 74 
177 110 
169 192 
68 21 
128 185 
62 12 
96 15 
158 67 
64 25 
161 70 
94 81 
118 154 
92 176 
162 73 
188 29 
125 10 
113 81 
94 42 
42 57 
11 37 
15 87 
127 25 
112 54 
5 133 
6 161 
108 116 
96 162 
75 33 
134 54 
152 79 
108 42 
166 46 
2 68 
63 28 
107 154 
112 1 
157 156 
105 166 
99 117 
115 141 
173 132 
102 189 
149 15 
119 174 
131 45 
26 52 
142 93 
151 58 
76 191 
180 151 
42 98 
91 126 
94 121 
149 172 
133 25 
133 40 
98 147 
147 56 
114 19 
67 192 
115 30 
58 28 
93 134 
47 140 
156 38 
192 40 
71 123 
95 87 
73 137 
103 93 
142 33 
149 34 
177 47 
135 83 
38 70 
147 188 
130 99 
189 185 
41 172 
94 12 
89 13 
2 97 
143 181 
12 38 
38 52 
61 69 
187 153 
33 11 
190 64 
43 1 
111 141 
2 101 
74 9 
7 139 
162 64 
100 63 
15 42 
46 50 
124 70 
28 96 
61 136 
122 175 
6 60 
16 97 
140 96 
24 56 
6 90 
143 32 
138 40 
95 139 
159 191 
133 37 
174 79 
149 72 
154 132 
139 38 
70 99 
120 160 
110 33 
20 23 
159 102 
139 21 
101 42 
151 66 
23 16 
85 78 
64 79 
126 29 
26 109 
153 63 
113 181 
67 14 
93 89 
174 86 
82 192 
100 56 
79 165 
7 53 
18 170 
167 17 
53 59 
126 98 
128 1 
4 124 
26 85 
146 144 
69 155 
62 63 
100 159 
141 170 
59 17 
84 182 
94 37 
77 173 
159 133 
66 38 
12 150 
105 85 
131 7 
63 130 
109 25 
168 163 
165 184 
49 96 
155 162 
65 112 
64 175 
129 118 
150 7 
154 44 
134 109 
106 70 
152 107 
133 76 
63 121 
19 163 
144 178 
74 124 
47 25 
137 13 
125 21 
68 72 
123 107 
166 82 
131 149 
149 33 
52 35 
92 100 
174 181 
104 43 
34 181 
160 48 
108 152 
152 126 
123 37 
4 108 
165 104 
159 68 
139 51 
174 88 
134 68 
71 156 
63 41 
117 114 
126 106 
17 119 
7 165 
192 130 
161 30 
138 172 
189 128 
22 155 
63 141 
109 94 
180 97 
70 45 
129 102 
96 76 
163 172 
58 172 
24 155 
86 159 
45 8 
1 75 
33 97 
18 154 
78 73 
70 112 
166 138 
113 117 
42 107 
76 99 
161 63 
117 133 
185 147 
183 57 
57 1 
87 54 
95 135 
67 131 
1 166 
48 13 
149 160 
24 59 
38 116 
189 111 
89 41 
23 90 
28 168 
56 153 
67 153 
166 42 
144 98 
113 2 
63 169 
160 58 
184 146 
107 111 
47 85 
128 136 
68 157 
137 121 
10 118 
6 177 
179 160 
103 110 
109 169 
150 177 
41 64 
3 130 
68 51 
94 114 
23 27 
156 153 
53 34 
169 191 
35 141 
111 78 
41 35 
89 95 
95 137 
108 104 
18 21 
19 111 
152 31 
91 24 
153 94 
56 80 
24 46 
56 149 
53 166 
140 33 
136 183 
5 3 
147 5 
103 131 
26 92 
76 131 
171 91 
72 75 
16 91 
170 160 
67 11 
132 155 
121 152 
118 101 
30 130 
145 10 
145 16 
173 142 
68 18 
144 162 
105 72 
93 79 
99 190 
49 192 
86 188 
163 145 
139 110 
78 89 
34 170 
12 1 
11 128 
86 95 
58 36 
20 43 
63 49 
101 46 
154 28 
111 23 
184 123 
107 159 
109 84 
2 57 
181 141 
141 20 
77 191 
124 178 
75 140 
113 70 
19 146 
189 129 
74 85 
82 58 
91 93 
98 110 
9 27 
131 172 
99 113 
127 159 
73 180 
88 61 
16 96 
15 5 
192 134 
22 173 
142 35 
123 79 
60 15 
44 171 
173 106 
102 135 
177 108 
127 180 
156 68 
11 52 
178 53 
24 186 
165 119 
152 173 
4 167 
87 67 
130 116 
108 144 
97 131 
100 7 
55 7 
84 50 
53 14 
142 28 
15 128 
188 130 
1 189 
13 1 
9 56 
78 132 
7 17 
18 64 
16 108 
182 163 
179 97 
12 32 
56 95 
65 135 
106 86 
88 140 
147 177 
92 166 
65 128 
144 50 
80 146 
8 113 
127 73 
111 62 
134 142 
77 76 
162 167 
142 13 
101 67 
149 41 
50 162 
91 15 
155 171 
100 50 
154 138 
103 152 
155 15 
46 96 
79 183 
94 134 
61 10 
7 179 
91 192 
147 126 
100 120 
8 75 
88 147 
178 50 
130 123 
183 113 
49 70 
90 183 
134 75 
82 28 
82 44 
148 130 
88 9 
178 169 
161 177 
18 142 
115 181 
43 110 
42 159 
109 124 
46 100 
144 150 
21 40 
107 141 
82 165 
46 63 
102 27 
12 3 
6 86 
24 43 
78 61 
153 20 
55 69 
117 118 
188 34 
2 1 
189 79 
169 113 
188 157 
3 66 
56 101 
59 134 
46 132 
174 178 
15 126 
29 137 
55 1 
116 138 
23 149 
56 54 
125 95 
57 145 
87 107 
55 134 
163 38 
30 21 
87 47 
137 47 
52 191 
183 179 
192 13 
15 142 
111 1 
146 64 
158 97 
76 179 
56 176 
142 113 
192 93 
16 40 
103 98 
35 106 
4 72 
167 82 
103 80 
71 18 
27 98 
131 44 
162 21 
93 65 
93 149 
155 186 
94 9 
3 124 
117 74 
2 150 
7 31 
176 88 
25 67 
85 81 
64 165 
168 29 
6 116 
14 10 
132 65 
42 41 
151 137 
139 50 
72 16 
139 163 
113 107 
136 138 
151 121 
100 103 
177 184 
89 20 
171 9 
3 185 
56 37 
88 102 
68 129 
180 72 
6 24 
115 80 
90 83 
111 93 
149 28 
10 141 
144 129 
47 66 
6 91 
87 161 
131 66 
58 64 
189 10 
28 162 
34 77 
72 190 
171 79 
166 143 
140 86 
115 150 
51 150 
20 112 
51 75 
82 20 
104 48 
71 185 
131 93 
76 107 
144 186 
118 59 
116 78 
75 182 
150 95 
4 154 
168 41 
46 140 
21 128 
136 130 
95 107 
44 137 
189 61 
137 170 
22 166 
180 88 
133 6 
117 59 
146 119 
24 116 
189 110 
51 94 
161 184 
22 114 
2 102 
173 81 
176 20 
184 163 
35 138 
78 173 
168 107 
112 23 
41 189 
4 40 
16 144 
171 151 
25 105 
97 113 
151 97 
151 186 
85 39 
169 28 
176 33 
58 61 
102 87 
55 108 
144 168 
75 97 
52 45 
180 43 
121 28 
169 177 
149 164 
191 39 
185 29 
170 179 
74 64 
171 165 
181 180 
177 168 
8 125 
145 124 
163 42 
52 115 
72 37 
37 7 
189 190 
171 146 
54 34 
75 63 
128 75 
139 71 
185 96 
127 186 
2 48 
113 154 
130 113 
6 153 
121 31 
152 17 
143 52 
123 20 
128 157 
183 117 
168 97 
49 8 
52 21 
184 142 
110 65 
165 153 
134 113 
85 191 
93 39 
111 72 
171 30 
57 100 
115 183 
189 142 
79 120 
174 140 
155 140 
31 122 
21 160 
61 176 
103 61 
98 142 
187 73 
114 40 
153 32 
44 5 
33 178 
15 53 
113 103 
16 181 
15 93 
114 42 
188 22 
63 163 
181 9 
181 120 
139 31 
184 183 
179 27 
110 9 
178 109 
124 14 
167 188 
74 75 
77 167 
25 112 
171 64 
110 53 
183 45 
175 9 
133 110 
74 68 
8 97 
119 134 
8 152 
131 150 
144 181 
21 112 
71 32 
101 164 
156 161 
21 50 
143 25 
176 6 
49 167 
159 96 
13 57 
183 73 
94 82 
159 88 
60 58 
91 120 
26 118 
92 116 
186 171 
98 78 
108 166 
71 155 
17 188 
34 5 
147 58 
10 120 
109 32 
134 189 
60 61 
109 66 
9 173 
149 7 
5 82 
89 24 
162 125 
35 91 
7 169 
86 158 
17 4 
129 105 
109 45 
157 71 
100 129 
141 5 
120 167 
15 11 
51 58 
71 17 
170 120 
22 11 
68 106 
110 82 
6 132 
71 112 
50 163 
5 184 
33 189 
153 124 
94 57 
182 68 
54 39 
35 97 
151 128 
68 180 
182 30 
153 189 
137 65 
93 174 
60 83 
32 105 
65 127 
47 189 
13 31 
148 169 
98 1 
176 32 
62 95 
145 13 
153 118 
99 107 
51 29 
127 11 
43 156 
166 73 
133 46 
33 79 
66 36 
63 35 
105 51 
117 172 
111 118 
117 16 
179 84 
171 16 
128 67 
184 151 
140 101 
130 73 
65 47 
93 72 
87 143 
65 50 
122 110 
72 187 
131 139 
102 41 
73 13 
154 96 
65 191 
182 169 
10 58 
154 52 
57 53 
37 113 
23 160 
179 70 
24 70 
96 61 
82 140 
115 171 
38 55 
66 148 
55 14 
117 124 
130 76 
87 9 
40 150 
183 60 
125 119 
30 141 
78 15 
59 94 
121 130 
42 65 
147 138 
131 58 
56 68 
177 117 
57 174 
26 91 
112 52 
98 35 
157 166 
93 58 
70 20 
49 34 
115 27 
149 38 
42 46 
167 72 
11 62 
64 86 
134 28 
68 96 
19 172 
23 99 
154 135 
132 181 
85 187 
163 21 
149 63 
40 37 
103 151 
13 12 
49 33 
187 27 
9 176 
13 75 
91 146 
102 9 
89 31 
84 159 
123 16 
104 102 
25 192 
132 145 
17 62 
164 126 
188 14 
101 75 
178 21 
145 22 
95 168 
182 159 
167 170 
64 83 
158 154 
102 180 
36 2 
157 119 
23 114 
38 57 
149 192 
16 54 
92 161 
80 142 
64 110 
35 86 
59 89 
142 49 
176 44 
166 126 
64 113 
142 2 
125 148 
40 47 
162 173 
138 95 
119 82 
21 172 
170 71 
171 109 
71 15 
41 34 
185 136 
191 25 
187 131 
168 25 
60 88 
34 148 
50 23 
37 96 
2 117 
29 172 
107 93 
54 104 
4 135 
113 95 
140 177 
43 95 
88 185 
54 91 
142 118 
92 8 
96 114 
164 60 
40 176 
38 56 
160 4 
9 145 
159 80 
139 153 
117 82 
40 31 
123 99 
137 40 
92 29 
166 25 
90 158 
36 169 
124 78 
74 70 
47 110 
167 95 
112 49 
61 142 
34 51 
55 37 
175 40 
14 81 
141 91 
108 178 
64 8 
167 174 
87 42 
75 171 
39 40 
185 106 
89 102 
32 97 
62 163 
13 59 
85 76 
117 182 
117 8 
78 183 
157 183 
7 122 
66 70 
49 101 
151 150 
132 63 
33 72 
1 82 
162 59 
146 94 
30 54 
22 104 
19 66 
123 6 
77 49 
21 171 
11 106 
49 109 
77 35 
132 33 
121 29 
40 191 
75 67 
123 121 
26 77 
191 69 
153 62 
17 19 
129 114 
118 72 
173 130 
19 125 
31 36 
184 132 
115 180 
18 66 
158 99 
175 36 
16 191 
80 46 
125 17 
157 130 
127 93 
130 36 
100 36 
32 135 
80 174 
129 45 
39 167 
137 90 
118 13 
189 19 
98 182 
71 6 
67 100 
142 48 
106 168 
173 21 
154 184 
83 92 
140 106 
122 159 
79 169 
21 141 
49 139 
138 83 
162 105 
75 78 
58 149 
105 167 
49 110 
111 117 
188 96 
33 66 
143 53 
49 163 
136 78 
85 103 
22 39 
86 39 
116 100 
131 41 
32 55 
170 118 
127 51 
11 53 
154 108 
149 123 
52 101 
155 170 
19 3 
111 121 
89 108 
138 105 
104 164 
131 83 
141 8 
144 154 
44 47 
35 116 
148 12 
42 6 
181 152 
68 38 
28 102 
50 190 
111 148 
76 170 
72 104 
34 13 
101 169 
71 28 
108 110 
82 41 
112 161 
176 72 
124 50 
31 161 
173 154 
62 97 
187 15 
80 147 
158 72 
148 94 
41 151 
73 12 
105 8 
164 65 
170 174 
22 53 
115 90 
65 9 
135 167 
4 69 
177 78 
4 162 
38 36 
175 157 
59 187 
105 159 
43 90 
104 139 
128 168 
125 56 
149 163 
65 192 
179 187 
137 156 
124 93 
191 126 
95 132 
184 21 
148 71 
12 110 
83 29 
77 39 
14 98 
150 89 
101 107 
60 96 
63 112 
85 130 
32 7 
58 1 
170 14 
37 112 
18 16 
169 22 
43 101 
130 166 
24 75 
162 89 
162 98 
133 64 
84 16 
21 126 
73 167 
191 148 
27 183 
60 64 
98 124 
89 44 
76 12 
106 187 
83 123 
2 26 
74 86 
72 102 
78 105 
112 99 
11 77 
29 184 
96 148 
125 51 
100 39 
114 146 
51 136 
92 164 
13 54 
53 156 
181 106 
144 172 
59 65 
130 22 
38 19 
106 31 
56 85 
186 37 
95 63 
40 165 
170 27 
55 131 
105 86 
172 36 
144 143 
132 92 
66 94 
191 102 
136 107 
61 43 
154 3 
94 35 
187 58 
77 159 
65 48 
151 85 
34 8 
5 24 
2 89 
102 170 
66 89 
47 70 
54 118 
20 76 
157 187 
34 11 
80 119 
98 105 
100 141 
154 136 
135 174 
71 119 
5 4 
139 42 
105 172 
97 43 
191 73 
39 56 
23 42 
73 49 
159 153 
146 12 
31 101 
33 165 
166 191 
32 91 
60 56 
135 74 
143 134 
117 192 
89 104 
176 111 
85 162 
140 112 
150 77 
68 148 
124 163 
25 68 
23 166 
120 18 
157 181 
172 91 
108 107 
70 2 
153 53 
11 48 
128 66 
108 151 
67 113 
57 185 
58 115 
36 143 
30 145 
150 67 
118 58 
12 104 
64 117 
78 133 
119 115 
139 120 
29 134 
43 114 
133 163 
46 33 
11 10 
166 51 
37 106 
28 105 
188 87 
120 11 
101 144 
21 43 
117 148 
166 10 
116 12 
173 101 
133 55 
96 33 
21 80 
172 98 
59 47 
160 55 
183 39 
101 124 
99 75 
66 90 
38 104 
83 185 
148 89 
168 27 
111 143 
143 135 
186 27 
63 180 
60 20 
131 73 
3 38 
102 32 
33 187 
123 167 
141 177 
24 96 
61 13 
8 47 
121 183 
135 103 
134 133 
30 189 
182 154 
163 131 
8 30 
99 90 
175 121 
85 173 
169 6 
136 150 
147 102 
149 54 
17 135 
39 119 
164 90 
191 18 
133 49 
173 1 
91 109 
89 158 
189 45 
65 58 
171 65 
144 163 
110 51 
30 167 
141 55 
10 187 
68 31 
88 100 
169 132 
66 68 
139 2 
156 150 
11 70 
54 10 
139 173 
62 136 
122 69 
156 176 
178 107 
83 187 
129 37 
75 54 
87 66 
180 6 
51 111 
165 41 
78 181 
78 166 
79 150 
81 103 
16 151 
21 129 
65 91 
176 122 
90 166 
43 122 
17 177 
143 20 
181 17 
36 47 
115 131 
106 62 
98 132 
34 44 
120 52 
43 4 
31 43 
159 59 
30 97 
185 81 
80 79 
4 27 
158 172 
139 182 
133 172 
101 136 
22 18 
182 155 
28 49 
85 124 
120 32 
186 85 
95 16 
124 10 
143 162 
173 25 
144 54 
52 122 
95 111 
57 40 
40 79 
29 49 
85 121 
97 19 
174 145 
57 180 
27 131 
164 21 
76 65 
92 98 
141 80 
108 111 
98 15 
25 19 
111 152 
126 82 
109 154 
159 14 
46 15 
78 16 
71 178 
86 115 
14 86 
37 31 
17 189 
144 188 
52 176 
25 186 
95 92 
141 44 
18 93 
81 175 
75 66 
146 183 
116 90 
20 9 
156 123 
118 144 
177 82 
5 42 
148 47 
157 150 
23 162 
149 40 
78 153 
182 158 
18 116 
144 92 
109 30 
29 46 
122 24 
69 163 
73 72 
157 137 
147 167 
37 110 
169 154 
181 177 
45 16 
106 137 
168 110 
124 175 
152 92 
128 33 
114 3 
110 84 
53 189 
65 11 
174 179 
180 116 
53 113 
59 132 
107 82 
186 106 
36 95 
136 99 
147 45 
60 72 
11 18 
12 108 
38 143 
164 156 
110 187 
96 63 
158 187 
157 7 
153 121 
87 141 
20 104 
101 59 
101 186 
60 126 
175 77 
19 32 
108 159 
17 40 
24 31 
191 53 
45 146 
86 51 
16 77 
133 34 
10 100 
62 60 
165 162 
130 104 
114 169 
77 96 
64 91 
182 86 
165 9 
126 142 
177 151 
1 37 
34 123 
57 104 
8 191 
74 109 
1 119 
85 69 
135 130 
104 136 
34 94 
138 82 
165 163 
31 5 
18 49 
17 121 
189 131 
156 170 
73 115 
180 58 
52 82 
66 117 
29 163 
12 91 
101 33 
82 145 
51 10 
188 60 
130 71 
109 102 
20 78 
174 161 
96 92 
174 125 
24 63 
131 183 
151 192 
59 135 
81 31 
123 67 
140 40 
59 119 
118 93 
96 115 
176 26 
58 39 
6 166 
47 192 
123 188 
5 73 
103 186 
177 65 
87 146 
177 145 
114 30 
20 186 
171 106 
149 143 
177 5 
74 95 
14 128 
175 143 
132 96 
128 36 
101 41 
147 59 
105 18 
115 75 
110 87 
93 153 
73 56 
151 33 
154 133 
160 65 
174 128 
84 180 
125 2 
150 121 
145 147 
89 74 
63 80 
7 23 
39 182 
121 57 
28 31 
47 95 
37 73 
170 93 
169 83 
110 18 
44 103 
144 58 
55 150 
137 163 
192 11 
155 179 
71 175 
149 102 
186 65 
188 191 
191 167 
38 33 
81 163 
27 78 
53 126 
167 133 
146 143 
172 140 
35 96 
33 10 
55 102 
75 68 
159 148 
28 39 
141 157 
54 58 
87 154 
84 42 
190 186 
182 128 
36 32 
190 139 
62 75 
140 72 
166 50 
77 101 
33 122 
93 30 
89 129 
107 98 
172 129 
33 153 
7 180 
39 33 
138 191 
5 145 
52 133 
162 176 
102 92 
85 168 
57 80 
115 99 
143 88 
132 180 
18 171 
74 65 
148 93 
174 62 
66 171 
172 80 
22 133 
48 121 
54 55 
111 47 
154 137 
70 139 
102 164 
71 149 
8 99 
110 165 
135 6 
79 182 
17 158 
82 49 
125 179 
156 64 
79 47 
2 34 
123 131 
39 6 
177 180 
30 127 
108 137 
141 162 
180 46 
80 143 
56 64 
141 67 
119 118 
33 184 
36 51 
24 57 
190 96 
68 104 
132 30 
60 158 
144 33 
33 100 
102 57 
146 103 
131 167 
33 19 
135 153 
131 118 
124 21 
157 139 
91 161 
183 178 
140 61 
64 39 
181 28 
6 115 
31 62 
64 138 
25 21 
176 51 
54 128 
79 89 
117 149 
125 189 
35 166 
50 153 
179 168 
178 125 
68 128 
119 23 
65 178 
20 30 
126 177 
132 42 
170 61 
3 151 
107 11 
179 188 
130 8 
175 21 
28 116 
142 25 
14 75 
78 192 
84 135 
97 136 
52 169 
188 131 
79 16 
13 177 
30 68 
71 68 
61 90 
27 121 
87 124 
22 21 
120 164 
126 35 
66 91 
34 128 
70 7 
72 32 
166 189 
26 44 
145 119 
83 62 
69 139 
163 82 
73 34 
5 160 
128 143 
120 129 
17 43 
192 131 
115 70 
14 144 
155 136 
111 110 
41 111 
41 3 
57 152 
143 64 
124 177 
128 178 
55 142 
181 92 
152 188 
124 54 
48 40 
40 156 
100 30 
62 29 
114 34 
115 83 
162 131 
122 2 
164 118 
132 175 
105 15 
96 172 
47 128 
50 106 
115 167 
13 71 
189 78 
158 11 
150 48 
2 128 
102 125 
108 92 
163 76 
158 108 
118 18 
112 118 
152 78 
51 3 
14 2 
38 92 
114 84 
168 31 
158 127 
43 74 
166 181 
36 177 
77 47 
143 65 
125 171 
141 9 
91 101 
150 111 
140 131 
15 158 
95 163 
110 116 
98 24 
30 62 
163 46 
180 150 
154 39 
88 141 
75 110 
52 46 
130 51 
172 47 
17 14 
23 159 
3 129 
10 4 
119 97 
106 136 
53 154 
11 159 
76 104 
55 96 
59 3 
112 139 
91 56 
173 16 
14 137 
31 111 
44 157 
52 113 
175 99 
154 147 
102 138 
106 112 
154 81 
167 28 
180 65 
9 134 
74 37 
25 146 
190 169 
184 140 
83 173 
25 26 
176 8 
108 85 
75 180 
106 93 
115 24 
98 156 
118 6 
69 48 
73 113 
33 112 
146 130 
145 153 
70 121 
133 140 
61 23 
158 119 
84 105 
61 191 
187 6 
144 86 
69 152 
64 76 
72 41 
140 89 
113 112 
35 88 
63 118 
103 117 
110 58 
41 86 
38 98 
172 168 
157 191 
1 130 
61 73 
63 45 
96 95 
9 25 
58 50 
131 158 
148 183 
46 126 
121 117 
26 65 
94 164 
128 190 
101 187 
166 75 
111 181 
31 130 
174 124 
72 70 
138 23 
100 145 
25 118 
188 47 
70 153 
167 127 
73 108 
3 72 
179 109 
186 9 
44 36 
17 70 
122 138 
138 182 
173 146 
100 14 
67 190 
30 15 
35 168 
137 27 
78 70 
40 8 
8 74 
121 159 
132 151 
150 68 
99 151 
190 36 
164 17 
4 118 
41 156 
30 35 
66 55 
43 68 
84 173 
73 88 
54 176 
153 10 
65 61 
57 120 
15 29 
170 30 
171 32 
81 144 
110 52 
120 112 
126 54 
187 180 
159 26 
71 160 
27 30 
31 56 
152 93 
85 189 
151 183 
103 9 
107 20 
107 71 
77 135 
41 152 
105 58 
43 165 
188 117 
16 153 
4 164 
85 95 
71 133 
184 119 
123 90 
90 103 
50 133 
158 126 
124 92 
138 153 
55 82 
115 187 
63 143 
183 101 
190 86 
119 78 
73 151 
129 24 
49 140 
99 64 
160 49 
27 116 
166 79 
163 162 
47 167 
157 184 
96 67 
75 161 
4 75 
173 41 
53 176 
116 68 
163 31 
157 127 
42 128 
4 49 
146 186 
109 129 
84 69 
27 71 
100 188 
76 126 
101 20 
139 72 
22 146 
121 42 
180 110 
79 17 
120 177 
31 108 
2 171 
40 101 
28 176 
69 132 
159 120 
188 48 
92 30 
165 107 
157 168 
124 164 
52 107 
66 98 
84 188 
128 129 
117 107 
144 90 
31 80 
190 121 
146 65 
6 110 
119 172 
82 53 
115 26 
67 138 
33 143 
67 49 
75 141 
55 19 
15 36 
27 142 
143 116 
130 178 
149 132 
92 101 
87 50 
189 173 
37 139 
138 37 
133 66 
138 129 
37 62 
164 144 
34 21 
85 41 
47 179 
120 142 
57 6 
72 25 
122 84 
67 91 
39 69 
52 153 
165 172 
118 128 
67 104 
23 87 
113 41 
62 49 
74 173 
141 74 
107 10 
173 147 
103 161 
88 136 
166 140 
84 91 
140 68 
188 107 
80 117 
122 163 
131 153 
114 10 
176 121 
76 137 
69 171 
58 100 
137 80 
171 70 
41 92 
89 152 
69 137 
31 158 
55 61 
64 50 
187 39 
131 168 
166 119 
101 117 
99 22 
149 86 
101 70 
30 162 
179 106 
157 122 
163 110 
120 114 
171 46 
188 43 
162 93 
62 16 
125 87 
104 119 
110 137 
57 141 
185 133 
151 21 
95 104 
67 156 
165 123 
101 87 
190 34 
33 114 
171 143 
106 61 
185 109 
65 167 
132 76 
94 27 
11 155 
8 77 
115 79 
132 117 
98 175 
134 74 
41 163 
136 129 
77 79 
191 72 
149 62 
92 43 
136 32 
116 70 
145 150 
40 186 
35 55 
118 19 
177 165 
89 159 
162 12 
114 103 
9 131 
63 184 
16 134 
192 69 
167 6 
10 68 
158 136 
105 133 
97 174 
144 26 
155 156 
36 54 
101 24 
17 11 
93 173 
19 29 
49 123 
158 169 
50 161 
178 31 
173 174 
85 21 
75 39 
147 7 
19 143 
64 93 
124 51 
155 25 
32 125 
97 163 
40 143 
121 26 
186 185 
34 16 
90 128 
67 20 
117 28 
168 21 
6 188 
103 38 
80 1 
113 21 
82 71 
36 148 
13 98 
23 169 
148 108 
124 40 
20 178 
25 23 
191 175 
24 14 
15 141 
84 157 
143 5 
109 160 
18 128 
70 42 
10 90 
59 170 
32 183 
147 24 
168 66 
73 59 
148 19 
37 131 
164 142 
65 85 
162 54 
183 81 
36 33 
11 172 
92 103 
106 29 
98 148 
157 78 
174 68 
20 22 
116 149 
159 63 
38 158 
31 169 
130 149 
9 112 
121 65 
171 34 
97 189 
141 40 
129 151 
12 128 
53 69 
81 149 
152 45 
2 186 
107 1 
40 71 
17 101 
21 95 
78 172 
184 179 
184 128 
146 168 
78 55 
153 105 
119 144 
85 98 
107 169 
66 118 
140 80 
174 94 
132 153 
99 67 
15 59 
110 112 
54 107 
44 29 
51 77 
74 143 
155 19 
16 88 
80 27 
20 64 
180 8 
128 84 
47 112 
13 83 
63 84 
189 127 
125 91 
37 18 
18 136 
5 33 
66 161 
60 180 
103 128 
75 10 
168 48 
153 111 
76 111 
135 48 
47 162 
122 28 
163 17 
117 68 
160 188 
40 83 
92 150 
13 104 
61 15 
136 44 
86 141 
161 114 
37 172 
158 24 
94 189 
165 192 
121 78 
163 91 
192 183 
146 67 
172 155 
183 33 
27 136 
68 109 
8 50 
117 6 
75 98 
145 188 
157 21 
76 92 
171 121 
90 52 
20 182 
134 169 
154 55 
135 79 
11 47 
45 49 
2 172 
44 108 
6 114 
127 29 
114 57 
141 19 
178 69 
63 50 
11 76 
16 33 
159 162 
190 119 
153 28 
164 70 
87 144 
42 2 
17 27 
96 101 
146 162 
146 73 
122 30 
13 41 
4 32 
140 158 
81 87 
101 62 
104 145 
92 59 
116 42 
61 29 
72 94 
152 72 
3 93 
97 101 
180 1 
15 180 
166 173 
48 35 
9 142 
141 118 
156 104 
134 185 
3 159 
51 22 
5 186 
189 62 
114 150 
123 26 
60 16 
14 4 
86 138 
122 149 
120 38 
90 82 
3 152 
190 10 
54 49 
72 96 
153 38 
1 134 
81 32 
112 178 
106 110 
15 129 
159 145 
7 187 
9 177 
172 14 
65 34 
41 171 
1 144 
86 191 
132 126 
185 10 
25 3 
126 48 
23 102 
95 148 
7 138 
171 142 
12 166 
137 9 
24 113 
105 40 
84 25 
77 172 
109 139 
85 142 
47 76 
46 179 
169 105 
24 132 
71 64 
148 86 
129 39 
140 73 
169 53 
24 170 
133 19 
1 188 
36 30 
124 173 
83 57 
65 14 
150 147 
104 150 
127 6 
124 88 
142 160 
131 159 
130 118 
29 170 
63 138 
181 49 
130 109 
8 60 
140 41 
92 135 
30 101 
47 4 
154 13 
174 148 
42 20 
52 167 
93 83 
190 87 
90 126 
108 1 
108 126 
176 188 
153 176 
151 79 
176 15 
6 148 
167 62 
51 59 
135 189 
178 97 
166 123 
33 147 
15 153 
63 32 
76 54 
95 28 
157 142 
77 183 
8 62 
117 60 
121 68 
157 88 
18 4 
153 164 
129 35 
9 143 
29 3 
107 96 
134 178 
18 97 
52 162 
161 160 
121 45 
180 52 
17 95 
172 142 
74 152 
54 28 
65 187 
179 32 
2 38 
168 132 
29 148 
131 117 
124 91 
28 129 
70 16 
21 137 
164 37 
138 73 
192 115 
95 72 
109 99 
51 154 
165 164 
70 13 
185 179 
62 51 
87 96 
187 25 
7 121 
91 106 
89 131 
36 178 
16 105 
185 19 
147 8 
55 168 
17 42 
165 42 
91 105 
149 29 
58 134 
158 57 
42 73 
162 111 
173 76 
162 170 
26 59 
89 120 
76 86 
178 184 
2 39 
174 102 
190 9 
41 45 
189 22 
67 70 
99 24 
183 168 
131 51 
59 20 
12 26 
173 171 
54 165 
56 67 
110 4 
163 7 
86 109 
53 29 
154 68 
81 109 
51 163 
165 48 
137 67 
177 144 
128 150 
186 113 
109 38 
74 10 
46 146 
75 41 
23 124 
47 185 
63 56 
136 33 
23 59 
36 140 
149 16 
15 92 
124 128 
7 29 
175 41 
111 172 
19 52 
32 59 
48 33 
94 74 
155 17 
30 73 
73 157 
155 126 
105 52 
124 144 
96 156 
149 65 
49 132 
91 190 
6 111 
5 187 
192 92 
150 27 
124 69 
90 148 
51 133 
153 107 
107 172 
170 148 
125 20 
42 136 
75 37 
136 75 
109 16 
119 185 
75 2 
55 56 
164 34 
39 17 
15 82 
20 180 
187 134 
175 146 
104 107 
186 149 
100 126 
134 85 
52 34 
157 90 
95 38 
149 2 
88 6 
135 118 
164 148 
156 10 
54 47 
108 146 
168 64 
72 89 
148 52 
88 183 
32 188 
164 47 
9 7 
25 31 
41 100 
11 2 
22 48 
192 190 
70 92 
61 155 
62 116 
92 89 
83 121 
107 151 
7 107 
174 98 
40 34 
142 167 
125 115 
103 126 
43 186 
4 91 
51 122 
187 111 
171 105 
173 3 
17 12 
177 187 
14 52 
72 178 
106 18 
63 5 
89 38 
80 40 
133 128 
35 101 
6 45 
91 51 
15 123 
165 75 
77 151 
20 1 
134 71 
14 183 
72 14 
87 5 
130 128 
161 139 
111 136 
19 178 
55 180 
12 181 
146 75 
153 19 
106 56 
145 115 
119 122 
50 115 
179 134 
165 6 
86 49 
127 37 
78 69 
50 41 
71 183 
152 83 
87 57 
6 53 
80 109 
177 109 
40 58 
99 33 
56 182 
133 72 
157 109 
16 137 
30 157 
55 41 
135 28 
88 178 
55 48 
81 178 
55 109 
190 61 
76 185 
140 192 
50 123 
74 42 
74 83 
164 20 
20 187 
1 85 
8 95 
84 192 
170 11 
5 148 
98 88 
178 117 
99 140 
81 91 
27 148 
64 88 
44 116 
191 171 
106 84 
85 179 
127 183 
77 176 
158 4 
48 31 
33 1 
185 163 
185 60 
33 70 
122 166 
17 122 
118 64 
98 72 
68 54 
23 5 
24 79 
38 77 
96 179 
116 26 
98 158 
151 105 
117 97 
111 102 
53 67 
164 3 
121 96 
114 29 
163 18 
144 180 
22 84 
173 129 
48 49 
181 116 
1 52 
12 123 
56 53 
153 54 
57 168 
118 143 
104 31 
116 165 
190 17 
12 49 
176 155 
160 30 
150 35 
22 38 
62 34 
152 138 
176 46 
21 24 
136 116 
136 80 
15 103 
149 107 
16 188 
73 121 
59 189 
74 90 
8 102 
125 133 
72 119 
151 104 
18 181 
146 40 
111 100 
156 117 
106 109 
91 111 
165 183 
46 82 
162 172 
124 167 
5 118 
181 91 
122 141 
45 154 
80 126 
53 89 
114 121 
144 11 
32 57 
75 157 
149 157 
78 182 
68 189 
113 5 
125 122 
175 130 
161 187 
95 126 
43 49 
94 44 
83 51 
48 58 
114 174 
189 148 
43 176 
82 6 
145 4 
167 161 
105 119 
62 86 
27 81 
152 154 
118 53 
42 91 
31 98 
177 30 
151 175 
83 128 
72 161 
36 192 
153 151 
109 181 
168 191 
37 182 
13 92 
5 7 
150 52 
6 102 
81 33 
96 88 
113 46 
44 109 
161 83 
60 51 
119 42 
63 178 
73 159 
27 184 
179 131 
156 31 
59 102 
76 3 
11 43 
171 47 
22 148 
164 80 
4 155 
127 33 
110 66 
27 50 
14 161 
150 127 
183 68 
61 178 
105 175 
191 107 
130 117 
182 51 
108 124 
143 164 
5 111 
167 1 
87 86 
188 110 
104 37 
124 135 
116 125 
59 148 
99 26 
147 122 
107 128 
115 104 
19 103 
103 184 
74 132 
137 174 
27 40 
17 46 
145 172 
186 6 
47 131 
149 68 
6 101 
12 172 
129 70 
14 109 
97 10 
187 57 
99 29 
67 40 
14 90 
18 182 
180 50 
88 55 
75 53 
5 137 
109 29 
41 129 
87 68 
178 152 
176 169 
8 133 
156 17 
149 52 
64 85 
155 107 
108 18 
131 102 
181 149 
188 99 
44 41 
43 13 
69 160 
163 100 
98 47 
14 6 
29 77 
177 96 
180 167 
38 181 
90 169 
155 10 
184 73 
139 18 
157 160 
88 19 
124 157 
75 77 
168 68 
34 83 
70 187 
80 168 
45 26 
94 107 
99 161 
187 89 
168 112 
144 121 
12 65 
31 53 
183 176 
125 53 
106 161 
88 78 
143 49 
75 111 
71 72 
51 112 
40 53 
118 100 
147 81 
122 151 
85 87 
129 181 
95 155 
25 184 
98 83 
33 26 
98 28 
42 184 
89 17 
80 2 
104 94 
13 63 
28 34 
36 26 
176 57 
175 138 
7 89 
189 139 
160 125 
36 5 
47 15 
81 40 
126 178 
136 156 
178 114 
112 183 
11 169 
33 131 
23 86 
2 160 
86 102 
47 50 
14 66 
57 171 
136 123 
147 139 
173 156 
15 174 
58 53 
121 34 
51 7 
31 133 
67 181 
26 27 
48 149 
98 135 
121 172 
135 184 
145 149 
180 119 
185 25 
153 72 
143 141 
187 43 
146 98 
145 14 
16 15 
137 155 
93 12 
87 2 
109 140 
145 117 
37 146 
69 172 
93 114 
10 59 
192 171 
61 172 
76 17 
43 160 
120 143 
14 135 
34 106 
28 75 
137 147 
190 12 
140 136 
126 173 
94 144 
188 162 
168 152 
74 82 
94 161 
95 110 
56 72 
32 98 
112 55 
32 96 
87 167 
88 66 
61 39 
187 172 
24 30 
108 141 
42 103 
154 110 
112 165 
139 6 
50 150 
187 114 
121 163 
92 122 
60 107 
117 46 
118 125 
95 144 
167 136 
26 148 
17 92 
187 81 
170 157 
170 116 
69 134 
34 137 
3 192 
81 110 
32 20 
45 92 
60 172 
91 118 
74 23 
171 95 
72 51 
40 96 
163 127 
4 53 
141 102 
98 71 
35 12 
168 58 
34 105 
162 112 
152 34 
147 86 
9 22 
102 24 
148 32 
94 20 
71 20 
116 16 
190 181 
61 120 
129 71 
152 130 
177 138 
27 132 
51 65 
140 8 
180 154 
185 107 
90 7 
80 133 
14 190 
4 71 
76 93 
140 30 
142 51 
79 149 
95 165 
172 171 
136 85 
62 124 
65 103 
134 122 
134 190 
124 130 
67 19 
146 133 
167 7 
56 90 
102 158 
153 79 
143 78 
117 159 
190 152 
114 184 
33 23 
146 147 
162 168 
30 64 
121 139 
89 40 
182 34 
166 45 
7 105 
142 29 
24 183 
113 121 
89 11 
38 80 
187 139 
123 145 
8 21 
144 116 
36 22 
187 151 
69 28 
63 157 
16 93 
74 44 
31 11 
144 74 
53 18 
119 160 
133 120 
54 147 
148 190 
59 86 
68 76 
100 18 
66 81 
176 74 
64 34 
120 104 
91 129 
120 33 
158 26 
145 113 
27 43 
116 80 
154 86 
127 16 
84 24 
141 139 
165 117 
127 103 
31 181 
38 6 
124 134 
19 100 
115 63 
16 162 
130 169 
106 113 
110 69 
58 76 
108 187 
139 130 
27 54 
40 35 
8 1 
25 176 
156 5 
55 186 
179 133 
7 16 
84 118 
160 99 
105 67 
125 35 
62 89 
73 116 
134 150 
25 2 
47 28 
131 62 
55 84 
160 134 
32 117 
