133 4503 
207 298 39 161 254 133 23 50 46 90 98 200 13 223 230 57 101 73 286 3 208 75 77 291 156 87 155 106 145 273 29 128 229 24 35 53 40 293 286 75 203 288 164 133 130 156 213 120 267 2 146 272 91 50 137 90 271 171 152 151 160 224 15 204 230 254 19 215 32 10 148 170 121 72 148 101 53 145 134 1 138 103 278 247 165 175 245 183 89 53 154 232 133 113 231 112 268 173 146 165 66 267 22 12 132 61 145 261 146 144 157 80 73 136 23 130 67 294 63 256 294 140 227 23 170 292 158 279 65 162 257 238 205 
118 39 
124 85 
73 114 
40 55 
103 50 
130 29 
69 130 
116 98 
42 108 
47 85 
67 117 
99 67 
57 78 
30 65 
11 61 
10 40 
102 92 
80 98 
55 76 
79 52 
86 114 
58 129 
75 115 
53 4 
38 5 
99 62 
14 31 
114 91 
118 25 
78 60 
61 130 
124 12 
57 129 
58 68 
129 17 
7 121 
30 115 
18 21 
57 116 
54 124 
56 95 
124 11 
53 11 
59 29 
26 22 
88 117 
20 59 
113 63 
70 128 
55 43 
23 27 
56 85 
24 29 
70 120 
25 13 
35 106 
35 104 
120 117 
59 127 
133 128 
8 35 
9 112 
76 1 
84 66 
101 19 
24 54 
18 129 
6 1 
64 130 
59 100 
79 87 
111 15 
121 127 
30 80 
99 127 
68 87 
54 79 
22 86 
59 60 
105 36 
103 41 
80 38 
128 92 
101 73 
91 45 
97 108 
79 1 
64 120 
119 68 
55 94 
44 73 
26 79 
38 52 
94 90 
24 58 
125 5 
44 112 
16 22 
23 105 
122 8 
94 8 
104 16 
16 132 
1 48 
102 74 
132 104 
97 8 
37 28 
81 82 
69 91 
108 29 
64 12 
129 49 
50 107 
102 8 
113 1 
128 115 
58 57 
68 118 
30 102 
61 84 
123 92 
24 5 
70 12 
89 74 
110 112 
96 105 
108 74 
55 16 
84 106 
92 52 
111 4 
91 52 
36 129 
83 19 
43 13 
81 73 
51 108 
110 52 
54 103 
125 27 
70 11 
30 90 
50 83 
37 67 
82 41 
133 31 
131 73 
103 96 
26 127 
89 18 
13 74 
43 51 
9 43 
46 47 
13 78 
17 36 
45 118 
51 92 
85 50 
51 41 
124 23 
57 12 
83 78 
102 109 
56 44 
22 51 
59 123 
79 89 
27 13 
72 95 
115 65 
43 127 
111 43 
79 101 
11 28 
5 56 
69 107 
17 43 
114 79 
20 103 
42 20 
71 90 
33 1 
21 37 
53 120 
132 47 
121 19 
130 100 
56 39 
84 124 
14 76 
102 73 
50 70 
63 59 
9 45 
29 44 
97 23 
71 114 
4 1 
105 124 
113 41 
108 6 
60 72 
89 31 
20 64 
47 36 
2 100 
39 42 
82 16 
92 74 
73 48 
38 81 
125 60 
125 11 
29 81 
52 15 
80 109 
91 53 
99 10 
129 2 
45 19 
127 112 
34 50 
123 75 
74 117 
75 110 
24 16 
105 110 
42 9 
83 120 
56 115 
131 94 
25 85 
73 79 
130 109 
90 103 
131 59 
89 73 
62 64 
87 65 
55 1 
86 55 
131 57 
74 26 
114 27 
84 57 
41 15 
130 113 
131 93 
55 73 
119 63 
119 73 
39 3 
113 52 
133 62 
85 54 
6 84 
25 45 
114 60 
85 104 
47 66 
115 20 
59 114 
13 21 
17 56 
8 15 
2 111 
1 107 
73 105 
90 16 
6 114 
14 83 
89 85 
14 65 
100 17 
66 34 
68 78 
119 132 
112 68 
6 7 
119 105 
13 108 
71 6 
77 38 
131 113 
68 61 
53 32 
8 131 
113 47 
104 2 
102 123 
88 128 
107 28 
101 106 
64 78 
38 116 
103 46 
133 98 
63 21 
20 122 
70 21 
93 112 
48 14 
7 118 
92 94 
56 92 
74 41 
3 123 
96 113 
118 18 
129 9 
16 108 
131 98 
65 62 
74 4 
133 53 
80 52 
66 112 
48 5 
29 39 
81 54 
41 39 
9 105 
99 95 
112 87 
126 132 
104 53 
126 2 
91 103 
36 35 
48 30 
39 45 
63 100 
76 81 
130 13 
110 67 
11 49 
73 25 
15 54 
42 104 
4 66 
8 54 
124 125 
21 30 
120 100 
128 57 
100 10 
35 127 
77 36 
1 5 
80 128 
38 123 
47 107 
117 10 
2 61 
98 111 
56 6 
69 38 
77 26 
85 43 
63 106 
5 105 
94 25 
50 10 
54 125 
14 96 
90 107 
121 30 
94 30 
64 35 
38 107 
114 105 
106 49 
129 70 
52 46 
108 71 
43 47 
57 82 
15 132 
87 50 
102 122 
49 98 
116 25 
9 75 
33 50 
56 42 
77 116 
46 56 
7 35 
59 47 
39 27 
74 49 
70 102 
102 128 
40 83 
88 22 
86 96 
36 58 
52 71 
65 50 
19 9 
5 54 
67 64 
28 91 
3 119 
88 119 
78 19 
55 8 
55 75 
97 110 
116 68 
74 124 
123 61 
119 24 
109 50 
104 9 
18 53 
96 114 
8 71 
15 96 
48 29 
46 97 
55 65 
38 127 
84 30 
90 42 
23 95 
22 110 
64 61 
44 120 
63 9 
121 45 
100 23 
31 127 
75 20 
98 101 
68 130 
103 3 
24 123 
130 3 
46 17 
57 43 
94 68 
55 14 
70 86 
33 93 
70 79 
118 133 
119 20 
70 64 
8 42 
34 10 
111 79 
46 94 
125 113 
93 101 
85 121 
99 81 
39 131 
108 117 
4 112 
132 76 
94 28 
94 38 
114 104 
73 126 
56 37 
13 65 
20 123 
21 118 
37 86 
125 63 
12 20 
127 84 
95 41 
84 83 
3 133 
9 115 
33 88 
107 87 
110 123 
92 58 
63 93 
53 66 
95 129 
7 116 
8 111 
72 123 
123 119 
121 21 
122 77 
122 41 
77 31 
113 98 
96 47 
68 110 
85 2 
62 51 
113 44 
106 37 
114 55 
18 40 
69 103 
23 61 
26 95 
122 39 
112 69 
42 13 
47 117 
114 106 
79 133 
108 106 
24 13 
62 63 
41 22 
1 116 
96 92 
9 51 
67 93 
84 81 
111 20 
96 98 
28 25 
31 8 
93 81 
52 107 
70 40 
108 61 
30 12 
111 122 
59 17 
88 116 
91 36 
63 45 
133 111 
90 79 
38 74 
110 79 
31 96 
16 43 
100 107 
23 8 
65 107 
17 14 
66 15 
45 16 
128 49 
43 33 
69 118 
93 96 
52 1 
129 11 
37 90 
7 75 
97 35 
78 37 
129 133 
108 77 
70 6 
133 18 
96 19 
68 60 
104 92 
75 94 
61 105 
9 98 
118 113 
72 13 
66 57 
70 59 
89 116 
133 75 
56 43 
56 41 
15 56 
130 77 
32 92 
14 127 
127 41 
17 76 
67 48 
103 68 
87 74 
24 79 
52 120 
65 122 
81 5 
105 35 
127 106 
23 71 
72 107 
109 54 
86 106 
89 47 
6 103 
96 82 
38 90 
14 58 
60 116 
131 72 
72 120 
12 52 
79 18 
123 132 
107 121 
121 59 
93 51 
101 115 
39 34 
128 20 
19 5 
45 130 
128 116 
121 39 
124 41 
77 67 
108 22 
6 20 
117 5 
43 32 
120 40 
1 102 
60 14 
58 30 
29 71 
95 34 
25 97 
31 63 
78 20 
87 54 
23 56 
32 101 
41 130 
18 51 
101 45 
72 53 
18 2 
74 76 
129 109 
57 14 
111 41 
13 7 
19 1 
43 131 
42 26 
111 96 
79 103 
9 23 
72 112 
119 59 
13 35 
73 21 
117 103 
133 132 
106 103 
121 44 
26 16 
46 71 
115 99 
13 50 
41 26 
27 130 
97 112 
33 40 
111 70 
11 14 
95 96 
109 30 
92 24 
7 108 
98 117 
88 68 
11 31 
5 100 
120 68 
101 132 
95 74 
45 34 
126 28 
41 40 
64 101 
41 9 
119 55 
10 127 
51 47 
87 29 
67 97 
101 123 
90 48 
38 44 
115 3 
16 126 
84 51 
133 131 
14 121 
56 25 
67 120 
27 29 
113 23 
9 114 
16 61 
65 123 
66 59 
40 96 
30 124 
74 110 
89 99 
125 26 
33 21 
64 4 
9 20 
47 1 
78 69 
117 58 
38 83 
85 95 
102 93 
2 115 
33 52 
90 49 
101 37 
61 83 
127 13 
70 5 
10 23 
57 52 
47 79 
133 50 
37 116 
118 59 
63 57 
1 9 
101 122 
128 124 
96 112 
40 104 
133 10 
130 60 
86 31 
17 132 
82 113 
20 51 
62 14 
126 52 
104 64 
49 127 
121 8 
51 100 
45 42 
125 111 
45 12 
7 44 
36 97 
89 23 
80 19 
63 130 
69 19 
14 86 
65 77 
22 61 
59 109 
57 73 
60 32 
132 116 
71 51 
116 59 
99 97 
87 115 
14 45 
122 125 
57 31 
14 82 
69 12 
26 36 
65 82 
95 103 
87 103 
115 54 
103 62 
121 77 
126 27 
10 46 
100 89 
109 62 
133 72 
65 129 
50 126 
111 107 
44 41 
68 133 
113 84 
80 36 
116 48 
28 117 
13 45 
66 64 
111 76 
68 73 
132 87 
95 29 
83 21 
52 96 
85 72 
70 96 
31 101 
71 132 
17 72 
31 116 
65 8 
85 88 
68 16 
16 91 
10 87 
22 47 
97 53 
18 14 
63 19 
42 5 
57 36 
27 73 
36 46 
127 63 
15 43 
32 38 
124 37 
95 81 
55 78 
3 98 
7 22 
55 84 
131 66 
123 53 
20 37 
77 30 
122 13 
75 58 
124 10 
112 129 
14 37 
98 91 
115 29 
24 18 
48 43 
121 84 
120 108 
32 120 
87 122 
42 6 
101 30 
57 71 
71 107 
117 57 
115 100 
64 102 
103 24 
79 122 
58 12 
80 69 
114 107 
117 76 
13 33 
75 2 
46 55 
53 5 
80 58 
47 114 
99 91 
98 94 
131 60 
120 124 
27 85 
99 112 
2 69 
107 96 
62 119 
133 125 
101 2 
70 2 
15 112 
96 12 
18 85 
30 100 
126 46 
67 61 
5 58 
23 47 
106 80 
122 63 
100 44 
107 75 
16 111 
74 79 
2 127 
86 81 
39 128 
104 56 
130 122 
93 71 
110 100 
59 101 
17 124 
49 70 
133 45 
53 112 
76 122 
62 32 
8 79 
91 13 
34 102 
82 79 
44 50 
130 98 
61 128 
53 94 
90 58 
111 13 
36 96 
65 16 
65 7 
10 104 
104 66 
54 31 
6 80 
129 63 
9 72 
107 129 
101 118 
46 8 
65 33 
116 83 
72 61 
52 68 
102 26 
113 112 
70 131 
98 18 
26 9 
58 125 
118 36 
62 123 
111 115 
4 131 
46 41 
21 75 
123 74 
71 72 
105 84 
119 54 
132 10 
34 77 
97 58 
83 54 
96 81 
52 94 
6 101 
46 120 
30 106 
68 126 
62 105 
51 28 
86 20 
19 120 
26 37 
130 125 
6 24 
112 28 
104 125 
14 107 
17 99 
14 4 
21 108 
45 73 
20 70 
40 17 
39 2 
76 46 
21 94 
106 50 
84 1 
14 102 
119 84 
36 114 
98 56 
127 114 
34 9 
111 106 
32 72 
118 31 
29 90 
51 131 
65 102 
1 123 
49 54 
73 7 
7 74 
112 12 
40 19 
105 12 
42 10 
125 114 
87 124 
56 57 
12 73 
16 28 
95 14 
12 31 
79 119 
71 92 
19 73 
101 62 
60 43 
60 109 
60 56 
37 59 
70 110 
61 48 
45 86 
39 108 
99 71 
62 129 
97 83 
35 111 
113 59 
104 75 
39 124 
93 34 
46 92 
35 65 
20 94 
4 77 
53 13 
1 111 
5 93 
18 114 
132 92 
17 122 
69 84 
89 83 
100 3 
59 34 
105 7 
91 49 
6 61 
94 125 
66 86 
37 94 
79 11 
82 48 
56 31 
88 112 
70 34 
79 129 
132 38 
41 20 
115 62 
116 36 
102 120 
70 105 
62 81 
112 92 
118 120 
1 82 
120 20 
24 37 
57 69 
81 64 
90 40 
118 48 
26 58 
28 34 
90 3 
26 129 
58 20 
38 110 
118 35 
37 104 
98 4 
86 130 
125 23 
73 71 
43 53 
10 18 
43 107 
126 10 
28 27 
90 82 
52 28 
9 103 
123 86 
87 125 
106 125 
7 29 
9 66 
132 127 
33 48 
107 53 
95 122 
44 116 
113 6 
101 54 
49 130 
32 75 
73 97 
75 35 
97 45 
96 60 
10 65 
71 40 
76 5 
85 130 
65 45 
97 93 
7 125 
18 131 
31 87 
14 67 
48 54 
28 99 
117 2 
12 51 
3 105 
125 16 
80 89 
61 79 
75 28 
38 118 
128 22 
25 41 
65 68 
24 86 
64 117 
61 53 
46 98 
3 120 
70 121 
5 12 
29 22 
96 110 
80 84 
110 9 
86 9 
93 20 
96 129 
124 83 
32 63 
106 6 
93 28 
12 110 
104 49 
70 65 
87 37 
46 96 
108 43 
80 26 
98 89 
62 9 
101 23 
58 77 
14 12 
87 119 
128 63 
117 82 
36 41 
103 116 
92 43 
31 53 
104 34 
56 34 
108 128 
72 51 
88 114 
114 54 
98 125 
113 11 
131 24 
36 124 
116 18 
25 69 
9 133 
33 102 
73 111 
16 114 
42 109 
55 79 
112 34 
48 40 
116 79 
82 53 
132 45 
131 110 
7 112 
31 115 
129 76 
89 16 
78 43 
36 7 
37 73 
122 88 
25 34 
28 109 
133 48 
31 107 
13 52 
94 54 
104 89 
57 4 
4 125 
113 93 
3 66 
109 51 
52 8 
81 31 
50 51 
67 63 
44 66 
105 80 
61 12 
52 125 
32 97 
123 80 
48 59 
52 99 
39 119 
73 22 
13 14 
30 36 
109 4 
30 3 
17 84 
105 15 
89 130 
95 127 
71 65 
113 99 
111 34 
45 129 
48 58 
71 69 
98 35 
112 115 
92 21 
116 10 
47 126 
90 18 
127 5 
4 59 
79 128 
97 86 
29 2 
100 76 
112 119 
75 26 
2 82 
44 65 
48 18 
1 34 
124 67 
113 33 
109 11 
99 61 
5 40 
91 100 
127 44 
29 69 
13 32 
102 104 
56 77 
38 9 
101 114 
33 17 
51 48 
91 68 
46 72 
76 12 
73 14 
101 94 
26 29 
8 37 
20 127 
3 48 
120 13 
106 40 
83 30 
46 43 
79 115 
41 30 
93 59 
45 47 
96 33 
11 5 
95 13 
59 77 
94 102 
107 120 
100 61 
125 9 
128 95 
81 105 
57 47 
44 6 
46 67 
87 60 
28 44 
62 85 
60 45 
125 41 
131 3 
71 27 
122 40 
111 110 
111 129 
66 20 
106 45 
4 52 
13 99 
3 17 
91 80 
45 116 
1 2 
73 11 
18 27 
45 77 
79 44 
93 44 
22 28 
124 25 
131 99 
119 56 
46 38 
33 107 
65 63 
123 15 
28 110 
81 113 
97 38 
105 43 
122 15 
81 80 
107 18 
41 42 
130 55 
64 10 
59 53 
60 9 
99 59 
13 63 
99 104 
34 83 
20 124 
23 60 
85 26 
55 99 
58 70 
12 2 
39 67 
100 103 
106 112 
39 6 
14 44 
81 112 
49 124 
76 41 
69 68 
124 111 
69 5 
96 62 
58 8 
100 47 
14 100 
94 110 
78 110 
64 52 
118 109 
37 72 
113 103 
43 18 
91 70 
113 17 
112 17 
40 16 
22 115 
12 54 
23 17 
70 85 
102 2 
94 34 
20 5 
106 19 
26 15 
60 55 
130 51 
114 25 
73 86 
1 62 
27 129 
128 110 
24 99 
130 15 
59 107 
120 54 
39 82 
48 78 
85 59 
25 120 
96 131 
35 89 
43 115 
17 102 
6 102 
13 97 
27 45 
36 4 
20 74 
35 9 
4 8 
45 72 
100 118 
30 42 
88 43 
37 107 
36 92 
33 76 
61 7 
51 15 
3 102 
91 60 
117 90 
129 126 
133 15 
107 82 
51 1 
33 117 
75 12 
51 65 
98 51 
96 54 
119 100 
81 116 
112 21 
21 82 
37 61 
128 53 
98 99 
40 78 
89 59 
46 27 
58 99 
3 89 
100 32 
93 123 
46 65 
27 94 
84 133 
78 82 
96 124 
100 29 
33 81 
67 60 
124 65 
94 15 
51 3 
83 123 
94 2 
103 17 
98 103 
60 119 
51 97 
12 101 
67 100 
56 88 
42 62 
78 72 
78 125 
80 35 
108 4 
132 50 
47 32 
37 19 
78 70 
58 53 
57 9 
124 99 
112 121 
45 113 
57 133 
27 69 
50 86 
4 75 
53 95 
108 46 
45 108 
66 98 
90 5 
85 74 
11 71 
133 60 
70 95 
13 114 
9 12 
17 15 
63 102 
69 17 
117 124 
83 53 
100 52 
70 25 
76 86 
88 130 
84 115 
111 62 
75 105 
72 87 
72 99 
91 109 
105 17 
104 57 
93 121 
27 82 
86 19 
46 15 
122 34 
130 34 
2 96 
50 115 
56 9 
14 41 
37 38 
29 49 
99 18 
9 109 
15 27 
46 11 
92 124 
56 117 
125 69 
16 86 
28 54 
118 77 
82 10 
55 6 
47 86 
37 33 
96 61 
130 128 
29 19 
113 19 
6 38 
95 76 
131 85 
112 105 
13 119 
68 82 
91 92 
104 122 
112 102 
36 113 
56 28 
21 25 
99 103 
59 105 
32 74 
59 71 
81 91 
23 51 
56 73 
47 108 
112 51 
20 24 
106 121 
87 127 
30 24 
122 5 
70 90 
25 47 
119 29 
61 24 
4 119 
97 78 
48 55 
106 12 
111 72 
103 66 
123 47 
37 84 
128 118 
80 79 
72 121 
39 32 
60 132 
120 85 
109 16 
27 100 
133 67 
99 49 
116 67 
10 96 
92 53 
76 2 
46 118 
108 2 
16 54 
9 91 
60 94 
48 72 
51 80 
103 18 
44 27 
25 30 
93 19 
52 63 
60 53 
90 110 
83 67 
14 112 
87 85 
114 33 
27 91 
50 72 
25 66 
73 132 
123 13 
85 8 
95 117 
68 10 
38 20 
26 25 
86 56 
1 46 
6 4 
77 44 
29 98 
97 48 
120 94 
59 67 
84 16 
51 126 
58 94 
53 54 
131 53 
6 86 
103 133 
108 129 
3 128 
78 65 
83 122 
99 27 
37 66 
112 6 
77 110 
4 127 
114 85 
16 67 
18 34 
82 67 
32 52 
30 54 
126 3 
69 127 
27 10 
118 94 
50 54 
27 2 
125 84 
130 2 
65 130 
128 24 
113 43 
113 22 
66 12 
81 111 
16 25 
16 33 
91 11 
47 58 
86 68 
8 133 
21 31 
101 103 
55 90 
34 86 
78 91 
56 72 
31 13 
130 101 
132 11 
36 42 
54 126 
45 115 
52 118 
7 110 
10 112 
60 64 
65 39 
124 79 
17 51 
100 81 
25 110 
40 91 
21 80 
54 60 
102 31 
116 108 
52 48 
69 48 
51 88 
89 70 
56 82 
61 49 
59 36 
19 66 
4 55 
51 78 
115 107 
66 108 
106 129 
30 45 
95 132 
42 132 
45 126 
118 110 
110 113 
99 51 
130 26 
116 65 
11 67 
90 39 
89 38 
60 48 
25 109 
101 108 
120 131 
27 61 
85 100 
60 10 
50 97 
47 70 
106 1 
76 133 
3 112 
73 77 
34 127 
1 36 
22 14 
32 122 
70 56 
18 41 
128 42 
36 16 
68 39 
68 100 
82 133 
109 93 
7 15 
109 108 
39 98 
120 122 
8 51 
124 63 
69 117 
10 57 
17 11 
49 28 
121 49 
112 71 
60 69 
119 52 
125 33 
2 21 
133 114 
48 12 
41 65 
74 19 
119 121 
127 11 
42 50 
111 28 
104 38 
81 36 
8 49 
78 71 
30 127 
58 73 
4 102 
3 71 
26 68 
97 104 
5 60 
127 67 
24 112 
42 7 
8 77 
97 34 
42 110 
122 118 
41 85 
2 33 
111 47 
71 125 
105 88 
8 82 
61 50 
87 86 
15 33 
61 66 
115 91 
108 99 
119 46 
60 63 
6 109 
67 12 
62 92 
52 104 
62 8 
44 67 
20 131 
98 27 
81 58 
56 107 
72 122 
81 1 
93 79 
27 57 
6 50 
16 6 
133 22 
119 57 
41 119 
56 40 
85 107 
91 47 
33 109 
44 64 
97 91 
44 125 
30 112 
127 105 
120 6 
14 129 
46 32 
87 19 
19 117 
6 63 
44 49 
10 31 
75 92 
120 31 
117 7 
107 124 
22 5 
61 89 
9 6 
118 41 
75 41 
94 63 
25 80 
37 39 
68 47 
15 90 
88 72 
127 52 
124 89 
129 3 
26 18 
9 127 
4 28 
130 48 
59 10 
18 63 
30 4 
61 126 
128 12 
76 70 
30 27 
33 66 
29 107 
122 55 
68 122 
46 84 
100 111 
12 99 
28 10 
102 121 
31 113 
129 78 
109 38 
41 108 
13 9 
43 54 
59 72 
11 117 
127 54 
37 5 
44 82 
36 44 
11 82 
21 126 
21 46 
16 56 
79 42 
120 130 
92 115 
130 25 
95 19 
59 40 
34 91 
59 9 
31 82 
123 56 
111 60 
36 103 
110 48 
22 37 
48 129 
124 70 
63 126 
16 81 
79 9 
111 89 
48 4 
13 106 
90 4 
112 114 
77 109 
39 112 
106 70 
5 130 
85 17 
85 63 
28 20 
32 2 
8 26 
16 50 
116 46 
74 116 
128 35 
1 50 
98 100 
97 22 
97 24 
131 17 
109 78 
63 15 
83 93 
62 17 
32 95 
40 85 
95 42 
88 125 
44 17 
56 22 
72 34 
51 111 
99 102 
9 16 
127 128 
34 14 
41 129 
96 76 
85 15 
101 86 
120 50 
93 7 
9 17 
86 52 
60 129 
9 37 
58 83 
59 75 
39 40 
116 97 
87 62 
26 47 
95 73 
1 61 
1 129 
102 127 
4 43 
21 12 
2 49 
4 19 
51 124 
30 81 
93 26 
126 76 
60 115 
128 75 
12 98 
105 41 
87 129 
74 65 
66 52 
8 125 
19 43 
34 106 
92 65 
17 42 
123 26 
21 49 
79 62 
38 111 
49 41 
56 4 
56 19 
120 66 
133 121 
122 50 
23 122 
46 91 
60 25 
99 5 
28 38 
124 75 
64 131 
98 106 
67 91 
10 102 
24 120 
77 96 
59 32 
72 16 
72 55 
39 35 
84 19 
97 42 
1 59 
118 60 
67 51 
71 98 
61 42 
116 23 
125 19 
70 92 
77 35 
36 89 
107 48 
121 54 
33 68 
90 78 
104 32 
64 22 
110 63 
103 72 
43 61 
88 77 
106 81 
14 130 
8 72 
122 67 
98 11 
69 35 
7 31 
129 61 
115 44 
113 128 
5 7 
16 113 
4 33 
19 97 
104 94 
114 7 
100 6 
100 41 
93 84 
97 102 
85 73 
78 21 
65 104 
56 124 
57 101 
99 44 
26 60 
33 44 
20 90 
83 90 
121 129 
44 95 
128 2 
3 101 
13 37 
84 123 
17 18 
126 122 
6 62 
25 22 
51 33 
102 11 
86 83 
18 100 
126 22 
126 42 
98 16 
104 1 
27 63 
75 44 
105 48 
25 129 
67 86 
118 121 
131 124 
69 128 
116 54 
91 7 
21 34 
3 92 
128 29 
21 100 
41 120 
125 13 
56 129 
113 4 
133 44 
41 126 
95 109 
72 132 
47 119 
125 17 
25 99 
31 24 
26 120 
78 117 
34 49 
129 74 
26 10 
58 52 
68 50 
50 60 
105 111 
49 82 
77 106 
44 123 
74 67 
43 25 
125 100 
126 57 
64 45 
113 57 
90 10 
86 100 
3 15 
57 54 
85 31 
34 76 
52 105 
76 15 
14 2 
130 115 
76 6 
25 5 
116 91 
58 88 
51 127 
64 40 
62 75 
112 33 
44 59 
130 96 
54 112 
91 5 
23 107 
34 81 
111 23 
65 42 
57 75 
19 85 
107 125 
37 117 
127 32 
6 11 
24 28 
92 119 
30 63 
8 132 
109 87 
36 104 
69 32 
10 81 
21 15 
20 18 
118 123 
59 5 
118 111 
94 93 
5 124 
87 123 
37 113 
114 92 
39 95 
110 59 
108 127 
101 58 
111 11 
32 19 
69 106 
15 125 
71 86 
81 25 
124 127 
34 109 
5 128 
48 121 
113 7 
2 37 
118 29 
67 85 
5 57 
57 50 
83 130 
115 26 
87 3 
112 8 
28 77 
73 40 
27 31 
29 63 
64 21 
12 130 
39 105 
74 82 
12 126 
57 68 
74 69 
97 30 
23 39 
18 80 
88 13 
31 29 
91 64 
35 59 
113 53 
92 97 
2 16 
22 78 
66 81 
42 66 
75 29 
12 104 
109 86 
103 31 
91 133 
15 117 
34 52 
115 1 
11 78 
58 29 
75 61 
106 61 
102 42 
84 13 
81 14 
91 96 
30 6 
57 108 
29 126 
6 72 
44 10 
107 34 
7 9 
63 55 
47 129 
59 126 
18 87 
89 13 
24 111 
51 106 
115 16 
87 131 
49 115 
12 84 
59 65 
32 109 
93 92 
77 68 
91 12 
40 9 
45 29 
130 46 
99 48 
113 42 
74 75 
56 69 
133 104 
94 105 
26 57 
117 13 
62 130 
109 7 
100 121 
18 108 
4 124 
47 75 
79 64 
82 104 
93 38 
37 29 
83 68 
89 2 
70 26 
51 30 
41 102 
121 123 
66 17 
97 29 
58 55 
45 8 
101 1 
46 113 
96 102 
44 47 
28 29 
47 120 
81 115 
49 71 
116 5 
57 62 
39 92 
47 41 
85 9 
133 11 
76 40 
8 67 
60 103 
26 88 
39 80 
50 23 
118 56 
49 26 
39 47 
113 67 
131 67 
23 132 
74 29 
33 10 
7 124 
73 6 
19 67 
69 85 
40 127 
14 25 
25 78 
130 39 
99 101 
71 62 
101 111 
121 95 
16 105 
117 118 
97 87 
32 94 
112 84 
96 4 
7 72 
96 121 
16 78 
60 30 
79 36 
1 44 
115 42 
51 40 
83 69 
29 9 
27 120 
56 67 
49 17 
35 10 
10 63 
97 84 
85 98 
88 71 
84 56 
27 87 
2 105 
28 103 
101 26 
78 63 
113 86 
121 12 
38 23 
132 121 
85 46 
50 32 
56 35 
98 58 
58 105 
40 6 
96 84 
13 59 
120 81 
127 119 
104 58 
109 71 
97 81 
35 130 
24 67 
132 63 
70 83 
1 45 
109 53 
109 121 
89 133 
101 74 
38 60 
76 31 
63 56 
13 47 
39 53 
6 81 
103 108 
53 111 
4 21 
95 66 
108 15 
49 45 
94 59 
4 42 
54 27 
125 35 
58 32 
76 78 
114 53 
133 126 
32 81 
27 3 
101 38 
7 85 
58 130 
85 125 
112 120 
16 95 
45 46 
76 123 
37 57 
132 109 
37 18 
74 40 
74 55 
44 117 
65 113 
77 60 
81 129 
124 69 
98 132 
106 18 
111 45 
110 34 
72 79 
32 29 
15 53 
131 77 
20 49 
23 91 
68 34 
58 41 
67 79 
60 37 
88 82 
92 130 
12 127 
89 119 
93 88 
55 101 
130 91 
5 31 
58 51 
73 61 
68 48 
105 89 
100 40 
22 57 
113 114 
10 113 
121 124 
4 9 
62 40 
46 13 
19 82 
89 51 
18 30 
116 93 
3 29 
114 95 
26 96 
107 9 
4 10 
132 37 
133 32 
111 130 
58 60 
10 45 
8 101 
24 72 
53 119 
122 132 
36 45 
117 46 
50 12 
18 38 
19 41 
69 13 
81 48 
99 73 
114 32 
70 94 
6 122 
45 85 
105 68 
87 35 
32 118 
42 2 
41 17 
85 11 
36 14 
20 52 
55 37 
107 109 
126 77 
123 17 
84 67 
125 67 
56 76 
133 110 
105 83 
93 76 
74 53 
48 25 
94 35 
131 75 
63 72 
107 7 
19 70 
36 55 
15 68 
84 60 
73 69 
126 35 
59 87 
80 108 
54 122 
64 90 
50 119 
52 7 
90 14 
43 86 
87 90 
90 86 
123 129 
92 73 
38 34 
131 2 
112 65 
89 114 
3 16 
82 3 
58 67 
1 65 
7 129 
13 3 
5 107 
65 86 
64 87 
104 24 
33 54 
118 12 
56 87 
123 33 
130 99 
127 79 
69 99 
1 17 
59 83 
77 12 
112 64 
10 67 
98 112 
95 75 
93 3 
77 97 
90 68 
76 108 
74 112 
19 11 
75 99 
131 44 
132 83 
67 33 
131 95 
102 133 
42 73 
61 112 
76 115 
65 66 
119 45 
24 50 
54 62 
19 119 
102 59 
78 49 
102 46 
125 46 
69 44 
13 23 
54 93 
35 129 
128 18 
13 109 
113 2 
74 68 
31 30 
103 111 
82 30 
64 76 
41 61 
117 21 
82 94 
28 132 
28 102 
34 113 
58 114 
41 45 
32 89 
88 9 
132 22 
7 67 
56 78 
97 96 
94 128 
6 57 
67 115 
86 5 
108 35 
76 62 
1 99 
51 7 
127 61 
5 41 
94 130 
113 90 
36 15 
74 39 
6 78 
41 121 
88 74 
7 131 
86 4 
22 32 
115 11 
80 57 
82 42 
70 133 
85 75 
25 57 
1 7 
26 32 
52 61 
95 61 
9 3 
99 41 
129 97 
128 125 
105 120 
65 37 
10 16 
30 59 
71 56 
114 124 
92 129 
103 78 
72 81 
44 83 
74 120 
26 55 
23 41 
126 130 
103 30 
86 121 
3 127 
97 113 
104 51 
11 35 
115 4 
46 20 
83 117 
107 97 
19 65 
106 133 
27 74 
50 56 
56 133 
16 102 
43 72 
67 22 
1 23 
108 93 
29 105 
94 16 
52 114 
80 127 
15 118 
49 22 
7 28 
59 80 
81 114 
88 86 
79 45 
98 13 
109 61 
127 100 
106 11 
18 35 
11 120 
98 33 
119 31 
125 24 
31 26 
74 15 
60 35 
55 38 
29 86 
40 20 
82 25 
108 130 
58 2 
31 3 
28 61 
55 7 
51 125 
110 31 
131 45 
50 78 
112 104 
107 77 
12 56 
63 48 
92 48 
33 20 
44 30 
62 23 
15 88 
129 113 
93 11 
71 89 
133 47 
131 103 
18 42 
1 105 
30 107 
96 51 
15 106 
132 94 
50 93 
33 118 
88 27 
115 125 
61 33 
62 100 
50 46 
132 125 
51 31 
85 39 
100 53 
50 4 
47 21 
93 130 
102 86 
76 61 
65 64 
75 48 
13 71 
30 91 
35 43 
122 116 
133 117 
8 59 
13 56 
67 123 
54 75 
105 106 
130 74 
126 101 
91 1 
47 76 
73 98 
109 85 
1 22 
53 62 
111 58 
95 87 
115 21 
101 100 
86 80 
2 26 
48 86 
49 86 
109 111 
15 40 
129 69 
81 41 
14 104 
60 8 
78 95 
125 91 
88 90 
86 25 
11 33 
75 70 
52 18 
28 32 
129 130 
87 69 
108 49 
114 82 
34 15 
119 114 
107 86 
99 8 
113 132 
54 45 
32 6 
84 126 
53 63 
4 80 
31 38 
7 84 
107 133 
109 57 
128 114 
75 8 
57 95 
75 108 
74 61 
40 133 
55 127 
68 71 
57 45 
48 7 
102 40 
131 27 
30 118 
23 112 
109 64 
121 110 
127 48 
17 53 
80 87 
114 103 
23 118 
15 72 
16 52 
45 124 
22 59 
102 24 
6 54 
114 3 
64 126 
27 111 
109 20 
10 53 
23 86 
58 133 
53 87 
65 100 
40 36 
85 28 
10 130 
3 52 
45 62 
72 110 
43 62 
67 66 
114 69 
7 130 
58 19 
103 129 
99 46 
97 54 
50 55 
5 33 
94 39 
89 129 
70 27 
68 8 
105 27 
41 33 
66 93 
121 37 
108 102 
103 74 
115 103 
3 86 
13 132 
100 33 
8 21 
105 77 
49 97 
57 60 
112 78 
44 9 
93 13 
38 13 
50 14 
89 15 
80 107 
6 52 
44 110 
89 56 
133 35 
44 18 
19 111 
24 42 
49 56 
21 62 
39 13 
24 59 
14 47 
78 94 
42 77 
46 101 
53 27 
75 13 
82 6 
56 27 
59 7 
83 99 
105 30 
27 37 
88 123 
68 23 
118 112 
122 24 
113 62 
115 69 
88 28 
95 12 
18 119 
128 6 
110 8 
89 81 
20 76 
57 102 
18 68 
1 103 
72 75 
8 25 
117 71 
53 116 
71 80 
16 30 
41 71 
48 108 
34 126 
5 103 
112 90 
103 45 
96 75 
72 68 
43 80 
25 9 
30 86 
45 112 
15 131 
12 15 
67 5 
77 52 
113 58 
120 91 
3 4 
94 9 
30 74 
35 90 
106 72 
67 106 
89 50 
70 74 
121 120 
45 88 
89 27 
113 21 
92 61 
56 121 
46 111 
14 131 
80 23 
103 40 
119 131 
106 5 
74 21 
108 60 
3 10 
85 37 
76 49 
64 116 
130 47 
82 76 
4 12 
99 16 
102 66 
108 126 
38 33 
26 94 
20 87 
32 37 
92 108 
125 119 
21 41 
124 129 
64 110 
15 38 
117 42 
56 131 
90 65 
60 120 
130 117 
6 96 
62 118 
35 57 
77 47 
66 126 
71 102 
2 79 
40 43 
35 85 
99 109 
48 15 
87 92 
1 49 
20 2 
120 51 
33 27 
60 22 
104 80 
17 73 
75 89 
57 28 
91 124 
25 17 
104 68 
14 116 
58 7 
42 75 
58 89 
102 51 
6 59 
84 77 
45 40 
66 70 
115 32 
111 97 
53 125 
19 55 
41 72 
110 80 
70 29 
56 90 
125 127 
32 79 
57 67 
74 125 
33 73 
113 13 
103 126 
6 17 
48 53 
122 35 
43 14 
2 46 
86 8 
87 96 
37 129 
69 119 
23 83 
73 127 
29 51 
72 5 
131 12 
88 121 
92 101 
14 42 
58 42 
95 17 
30 104 
112 5 
77 25 
12 17 
55 41 
77 70 
28 128 
92 9 
51 34 
63 51 
63 37 
53 105 
21 107 
89 67 
71 10 
117 60 
57 86 
16 129 
67 109 
4 110 
80 72 
27 115 
121 65 
124 116 
62 131 
85 60 
86 116 
132 93 
118 11 
36 88 
105 40 
51 38 
78 7 
9 36 
21 72 
7 18 
126 118 
123 45 
27 83 
87 41 
5 78 
108 63 
3 125 
110 5 
116 106 
133 112 
38 67 
129 114 
68 108 
24 2 
89 109 
50 20 
42 43 
27 109 
92 125 
72 108 
65 111 
84 25 
25 133 
14 77 
107 95 
48 80 
119 14 
67 75 
96 39 
105 65 
37 128 
24 71 
14 132 
100 90 
53 65 
99 42 
4 85 
46 12 
21 71 
64 7 
45 96 
37 118 
82 45 
18 67 
40 32 
115 96 
38 79 
39 76 
108 44 
26 45 
49 73 
26 34 
133 80 
77 5 
113 109 
73 78 
70 28 
31 62 
27 8 
86 36 
80 60 
91 75 
14 16 
117 6 
44 119 
82 109 
130 72 
66 10 
34 128 
48 71 
75 97 
28 50 
26 61 
95 5 
124 24 
2 110 
43 52 
50 94 
20 65 
25 50 
3 49 
111 108 
16 18 
16 17 
76 98 
124 35 
80 113 
117 93 
20 114 
18 19 
77 104 
115 122 
121 113 
39 117 
2 118 
44 4 
100 73 
130 124 
113 60 
99 90 
125 48 
130 4 
52 132 
133 54 
78 10 
128 83 
91 63 
23 121 
80 74 
84 21 
99 86 
90 127 
116 84 
20 116 
78 54 
82 84 
21 66 
62 37 
24 82 
5 46 
107 76 
76 77 
98 45 
131 42 
37 119 
129 28 
68 24 
22 79 
107 131 
2 74 
23 42 
45 87 
1 118 
31 49 
122 36 
99 20 
78 9 
25 92 
40 65 
118 107 
64 59 
71 81 
124 15 
108 64 
30 33 
130 87 
112 111 
79 131 
69 59 
92 80 
97 76 
34 43 
72 115 
97 61 
85 86 
3 42 
114 74 
20 83 
32 23 
13 83 
110 120 
72 38 
118 115 
123 34 
40 13 
87 17 
120 95 
81 49 
13 5 
49 25 
14 108 
130 54 
97 2 
92 131 
125 43 
52 25 
9 108 
52 133 
65 75 
90 7 
118 96 
132 111 
98 105 
54 2 
130 20 
95 21 
45 104 
13 70 
114 5 
6 60 
88 44 
32 5 
75 84 
25 127 
12 80 
76 103 
15 19 
34 101 
8 2 
101 4 
62 4 
117 113 
51 54 
15 13 
47 56 
86 33 
83 24 
8 83 
82 38 
38 49 
126 65 
68 127 
7 32 
79 31 
88 84 
52 72 
91 95 
104 123 
32 71 
36 49 
73 106 
128 68 
38 133 
95 112 
7 81 
43 23 
93 45 
113 64 
121 98 
129 77 
83 91 
89 45 
109 98 
63 84 
97 122 
8 109 
38 27 
49 105 
116 17 
54 61 
98 68 
7 106 
81 59 
21 77 
29 78 
81 26 
47 99 
7 25 
45 67 
132 91 
102 84 
132 30 
75 83 
19 130 
113 69 
99 30 
116 8 
56 8 
128 81 
64 88 
107 106 
121 87 
107 68 
12 107 
47 12 
32 96 
110 46 
22 46 
7 39 
53 108 
48 89 
72 114 
67 107 
63 121 
2 81 
66 121 
2 66 
76 79 
110 99 
77 99 
67 21 
94 69 
112 73 
15 127 
25 112 
14 74 
55 113 
121 82 
110 117 
113 88 
7 53 
16 87 
53 93 
133 28 
54 99 
125 2 
129 44 
74 93 
95 47 
47 63 
50 111 
65 117 
111 52 
91 26 
101 89 
2 38 
6 107 
88 73 
89 22 
77 75 
42 81 
128 98 
113 3 
55 54 
13 17 
112 37 
93 62 
108 87 
105 60 
83 66 
55 91 
15 49 
25 103 
53 64 
4 61 
23 120 
2 15 
14 87 
19 94 
127 18 
115 66 
54 25 
3 109 
117 87 
129 19 
1 85 
33 89 
3 75 
93 111 
127 118 
41 90 
8 18 
128 129 
25 67 
18 59 
120 38 
78 116 
30 40 
93 46 
123 6 
40 81 
115 19 
76 63 
21 124 
130 53 
77 112 
120 128 
84 99 
51 5 
113 102 
36 82 
28 43 
125 120 
87 21 
46 131 
74 11 
104 126 
80 67 
10 24 
80 75 
11 100 
124 106 
1 87 
102 9 
1 67 
125 42 
21 3 
95 50 
109 23 
79 12 
76 119 
100 74 
75 23 
23 46 
52 129 
66 117 
61 111 
18 71 
56 109 
1 121 
64 3 
32 129 
9 77 
131 26 
131 29 
133 122 
88 132 
9 97 
119 9 
123 124 
43 95 
106 4 
3 56 
92 116 
112 108 
22 112 
80 78 
65 91 
27 4 
118 97 
82 106 
30 35 
66 114 
32 77 
103 21 
67 96 
103 92 
121 29 
18 115 
97 119 
129 53 
25 51 
90 128 
43 6 
37 108 
20 10 
52 82 
99 19 
13 129 
35 93 
4 70 
93 105 
28 42 
109 124 
21 24 
109 128 
67 36 
81 65 
85 68 
106 25 
23 85 
29 38 
32 73 
64 119 
99 85 
74 35 
76 109 
16 88 
39 57 
114 67 
102 19 
54 76 
104 81 
124 18 
22 63 
82 13 
103 35 
17 26 
22 34 
21 93 
40 131 
49 9 
97 68 
1 26 
98 41 
47 72 
107 105 
5 55 
52 98 
61 13 
114 35 
75 38 
14 117 
62 20 
111 80 
17 71 
95 24 
34 108 
52 40 
53 75 
69 109 
34 60 
90 17 
26 87 
45 18 
93 1 
95 89 
68 75 
97 85 
84 74 
105 101 
23 115 
74 9 
64 16 
95 33 
20 7 
100 4 
105 115 
74 36 
129 20 
77 117 
53 1 
80 37 
89 7 
83 2 
81 74 
11 104 
76 35 
71 22 
118 58 
91 62 
70 39 
124 60 
31 106 
18 9 
112 56 
33 132 
50 100 
74 57 
60 39 
42 123 
23 102 
32 78 
70 67 
113 76 
97 10 
128 1 
70 45 
131 63 
119 6 
68 117 
107 10 
111 95 
33 106 
116 104 
110 87 
22 54 
121 125 
126 115 
93 40 
6 14 
80 8 
54 14 
96 99 
15 107 
92 77 
63 116 
125 45 
84 4 
7 38 
98 55 
41 31 
17 94 
34 79 
82 99 
24 87 
126 1 
69 131 
32 1 
6 64 
66 91 
25 131 
52 121 
70 116 
132 84 
8 70 
23 78 
68 93 
61 3 
127 101 
66 54 
132 39 
67 76 
39 17 
80 14 
1 56 
37 99 
79 57 
57 16 
113 35 
28 13 
133 92 
74 131 
75 56 
30 49 
13 116 
43 29 
36 48 
16 70 
128 76 
75 114 
53 124 
47 65 
28 66 
29 85 
91 121 
125 116 
19 126 
6 36 
46 26 
114 132 
88 91 
99 80 
25 36 
18 117 
16 131 
56 100 
103 88 
118 116 
114 51 
94 65 
69 14 
4 46 
13 126 
5 63 
2 28 
81 52 
39 78 
44 124 
34 32 
8 91 
121 24 
109 49 
33 84 
44 80 
122 14 
9 100 
71 111 
42 103 
77 13 
60 65 
31 129 
24 75 
85 14 
20 73 
107 110 
57 90 
30 123 
116 9 
4 60 
129 33 
96 29 
42 86 
9 61 
106 55 
132 66 
133 65 
54 32 
66 100 
61 122 
46 82 
98 78 
85 48 
100 19 
126 112 
125 12 
55 103 
124 102 
97 20 
122 52 
59 96 
123 126 
53 80 
90 75 
14 71 
20 105 
54 40 
117 116 
39 8 
39 63 
109 103 
59 21 
91 108 
43 102 
19 27 
19 104 
24 74 
58 121 
21 105 
61 121 
16 5 
91 19 
117 115 
13 87 
47 103 
41 88 
3 73 
90 32 
99 117 
46 39 
68 111 
49 24 
26 86 
93 60 
89 65 
102 12 
17 19 
82 126 
92 76 
81 67 
7 63 
48 109 
14 61 
91 31 
33 45 
37 115 
111 22 
13 118 
54 89 
3 70 
24 110 
19 28 
82 123 
51 68 
4 97 
59 57 
51 123 
59 50 
79 92 
44 109 
78 108 
117 50 
47 104 
110 19 
95 98 
70 61 
84 114 
42 15 
47 19 
100 70 
112 40 
29 88 
17 34 
127 116 
79 66 
85 106 
116 11 
4 31 
106 110 
121 75 
114 87 
65 97 
102 103 
131 81 
112 47 
90 81 
11 84 
32 33 
32 8 
42 51 
44 130 
8 130 
76 50 
76 52 
17 29 
92 14 
84 15 
15 92 
73 23 
102 44 
10 108 
28 23 
39 38 
29 36 
113 79 
23 40 
77 50 
11 4 
16 96 
126 48 
11 87 
53 56 
77 15 
76 38 
34 96 
35 52 
4 91 
65 3 
59 49 
64 83 
40 72 
118 125 
62 66 
11 3 
112 82 
25 27 
74 111 
86 132 
91 86 
120 45 
96 94 
21 89 
7 54 
81 130 
95 59 
105 63 
47 28 
126 70 
107 83 
49 14 
23 25 
117 63 
133 90 
72 83 
108 20 
91 94 
78 120 
90 131 
90 118 
59 98 
33 78 
2 35 
26 106 
2 45 
87 98 
62 39 
118 131 
86 15 
72 42 
84 58 
48 119 
100 45 
124 97 
25 91 
47 90 
124 3 
111 10 
21 128 
28 84 
119 81 
49 103 
77 51 
3 96 
21 123 
44 35 
98 28 
51 26 
42 44 
113 94 
19 116 
95 90 
47 8 
121 90 
89 53 
110 40 
110 58 
13 55 
41 48 
43 68 
59 117 
55 42 
35 28 
133 61 
88 62 
127 78 
88 69 
38 100 
69 6 
85 30 
47 131 
16 42 
95 15 
105 85 
117 45 
83 125 
105 133 
69 30 
91 59 
84 86 
31 109 
93 75 
133 123 
132 57 
105 103 
67 15 
82 131 
112 132 
61 57 
104 107 
100 48 
94 100 
4 129 
133 119 
5 15 
48 49 
62 104 
38 53 
88 3 
36 127 
129 43 
111 3 
28 53 
109 117 
101 70 
113 8 
7 115 
4 2 
17 58 
77 83 
41 10 
34 6 
47 29 
39 110 
7 40 
122 99 
29 15 
76 116 
65 43 
31 18 
124 42 
107 3 
31 67 
46 48 
33 128 
45 81 
131 84 
40 89 
78 77 
37 6 
63 98 
90 115 
116 2 
20 84 
7 122 
85 71 
31 132 
61 71 
71 124 
43 93 
116 43 
87 128 
20 110 
67 54 
6 47 
41 8 
16 93 
101 76 
21 110 
23 64 
107 119 
118 130 
126 37 
131 5 
52 89 
50 29 
104 26 
62 30 
89 107 
118 93 
86 72 
47 128 
44 97 
117 122 
17 48 
13 1 
69 16 
104 91 
6 111 
70 127 
82 103 
43 120 
128 71 
86 120 
119 106 
128 106 
24 51 
133 115 
34 120 
84 103 
108 73 
88 20 
71 63 
2 133 
114 94 
43 101 
33 26 
118 6 
123 115 
129 99 
121 20 
96 68 
57 40 
97 103 
15 126 
12 44 
61 81 
11 47 
94 106 
53 102 
53 30 
112 48 
15 10 
86 61 
78 115 
49 18 
94 84 
15 37 
131 101 
15 58 
113 115 
33 69 
10 95 
21 9 
3 76 
70 98 
126 131 
73 47 
96 119 
67 71 
85 132 
62 67 
116 113 
117 102 
122 73 
111 121 
12 72 
33 39 
49 32 
121 4 
89 9 
39 88 
43 83 
46 132 
80 5 
126 36 
124 33 
22 122 
3 99 
87 63 
6 94 
88 98 
16 63 
117 72 
122 59 
63 101 
66 5 
40 130 
132 68 
118 66 
34 65 
109 21 
5 17 
5 120 
31 122 
42 63 
34 41 
112 86 
55 125 
46 6 
6 53 
128 16 
88 110 
14 111 
22 9 
44 60 
73 67 
10 115 
42 64 
52 51 
16 11 
129 119 
131 34 
129 5 
62 44 
7 27 
19 25 
48 31 
42 35 
53 118 
62 13 
33 58 
15 93 
30 47 
47 17 
29 104 
91 41 
132 78 
112 62 
30 126 
59 11 
34 30 
5 83 
130 21 
52 56 
46 34 
50 58 
69 76 
41 73 
30 131 
51 90 
56 14 
58 128 
51 74 
12 25 
60 61 
31 9 
54 21 
117 38 
108 26 
54 34 
111 37 
105 90 
92 29 
40 88 
3 94 
29 54 
105 24 
80 66 
125 38 
54 17 
107 98 
54 105 
9 93 
44 22 
53 21 
10 129 
96 104 
7 66 
31 105 
32 10 
1 100 
44 86 
125 81 
98 83 
47 15 
51 27 
56 24 
79 41 
73 18 
45 61 
63 24 
74 115 
15 115 
106 48 
121 76 
98 77 
37 31 
12 78 
32 55 
49 102 
49 84 
101 47 
130 24 
59 86 
39 44 
120 119 
110 119 
80 73 
7 57 
57 112 
110 93 
18 66 
96 123 
43 103 
94 103 
15 102 
27 24 
83 46 
30 95 
123 55 
68 46 
71 5 
61 93 
133 127 
94 83 
94 116 
17 98 
96 122 
26 40 
107 79 
123 57 
95 3 
117 119 
14 105 
88 67 
111 49 
57 17 
29 30 
39 1 
82 15 
101 102 
12 1 
92 33 
32 106 
91 85 
47 2 
61 80 
55 62 
16 112 
88 2 
50 31 
40 99 
113 92 
32 82 
81 98 
1 40 
71 1 
122 62 
114 123 
36 61 
89 103 
75 6 
118 9 
3 19 
88 61 
6 131 
88 52 
120 104 
83 110 
91 56 
50 99 
41 104 
69 36 
21 40 
81 68 
123 43 
79 108 
84 43 
101 56 
7 102 
45 94 
62 15 
52 31 
57 21 
86 119 
4 26 
58 120 
69 101 
97 59 
18 78 
103 61 
62 114 
30 8 
41 132 
90 72 
3 54 
76 4 
23 88 
56 64 
54 13 
104 118 
40 28 
32 24 
71 42 
114 64 
102 72 
75 51 
33 70 
21 61 
19 62 
29 94 
26 132 
6 68 
57 3 
77 20 
21 51 
69 132 
87 46 
106 56 
83 106 
109 105 
91 22 
125 72 
18 109 
108 82 
4 89 
129 104 
13 22 
88 4 
10 105 
117 70 
102 56 
42 100 
40 124 
121 43 
121 3 
7 123 
14 53 
23 11 
114 37 
52 45 
33 35 
38 4 
101 29 
3 78 
37 88 
90 24 
75 64 
55 77 
132 25 
85 83 
62 124 
3 46 
28 46 
10 55 
133 99 
36 128 
68 32 
64 118 
86 79 
80 49 
77 71 
96 43 
112 85 
9 58 
119 10 
48 57 
64 124 
74 44 
40 125 
62 106 
14 28 
6 2 
132 21 
82 54 
57 29 
64 18 
83 60 
114 12 
3 81 
28 114 
89 91 
112 67 
21 69 
16 21 
115 59 
113 32 
22 30 
64 47 
24 33 
11 105 
71 19 
106 100 
47 53 
130 123 
54 64 
65 120 
64 69 
23 127 
109 15 
112 46 
36 119 
20 4 
119 77 
85 55 
89 46 
118 124 
88 53 
97 40 
65 24 
1 96 
55 21 
36 37 
54 63 
25 53 
58 132 
18 32 
88 11 
35 25 
80 132 
130 78 
119 80 
46 123 
40 123 
101 90 
40 42 
92 37 
105 78 
132 6 
12 33 
65 5 
102 82 
29 103 
72 58 
132 2 
128 62 
125 95 
83 4 
7 100 
105 108 
76 118 
60 122 
119 70 
42 69 
14 84 
7 82 
54 104 
14 128 
