174 5817 
57 146 270 215 124 198 153 19 103 220 146 33 263 206 218 190 231 55 113 210 225 251 225 36 34 169 149 167 32 197 177 142 154 1 136 280 19 105 186 95 168 184 19 23 47 93 222 296 88 18 210 237 52 48 245 141 171 205 172 103 190 126 202 79 129 88 188 161 287 109 161 204 233 270 198 146 77 287 49 97 203 140 218 247 138 222 290 22 202 249 70 62 99 281 268 121 293 132 42 203 236 217 45 208 226 117 101 47 171 227 171 230 2 252 161 225 33 40 268 102 14 206 5 129 30 88 235 246 89 115 84 243 23 67 195 160 176 247 84 88 259 93 49 224 260 273 130 189 82 82 149 223 206 57 204 161 76 181 151 104 19 230 122 59 208 256 159 74 241 227 285 120 105 47 
29 90 
119 41 
44 18 
55 6 
68 60 
133 27 
98 68 
107 33 
18 16 
112 49 
168 5 
69 94 
159 134 
12 50 
93 76 
17 58 
82 112 
137 131 
160 65 
76 32 
86 20 
106 121 
26 120 
58 110 
75 128 
16 72 
39 18 
127 116 
105 80 
134 40 
50 89 
68 64 
81 28 
126 149 
25 149 
103 51 
117 26 
52 173 
8 33 
15 31 
16 33 
71 44 
158 89 
117 39 
70 110 
5 16 
103 152 
76 40 
59 33 
84 88 
14 75 
18 144 
173 70 
77 19 
154 139 
152 132 
155 22 
42 146 
131 68 
122 114 
11 48 
153 8 
24 103 
54 155 
169 14 
86 143 
75 79 
91 59 
53 155 
155 84 
96 17 
16 95 
68 62 
9 122 
33 48 
3 33 
130 36 
60 13 
80 2 
23 154 
32 25 
166 127 
88 79 
81 53 
111 98 
66 138 
89 155 
51 157 
91 94 
102 164 
7 6 
22 37 
62 149 
106 133 
75 127 
37 129 
4 152 
46 124 
126 55 
164 45 
47 11 
99 24 
15 63 
107 166 
141 37 
19 46 
137 161 
26 38 
13 122 
140 131 
89 28 
140 168 
26 24 
85 56 
18 9 
12 2 
166 3 
62 161 
155 74 
159 75 
134 83 
3 173 
36 99 
8 146 
139 83 
23 110 
107 149 
122 42 
98 18 
47 141 
165 101 
117 139 
148 126 
13 99 
141 135 
56 6 
118 22 
106 132 
39 62 
101 94 
81 15 
73 119 
165 170 
104 90 
1 158 
58 59 
64 11 
69 91 
125 41 
33 14 
131 127 
147 43 
7 174 
24 66 
50 110 
5 128 
23 77 
69 110 
138 170 
58 123 
63 151 
120 45 
157 23 
40 100 
60 113 
143 97 
16 71 
95 33 
8 92 
27 148 
85 44 
68 63 
95 45 
16 162 
125 107 
5 25 
148 53 
26 157 
29 36 
23 4 
21 66 
89 75 
45 64 
81 55 
33 25 
169 5 
69 51 
35 133 
165 107 
6 106 
47 121 
167 120 
117 6 
12 11 
170 11 
126 59 
65 61 
81 13 
22 131 
41 165 
114 163 
93 57 
134 46 
29 41 
140 55 
39 144 
106 168 
25 19 
126 65 
63 115 
82 74 
42 100 
167 109 
10 47 
138 157 
57 18 
87 112 
80 24 
88 38 
36 34 
49 146 
170 124 
87 93 
156 9 
117 112 
87 71 
117 147 
133 9 
164 21 
6 111 
36 118 
7 28 
63 71 
38 63 
111 55 
110 134 
95 74 
172 132 
17 171 
120 85 
19 81 
75 25 
40 174 
63 105 
163 77 
20 23 
12 47 
91 120 
161 69 
158 33 
154 9 
21 4 
134 72 
8 124 
54 105 
113 51 
22 142 
71 45 
127 94 
89 43 
114 10 
140 65 
101 80 
28 87 
125 89 
55 29 
18 126 
161 93 
8 155 
52 39 
20 130 
10 63 
66 19 
136 62 
148 88 
88 107 
129 113 
166 113 
86 32 
100 51 
20 143 
33 1 
77 103 
135 24 
12 97 
59 174 
5 1 
114 38 
15 145 
44 143 
51 94 
51 148 
46 72 
147 105 
146 81 
98 49 
34 47 
113 3 
79 1 
9 10 
25 123 
4 146 
3 27 
81 61 
89 90 
125 20 
82 162 
48 14 
131 163 
113 58 
103 73 
88 37 
121 95 
37 112 
90 16 
136 74 
48 15 
16 146 
28 166 
74 76 
29 23 
102 4 
16 91 
13 7 
140 108 
172 36 
54 123 
157 119 
81 36 
82 38 
16 74 
153 174 
156 103 
24 38 
52 138 
40 36 
76 150 
95 94 
35 113 
168 25 
68 13 
145 7 
129 8 
126 169 
167 55 
88 53 
77 141 
128 102 
125 142 
3 29 
26 112 
10 104 
170 121 
85 80 
118 144 
57 100 
96 5 
144 119 
63 168 
134 41 
75 169 
28 9 
43 82 
1 74 
68 149 
125 147 
163 34 
39 153 
54 124 
36 134 
148 64 
22 162 
51 77 
43 55 
24 171 
122 54 
128 109 
133 8 
148 143 
163 157 
132 145 
132 123 
44 60 
94 147 
92 33 
32 58 
167 76 
38 123 
125 155 
54 135 
152 148 
102 110 
113 165 
174 2 
111 153 
24 73 
166 154 
59 52 
69 1 
163 5 
15 22 
107 42 
131 25 
142 71 
144 64 
84 28 
14 46 
9 112 
122 34 
3 162 
69 36 
41 122 
106 92 
34 154 
47 115 
172 96 
126 103 
94 132 
104 92 
72 83 
61 64 
49 95 
38 48 
111 103 
50 87 
114 6 
44 38 
30 74 
109 62 
120 162 
40 34 
103 120 
102 117 
118 55 
166 65 
16 133 
120 86 
26 31 
84 133 
172 119 
3 21 
157 126 
45 152 
58 137 
129 79 
119 132 
119 70 
62 121 
16 96 
24 147 
20 75 
102 106 
101 113 
29 170 
155 99 
134 12 
161 78 
172 86 
73 159 
77 100 
144 11 
149 33 
58 63 
117 61 
160 122 
36 128 
59 36 
131 38 
163 84 
43 144 
78 116 
83 41 
43 113 
26 61 
63 30 
127 112 
37 152 
158 39 
6 71 
154 22 
157 30 
110 146 
102 35 
126 118 
138 69 
18 83 
112 104 
21 59 
125 87 
100 111 
90 28 
159 144 
3 43 
115 43 
128 143 
59 37 
78 84 
2 33 
152 55 
168 158 
134 93 
26 136 
137 105 
39 45 
54 161 
139 21 
151 91 
132 166 
131 61 
156 82 
124 24 
37 36 
91 46 
92 40 
4 78 
135 170 
144 62 
157 17 
168 46 
172 45 
112 34 
40 155 
64 171 
162 7 
140 98 
83 69 
53 172 
55 95 
45 12 
141 105 
131 100 
28 120 
124 121 
47 103 
55 50 
135 42 
140 32 
19 65 
158 92 
160 106 
141 98 
153 29 
130 6 
139 34 
110 174 
31 79 
11 155 
140 115 
57 138 
57 63 
57 8 
10 96 
120 50 
85 46 
115 161 
46 92 
157 71 
103 89 
122 21 
110 64 
84 11 
46 3 
60 152 
137 166 
38 161 
19 26 
109 43 
101 61 
11 59 
107 47 
96 44 
45 99 
11 120 
160 137 
8 158 
99 15 
36 96 
46 172 
65 120 
147 174 
139 40 
73 1 
167 74 
63 60 
115 5 
50 75 
31 22 
77 159 
163 174 
145 144 
57 15 
107 137 
50 26 
4 162 
56 75 
22 30 
41 143 
57 42 
124 138 
105 97 
41 115 
129 55 
158 142 
102 6 
61 78 
10 149 
69 63 
127 96 
162 69 
94 76 
59 22 
7 51 
116 102 
81 75 
79 61 
130 51 
88 95 
98 33 
7 113 
50 126 
121 19 
68 72 
9 107 
171 147 
34 54 
132 8 
154 78 
23 152 
21 111 
149 127 
136 128 
77 49 
165 114 
27 42 
24 91 
92 95 
68 172 
149 167 
7 62 
45 159 
128 87 
132 103 
40 113 
120 137 
106 5 
130 88 
96 165 
108 88 
129 72 
142 123 
106 169 
152 111 
15 17 
10 19 
93 172 
130 74 
171 144 
123 31 
31 115 
103 110 
79 76 
35 62 
159 121 
140 23 
166 141 
143 40 
152 157 
11 131 
32 15 
73 145 
79 95 
56 34 
98 145 
151 2 
20 131 
157 45 
36 42 
162 50 
14 167 
38 57 
99 113 
140 44 
87 38 
155 62 
70 43 
123 150 
69 5 
90 122 
83 96 
116 114 
100 27 
34 23 
86 95 
39 10 
79 45 
132 112 
8 160 
13 106 
121 104 
35 17 
131 136 
122 173 
43 33 
132 73 
70 108 
134 18 
81 98 
71 114 
15 100 
26 110 
107 31 
123 162 
58 152 
140 158 
173 151 
23 35 
14 166 
56 133 
36 12 
109 8 
27 125 
116 154 
22 126 
116 47 
149 88 
132 130 
132 72 
109 159 
25 127 
168 148 
90 98 
125 105 
77 97 
170 91 
11 164 
124 37 
1 41 
165 8 
88 103 
104 139 
73 115 
88 68 
160 131 
77 164 
95 4 
71 78 
90 83 
48 81 
100 30 
124 147 
124 173 
33 65 
75 167 
144 138 
74 38 
65 30 
88 50 
155 143 
170 115 
163 105 
35 76 
21 107 
96 136 
128 144 
29 62 
46 69 
72 95 
138 131 
28 151 
6 122 
99 16 
54 91 
159 110 
58 43 
119 106 
79 150 
58 133 
149 46 
99 4 
121 13 
32 158 
4 52 
143 167 
130 56 
66 70 
173 22 
85 97 
40 170 
69 14 
160 77 
38 29 
4 88 
60 114 
75 109 
77 79 
48 9 
161 40 
116 111 
26 124 
128 141 
41 44 
126 27 
10 144 
123 113 
7 68 
109 79 
77 67 
21 68 
32 153 
120 172 
15 37 
105 79 
125 118 
29 113 
34 90 
36 19 
169 108 
61 102 
12 42 
12 131 
174 150 
142 29 
92 93 
145 2 
92 145 
124 23 
25 41 
152 15 
52 57 
36 41 
105 144 
167 37 
84 1 
14 128 
102 2 
82 93 
52 84 
113 91 
150 69 
10 136 
49 165 
80 78 
69 127 
139 93 
147 118 
79 100 
73 157 
13 45 
20 147 
117 31 
71 153 
51 143 
138 61 
131 167 
111 140 
125 81 
100 108 
160 126 
33 173 
60 29 
104 43 
74 118 
59 9 
69 45 
83 75 
31 19 
47 30 
46 89 
6 155 
5 20 
8 44 
130 24 
116 3 
9 47 
102 96 
159 102 
135 62 
137 95 
154 138 
1 122 
39 143 
142 2 
119 160 
55 83 
172 135 
150 163 
31 82 
98 34 
130 17 
81 158 
163 173 
63 78 
119 164 
68 112 
127 107 
116 158 
31 142 
169 13 
121 44 
8 152 
173 66 
160 73 
79 131 
126 10 
79 113 
73 127 
132 61 
104 107 
1 51 
140 170 
148 28 
73 109 
13 171 
73 153 
7 32 
156 97 
52 11 
102 144 
38 45 
100 104 
95 99 
55 160 
144 162 
153 61 
99 126 
75 52 
43 80 
45 50 
24 31 
140 84 
26 7 
30 108 
64 8 
86 150 
5 31 
11 42 
150 73 
22 75 
110 90 
77 137 
26 21 
145 109 
60 46 
59 84 
20 135 
87 67 
146 62 
92 66 
24 85 
94 129 
47 67 
162 67 
37 117 
44 130 
108 34 
42 174 
56 137 
93 64 
142 97 
32 92 
171 157 
162 6 
161 154 
126 21 
13 50 
9 129 
163 166 
140 164 
155 109 
144 86 
104 53 
8 17 
114 21 
108 74 
99 12 
78 127 
92 134 
149 36 
20 77 
149 55 
50 124 
113 80 
65 127 
162 169 
133 70 
76 9 
129 140 
97 68 
128 133 
131 15 
174 105 
165 152 
48 35 
164 132 
161 164 
166 95 
1 173 
67 121 
10 25 
45 143 
26 99 
48 25 
43 90 
107 19 
14 122 
141 127 
148 36 
127 27 
107 57 
115 130 
94 48 
80 89 
113 93 
76 45 
169 66 
159 167 
2 13 
115 94 
120 148 
75 125 
28 79 
20 12 
2 76 
29 72 
106 77 
60 48 
32 60 
118 83 
89 54 
42 87 
60 12 
100 16 
84 135 
127 164 
132 120 
169 95 
132 157 
82 80 
154 68 
172 104 
16 109 
20 48 
9 173 
84 87 
14 62 
51 46 
89 139 
40 78 
47 154 
79 134 
101 158 
142 62 
57 60 
170 73 
45 10 
148 158 
66 167 
47 66 
78 49 
109 148 
34 143 
82 98 
41 10 
34 43 
46 138 
19 140 
81 63 
101 122 
51 106 
130 10 
67 112 
29 141 
152 61 
48 72 
151 33 
124 7 
93 22 
12 84 
91 136 
16 59 
159 84 
63 145 
2 66 
25 102 
43 6 
92 86 
126 116 
37 27 
74 59 
28 144 
110 38 
150 47 
9 119 
46 155 
72 13 
50 5 
158 19 
69 8 
41 164 
27 59 
42 124 
139 161 
12 30 
129 163 
2 137 
27 78 
67 102 
116 28 
58 24 
104 133 
150 111 
35 63 
1 72 
145 34 
114 129 
166 70 
32 121 
84 5 
19 52 
101 25 
171 51 
174 8 
37 43 
7 152 
20 160 
10 37 
34 146 
17 160 
134 105 
131 5 
154 173 
86 77 
66 110 
139 172 
118 48 
128 12 
80 100 
119 110 
51 166 
117 49 
119 148 
133 29 
167 98 
18 99 
85 35 
6 92 
54 121 
69 169 
8 32 
55 148 
12 29 
86 165 
81 3 
166 153 
100 110 
71 59 
115 2 
86 11 
71 145 
29 26 
161 129 
43 52 
62 100 
3 13 
99 146 
54 109 
97 147 
97 55 
34 28 
114 3 
127 118 
21 144 
42 76 
45 28 
29 42 
127 145 
123 48 
121 101 
9 139 
113 28 
169 149 
100 72 
155 136 
108 3 
66 7 
112 158 
31 172 
127 12 
50 129 
167 88 
146 120 
98 92 
71 134 
134 167 
79 26 
168 34 
152 16 
143 28 
83 64 
26 143 
46 141 
122 166 
103 82 
148 165 
102 152 
134 117 
29 73 
171 120 
2 27 
134 52 
13 67 
134 47 
104 154 
45 170 
19 29 
150 2 
167 78 
157 94 
1 37 
125 56 
47 56 
128 92 
49 145 
137 173 
62 76 
34 119 
174 5 
4 37 
100 66 
127 89 
10 69 
172 23 
173 83 
146 9 
12 75 
170 105 
2 172 
172 42 
4 138 
69 165 
96 13 
161 150 
146 29 
91 71 
73 26 
172 90 
86 65 
17 133 
60 122 
9 109 
156 76 
80 142 
95 167 
56 88 
110 8 
144 79 
53 137 
166 41 
12 115 
8 150 
110 65 
67 126 
124 12 
88 119 
130 121 
1 139 
22 65 
147 30 
40 110 
71 50 
151 85 
164 63 
10 166 
120 115 
28 168 
52 156 
3 95 
24 113 
88 171 
52 64 
154 50 
93 69 
99 78 
79 145 
170 152 
27 92 
78 131 
44 129 
144 13 
41 26 
111 28 
134 130 
43 143 
158 74 
160 53 
57 145 
109 139 
122 19 
123 107 
32 100 
22 149 
52 42 
115 157 
77 105 
19 42 
142 167 
119 169 
112 159 
84 98 
110 82 
90 11 
61 172 
36 110 
111 170 
164 128 
91 44 
83 168 
149 113 
119 72 
36 171 
47 99 
129 100 
57 125 
106 143 
170 53 
44 161 
151 161 
62 139 
104 38 
95 139 
41 118 
93 74 
57 148 
58 86 
140 132 
34 58 
169 78 
165 91 
13 105 
37 86 
133 102 
124 156 
78 18 
46 147 
108 25 
116 130 
78 70 
18 89 
2 164 
168 92 
82 28 
39 120 
71 159 
142 11 
60 109 
10 141 
173 130 
57 122 
100 152 
41 55 
3 157 
149 15 
118 71 
69 19 
1 101 
75 121 
77 36 
19 68 
38 153 
2 138 
94 119 
65 125 
143 129 
9 78 
168 98 
61 165 
76 61 
71 148 
153 34 
143 22 
150 109 
127 173 
138 109 
156 106 
44 39 
10 52 
158 84 
56 129 
100 143 
1 44 
131 135 
120 101 
9 117 
45 11 
94 151 
1 13 
151 42 
26 2 
134 163 
111 38 
81 122 
155 25 
32 106 
129 70 
51 64 
153 128 
151 67 
166 139 
161 153 
170 76 
157 114 
111 59 
47 117 
124 123 
132 128 
75 85 
113 81 
19 116 
5 99 
55 127 
116 25 
120 23 
169 49 
14 45 
108 62 
122 50 
10 107 
120 16 
14 84 
102 74 
124 143 
174 28 
67 132 
37 115 
101 50 
32 43 
118 72 
95 128 
158 73 
95 69 
148 35 
60 4 
127 162 
168 141 
45 48 
44 63 
4 18 
28 119 
14 79 
65 152 
167 146 
124 151 
27 91 
56 115 
3 75 
143 79 
140 66 
83 15 
107 80 
64 31 
72 156 
18 116 
132 41 
81 147 
150 82 
117 140 
81 24 
119 85 
122 61 
79 30 
156 144 
7 70 
149 2 
103 154 
150 129 
149 1 
40 27 
105 42 
45 144 
64 36 
114 151 
3 51 
21 54 
76 128 
55 99 
21 170 
153 130 
23 25 
126 3 
119 74 
137 138 
5 49 
5 161 
40 4 
38 133 
123 55 
174 124 
20 56 
147 35 
52 129 
1 6 
35 95 
93 45 
69 24 
45 111 
49 19 
22 129 
129 42 
99 33 
165 173 
25 111 
80 144 
143 33 
79 119 
158 77 
98 50 
13 26 
145 118 
99 167 
116 7 
108 58 
84 34 
56 143 
112 25 
148 153 
9 2 
172 57 
63 56 
50 78 
8 90 
16 41 
139 102 
31 6 
15 73 
37 128 
169 154 
19 117 
47 162 
35 15 
160 50 
35 103 
146 101 
135 46 
170 74 
40 131 
5 166 
35 13 
27 118 
158 149 
23 166 
45 136 
36 153 
5 123 
158 152 
22 168 
19 144 
98 9 
18 123 
174 96 
10 98 
93 7 
99 56 
161 152 
102 77 
3 112 
39 12 
32 173 
150 23 
31 44 
9 148 
145 124 
107 163 
80 30 
112 167 
105 139 
110 168 
44 24 
101 29 
35 10 
67 37 
101 119 
126 26 
23 69 
66 171 
109 18 
158 88 
120 12 
11 8 
65 55 
141 140 
54 106 
33 52 
172 147 
58 55 
149 49 
119 120 
97 113 
147 14 
42 56 
49 141 
16 171 
28 12 
130 28 
36 46 
156 171 
93 106 
164 38 
36 73 
127 155 
115 93 
91 53 
120 121 
120 88 
2 103 
150 39 
7 57 
56 102 
45 36 
23 115 
111 101 
100 53 
22 135 
119 78 
95 19 
93 84 
54 35 
106 97 
73 134 
141 138 
4 31 
162 8 
27 109 
43 136 
131 84 
55 5 
86 134 
35 24 
133 77 
29 120 
155 110 
33 20 
114 65 
128 115 
57 152 
70 50 
146 74 
85 133 
131 45 
105 64 
10 20 
37 113 
18 42 
87 25 
97 136 
125 29 
166 30 
121 173 
156 125 
80 159 
97 128 
149 60 
6 133 
105 53 
52 93 
11 162 
111 77 
1 121 
117 174 
167 24 
160 58 
136 23 
125 143 
59 159 
164 152 
6 119 
7 165 
58 122 
75 135 
98 129 
98 101 
42 137 
109 105 
3 149 
145 165 
23 53 
39 149 
91 8 
21 106 
163 141 
12 26 
26 53 
67 32 
163 35 
151 59 
90 141 
74 174 
98 121 
43 173 
128 121 
89 65 
93 28 
12 4 
174 71 
138 45 
159 117 
122 172 
168 50 
17 143 
157 98 
28 141 
120 150 
172 16 
155 133 
3 57 
54 165 
108 33 
24 161 
169 45 
109 81 
103 57 
52 78 
125 26 
92 74 
124 64 
82 88 
163 66 
77 174 
88 154 
123 45 
44 32 
2 124 
163 115 
79 40 
2 143 
57 129 
100 98 
164 10 
148 121 
157 9 
144 47 
77 145 
4 77 
55 141 
130 35 
111 61 
103 3 
81 106 
169 43 
86 27 
31 108 
31 145 
127 24 
3 137 
58 168 
134 153 
24 92 
174 109 
113 98 
162 93 
109 111 
29 167 
161 108 
31 37 
102 45 
56 104 
105 67 
126 174 
97 115 
101 114 
126 85 
144 49 
164 106 
151 103 
162 83 
80 72 
70 127 
44 54 
12 69 
34 83 
13 159 
15 128 
89 17 
115 105 
49 64 
155 27 
14 8 
64 82 
59 137 
142 5 
107 90 
142 163 
142 26 
84 108 
79 25 
53 84 
135 71 
99 30 
159 94 
87 109 
173 170 
93 36 
35 7 
61 112 
104 148 
154 87 
59 169 
71 19 
85 155 
93 121 
37 97 
55 49 
46 111 
35 65 
108 130 
101 123 
7 53 
168 51 
59 3 
132 26 
70 14 
22 167 
139 152 
96 121 
143 174 
165 93 
100 55 
151 4 
10 67 
165 34 
26 56 
59 56 
113 36 
149 91 
68 65 
23 170 
90 41 
36 151 
73 113 
142 136 
165 131 
13 91 
92 144 
104 97 
152 26 
137 72 
117 91 
117 33 
146 79 
81 94 
165 144 
92 136 
169 57 
21 142 
44 76 
46 21 
76 115 
104 1 
103 124 
95 62 
153 11 
126 141 
100 68 
144 99 
51 112 
144 152 
141 70 
125 140 
61 9 
101 33 
87 142 
150 139 
140 12 
164 90 
161 63 
49 139 
105 129 
86 67 
164 6 
58 44 
22 1 
133 127 
57 21 
71 81 
65 76 
67 164 
24 137 
134 43 
153 124 
62 120 
115 62 
110 11 
14 60 
132 173 
13 73 
71 64 
173 140 
28 99 
136 106 
142 75 
72 151 
85 98 
77 150 
153 16 
138 115 
69 107 
145 56 
43 2 
100 154 
116 165 
174 76 
70 33 
63 153 
96 159 
114 23 
102 62 
108 61 
158 85 
167 137 
119 2 
163 67 
151 56 
56 68 
18 66 
102 29 
71 131 
26 114 
103 43 
164 159 
15 79 
56 112 
94 99 
48 12 
16 84 
18 156 
142 9 
145 116 
167 110 
116 150 
73 14 
157 113 
139 125 
133 39 
51 118 
5 109 
111 69 
15 162 
33 130 
144 74 
153 58 
3 63 
149 125 
149 110 
146 112 
16 52 
82 12 
153 126 
148 106 
144 151 
156 89 
96 152 
15 91 
152 162 
116 142 
127 132 
166 9 
70 130 
142 103 
155 87 
122 94 
90 27 
96 72 
35 67 
53 109 
119 49 
96 117 
67 89 
18 79 
155 10 
63 9 
63 127 
153 107 
55 156 
30 70 
51 58 
130 60 
47 38 
140 102 
149 163 
24 115 
109 48 
163 10 
145 159 
167 171 
75 162 
167 116 
96 138 
22 87 
171 89 
163 68 
25 36 
103 9 
154 125 
103 13 
32 171 
147 27 
168 40 
18 36 
114 62 
155 164 
53 15 
154 123 
141 27 
4 128 
100 4 
120 100 
80 97 
25 120 
124 113 
30 106 
100 3 
106 126 
146 65 
115 87 
23 39 
83 132 
120 7 
80 103 
171 69 
131 60 
89 134 
101 27 
170 55 
10 101 
106 85 
40 141 
78 96 
90 79 
140 133 
55 106 
67 69 
151 129 
46 61 
65 132 
33 46 
20 122 
18 102 
23 79 
143 47 
43 93 
131 145 
107 116 
20 61 
43 140 
75 60 
123 43 
17 65 
126 161 
133 96 
106 52 
52 109 
1 123 
43 50 
87 96 
61 43 
68 102 
24 21 
137 126 
153 162 
135 152 
41 162 
54 151 
120 66 
91 68 
13 34 
160 32 
145 141 
94 103 
23 122 
157 69 
70 150 
54 168 
105 12 
94 87 
74 28 
19 156 
103 54 
169 44 
108 94 
2 90 
131 24 
107 143 
96 76 
29 148 
46 164 
112 123 
87 29 
79 86 
121 56 
151 108 
43 20 
66 39 
66 89 
15 50 
83 166 
2 129 
164 165 
169 18 
23 142 
59 68 
123 40 
114 93 
38 151 
165 58 
102 14 
53 19 
129 14 
55 30 
90 67 
55 119 
91 130 
75 53 
145 111 
148 39 
148 113 
11 79 
82 115 
115 85 
166 50 
136 164 
111 48 
135 133 
111 136 
154 48 
18 128 
17 23 
19 72 
106 24 
123 27 
138 108 
114 61 
57 163 
53 79 
156 56 
156 51 
141 85 
160 156 
68 4 
141 68 
120 112 
21 85 
111 139 
25 161 
16 122 
71 27 
16 39 
144 88 
78 136 
150 148 
39 55 
44 108 
172 123 
74 43 
66 56 
114 136 
167 96 
35 70 
38 134 
71 162 
70 112 
65 84 
162 165 
114 84 
111 149 
41 5 
172 72 
97 47 
140 50 
106 98 
17 29 
66 96 
105 119 
57 165 
159 23 
153 144 
164 15 
16 32 
73 23 
66 131 
152 36 
25 94 
171 73 
158 11 
118 148 
14 168 
24 75 
128 172 
102 39 
141 93 
13 135 
125 97 
64 132 
80 68 
73 155 
12 126 
151 58 
19 110 
105 168 
145 52 
78 39 
5 35 
164 14 
134 29 
116 13 
15 105 
75 147 
12 150 
55 34 
17 166 
158 66 
60 50 
40 142 
129 135 
27 130 
27 29 
35 12 
35 40 
73 62 
127 85 
15 111 
145 137 
161 32 
97 36 
144 46 
137 151 
169 21 
11 50 
64 117 
149 61 
66 72 
103 69 
9 99 
99 156 
7 159 
119 136 
57 16 
6 105 
7 136 
42 120 
93 163 
11 154 
41 69 
138 129 
155 30 
58 1 
157 88 
104 123 
141 151 
160 123 
125 127 
92 135 
21 28 
149 99 
24 121 
107 160 
161 82 
7 85 
33 5 
89 85 
12 161 
114 123 
23 51 
69 27 
162 1 
61 103 
23 171 
112 118 
101 51 
151 98 
42 25 
142 171 
34 125 
163 138 
29 165 
98 137 
105 92 
21 71 
135 78 
22 160 
142 154 
119 80 
115 125 
71 36 
72 99 
11 113 
100 119 
145 21 
165 10 
10 170 
90 36 
160 25 
112 97 
91 83 
1 56 
170 80 
44 55 
33 154 
40 128 
2 20 
73 34 
78 159 
8 101 
24 13 
29 137 
89 8 
70 97 
134 88 
152 95 
146 163 
171 164 
7 79 
5 82 
173 126 
27 81 
44 30 
117 69 
72 64 
145 14 
128 41 
8 28 
70 122 
40 50 
143 137 
113 25 
150 34 
65 74 
11 98 
29 40 
73 32 
43 100 
4 1 
69 167 
22 95 
73 93 
15 9 
39 136 
115 134 
150 31 
149 23 
108 85 
125 103 
29 129 
163 7 
4 131 
125 12 
86 155 
157 15 
81 110 
12 133 
65 154 
146 115 
64 108 
14 171 
56 72 
117 7 
106 23 
122 93 
43 126 
51 29 
140 14 
34 69 
83 71 
56 39 
104 30 
160 84 
106 10 
109 134 
18 107 
88 81 
126 88 
131 14 
153 123 
50 53 
13 88 
83 109 
62 53 
124 73 
60 106 
89 174 
128 84 
142 122 
76 91 
14 55 
61 125 
72 171 
142 159 
14 104 
170 27 
7 61 
67 167 
147 78 
60 3 
133 50 
9 37 
96 99 
10 23 
146 174 
148 19 
65 49 
81 84 
61 48 
122 45 
62 134 
164 123 
132 18 
78 162 
11 117 
103 116 
50 57 
131 16 
144 166 
80 65 
144 164 
1 89 
60 137 
18 10 
143 42 
49 154 
103 36 
156 154 
58 12 
125 84 
104 146 
75 49 
108 143 
72 147 
64 101 
159 54 
138 51 
130 119 
111 102 
64 75 
52 95 
34 129 
101 4 
154 159 
155 93 
169 139 
170 169 
171 68 
92 58 
50 143 
36 83 
53 94 
44 92 
39 159 
17 136 
54 10 
174 69 
6 88 
19 83 
31 59 
145 16 
104 129 
114 102 
147 61 
168 76 
170 49 
20 7 
134 151 
82 152 
17 51 
127 19 
129 91 
173 7 
67 101 
13 75 
123 98 
61 106 
172 7 
138 5 
124 158 
66 30 
65 12 
64 4 
36 78 
9 34 
46 77 
95 143 
72 67 
30 3 
168 145 
50 134 
68 76 
170 31 
113 27 
153 139 
4 30 
43 77 
118 7 
93 61 
143 82 
91 122 
17 135 
67 136 
153 12 
110 95 
155 29 
162 91 
111 115 
68 5 
57 56 
138 123 
93 101 
32 39 
100 39 
5 139 
164 82 
96 30 
72 82 
102 149 
34 76 
12 64 
73 33 
121 85 
63 17 
63 43 
131 91 
123 88 
86 132 
133 25 
106 155 
54 117 
160 67 
82 81 
159 105 
14 132 
74 159 
50 94 
110 121 
100 74 
70 40 
170 61 
70 135 
95 130 
117 128 
40 95 
126 162 
130 19 
165 161 
46 157 
162 114 
115 91 
40 90 
118 98 
62 25 
21 93 
130 21 
39 46 
89 68 
168 165 
128 158 
123 44 
130 106 
64 17 
146 43 
166 21 
8 114 
15 89 
80 162 
103 48 
130 112 
134 31 
21 17 
136 156 
9 22 
145 156 
66 81 
36 121 
14 67 
95 56 
169 4 
137 147 
163 80 
147 154 
62 84 
156 123 
33 72 
160 71 
72 6 
25 107 
170 22 
28 163 
86 53 
13 57 
38 126 
49 140 
132 17 
72 90 
79 115 
152 13 
5 112 
51 150 
161 42 
164 147 
115 129 
74 29 
119 121 
150 1 
161 131 
116 137 
24 76 
111 135 
1 68 
83 48 
33 136 
90 138 
38 43 
148 86 
149 144 
50 109 
26 166 
10 71 
20 172 
128 46 
153 55 
33 170 
6 40 
108 16 
152 127 
26 88 
55 47 
64 154 
72 71 
52 24 
126 138 
79 74 
87 138 
51 147 
17 91 
96 89 
82 7 
61 158 
87 106 
8 24 
73 82 
89 135 
170 154 
14 28 
156 148 
10 99 
146 117 
71 39 
68 123 
137 118 
13 84 
49 143 
174 129 
128 72 
94 31 
4 45 
31 53 
2 114 
13 94 
96 59 
92 165 
22 79 
71 97 
141 94 
167 169 
148 12 
157 130 
103 123 
150 118 
17 159 
94 21 
78 165 
125 78 
8 136 
108 104 
132 33 
17 151 
23 93 
151 121 
170 69 
78 155 
114 11 
122 149 
33 36 
114 43 
124 52 
142 32 
153 43 
164 96 
81 6 
32 63 
72 166 
109 82 
86 100 
114 110 
151 115 
55 36 
101 69 
83 121 
165 18 
103 37 
113 94 
82 53 
81 132 
131 9 
82 3 
100 34 
33 68 
53 126 
153 48 
49 159 
136 148 
148 135 
30 139 
59 97 
122 118 
40 89 
48 2 
11 27 
11 85 
30 129 
45 166 
148 3 
38 146 
45 142 
94 111 
172 148 
19 90 
29 49 
23 50 
113 89 
31 68 
92 151 
119 76 
163 24 
91 106 
73 30 
147 59 
11 7 
21 79 
148 87 
134 103 
77 136 
49 76 
150 48 
105 110 
78 72 
38 128 
70 19 
83 106 
11 104 
55 82 
64 44 
160 145 
37 171 
174 171 
97 42 
109 38 
42 115 
66 15 
86 36 
152 114 
173 81 
80 70 
3 111 
102 151 
117 50 
58 116 
144 65 
127 38 
111 118 
61 162 
170 100 
109 102 
160 36 
123 130 
26 149 
77 71 
146 22 
61 6 
107 152 
64 155 
88 163 
50 171 
57 76 
39 36 
105 25 
9 135 
37 55 
74 162 
15 134 
2 104 
149 92 
6 123 
142 95 
102 16 
116 22 
104 9 
129 121 
7 55 
122 49 
171 143 
60 80 
50 72 
27 88 
148 70 
151 125 
65 165 
19 20 
69 72 
135 39 
36 17 
17 80 
131 51 
68 48 
6 44 
80 152 
135 94 
54 157 
93 98 
65 26 
154 121 
167 52 
136 173 
33 78 
155 70 
83 70 
131 86 
64 114 
34 111 
5 17 
139 97 
125 86 
40 160 
56 78 
27 54 
24 60 
54 36 
63 40 
10 161 
19 151 
18 60 
58 16 
78 65 
49 147 
130 128 
38 40 
64 1 
60 43 
127 61 
169 133 
26 60 
111 76 
98 152 
1 81 
141 143 
94 131 
153 54 
134 166 
120 36 
61 67 
78 156 
130 163 
150 87 
125 148 
144 122 
85 128 
98 21 
39 155 
135 59 
164 117 
114 9 
126 72 
9 57 
75 47 
158 166 
107 27 
158 80 
173 62 
67 106 
47 174 
67 122 
115 50 
35 56 
6 108 
93 47 
167 113 
9 50 
124 149 
70 71 
68 93 
24 87 
126 1 
119 16 
155 105 
14 114 
135 164 
58 11 
157 8 
173 82 
50 14 
108 57 
63 141 
100 124 
49 8 
21 104 
6 116 
55 66 
26 174 
22 128 
85 52 
145 46 
104 77 
63 39 
88 30 
104 39 
36 1 
27 55 
106 3 
43 18 
53 87 
114 100 
46 94 
145 38 
67 56 
120 77 
112 109 
142 60 
50 151 
63 163 
140 96 
127 157 
163 21 
115 118 
107 148 
156 44 
59 119 
72 106 
7 86 
128 103 
119 129 
158 162 
63 125 
7 37 
122 138 
146 102 
70 29 
164 56 
116 52 
26 14 
135 121 
170 72 
57 135 
157 149 
43 12 
5 6 
145 115 
57 95 
37 53 
159 103 
32 165 
148 11 
118 17 
76 104 
114 88 
103 173 
85 20 
44 173 
174 112 
92 9 
157 137 
149 18 
67 2 
136 16 
27 97 
8 56 
49 121 
141 118 
71 112 
30 49 
165 143 
141 17 
60 144 
130 125 
144 58 
84 49 
81 8 
76 141 
165 71 
86 73 
58 7 
140 124 
23 12 
126 25 
50 104 
61 47 
17 155 
91 35 
57 31 
86 74 
77 60 
143 142 
155 141 
147 33 
84 132 
166 174 
62 132 
78 41 
125 43 
126 133 
79 141 
172 108 
97 58 
3 40 
171 98 
70 16 
41 153 
128 44 
64 62 
103 60 
31 159 
123 167 
166 96 
123 34 
120 147 
150 119 
77 15 
44 66 
169 142 
2 65 
166 57 
81 12 
21 73 
125 109 
70 36 
61 130 
40 68 
58 37 
88 77 
113 116 
138 59 
101 150 
25 98 
143 105 
117 72 
155 83 
69 143 
41 110 
104 130 
19 34 
69 77 
165 167 
27 114 
113 19 
121 153 
96 18 
32 151 
154 143 
117 141 
39 170 
122 154 
92 84 
72 54 
151 12 
109 37 
18 97 
21 40 
68 35 
150 90 
89 60 
153 149 
88 35 
105 93 
164 142 
146 36 
137 40 
38 3 
138 67 
133 33 
151 68 
109 30 
135 52 
114 95 
83 38 
174 61 
109 1 
18 11 
125 132 
91 38 
21 154 
105 48 
18 147 
50 169 
131 141 
160 91 
104 19 
7 80 
79 37 
43 168 
15 10 
139 98 
136 172 
74 66 
78 5 
119 20 
31 167 
36 75 
58 45 
138 101 
95 53 
50 74 
133 66 
8 43 
117 162 
109 59 
19 138 
91 37 
130 93 
116 8 
76 90 
151 64 
73 98 
127 144 
88 70 
51 11 
86 25 
61 34 
87 110 
2 29 
47 89 
15 94 
172 18 
167 21 
51 4 
1 26 
15 87 
23 104 
117 114 
125 101 
169 159 
22 151 
55 23 
14 17 
161 57 
72 59 
138 117 
149 89 
74 78 
154 59 
157 85 
104 32 
2 155 
57 130 
165 104 
92 167 
173 17 
60 39 
119 81 
22 102 
135 149 
133 76 
173 29 
121 38 
3 22 
40 97 
153 47 
59 85 
92 99 
80 135 
122 75 
82 166 
86 14 
63 113 
136 105 
19 89 
120 8 
28 125 
100 172 
138 43 
31 148 
120 161 
151 62 
91 82 
4 65 
53 164 
18 162 
41 52 
28 167 
60 49 
27 47 
103 130 
73 53 
133 23 
46 27 
51 50 
40 91 
82 37 
48 78 
20 123 
119 138 
156 77 
107 155 
69 118 
125 167 
150 11 
62 32 
18 154 
54 172 
66 119 
36 162 
151 7 
152 35 
16 50 
111 129 
31 92 
116 71 
121 149 
145 27 
84 122 
174 98 
14 153 
170 97 
94 161 
60 97 
24 15 
28 32 
75 45 
112 16 
170 130 
83 43 
14 29 
169 65 
107 168 
138 97 
88 69 
39 164 
4 42 
114 90 
145 163 
160 48 
27 21 
155 75 
59 162 
152 155 
45 23 
112 92 
81 2 
48 63 
94 38 
164 141 
39 152 
6 113 
78 67 
127 104 
167 61 
132 141 
6 101 
23 144 
95 163 
48 43 
136 81 
80 58 
38 14 
154 39 
117 133 
172 37 
37 39 
146 159 
120 74 
63 5 
85 163 
135 37 
53 25 
172 62 
1 108 
162 132 
40 57 
119 10 
86 59 
72 41 
167 38 
65 107 
67 115 
135 40 
47 108 
127 1 
45 61 
11 53 
152 108 
160 66 
88 90 
92 146 
52 104 
14 117 
95 96 
28 104 
114 1 
34 127 
90 52 
46 18 
67 108 
49 41 
134 157 
18 136 
163 16 
54 99 
1 78 
168 112 
52 108 
58 103 
41 88 
102 44 
57 110 
63 126 
94 43 
91 166 
155 124 
158 107 
55 131 
147 38 
104 109 
174 18 
160 44 
104 71 
58 142 
81 47 
68 66 
147 99 
83 17 
48 129 
75 31 
57 66 
24 20 
136 68 
49 17 
45 153 
2 123 
138 89 
150 99 
167 10 
156 24 
55 54 
26 154 
127 29 
113 111 
174 55 
64 118 
72 162 
18 93 
85 64 
20 100 
144 22 
29 58 
100 50 
45 133 
27 139 
68 104 
174 152 
85 31 
12 92 
20 9 
100 12 
78 62 
31 171 
46 45 
153 46 
74 165 
7 137 
165 151 
119 37 
155 114 
140 77 
90 49 
38 162 
169 88 
39 166 
71 28 
110 13 
114 33 
148 61 
154 77 
122 110 
81 76 
170 90 
159 11 
99 32 
30 31 
99 58 
83 120 
74 142 
132 21 
145 42 
2 38 
62 154 
162 121 
84 64 
11 2 
64 167 
103 140 
77 116 
124 157 
4 161 
174 132 
17 2 
123 158 
37 52 
144 126 
66 161 
20 173 
101 141 
26 93 
21 90 
31 157 
21 23 
151 116 
19 174 
165 33 
138 68 
109 100 
137 51 
130 34 
151 174 
67 70 
92 37 
164 99 
39 116 
174 62 
98 16 
81 167 
78 7 
18 133 
29 82 
41 158 
59 99 
50 170 
66 41 
135 140 
126 155 
102 47 
172 64 
164 114 
126 6 
110 18 
135 79 
115 90 
51 92 
15 151 
44 86 
14 61 
100 150 
105 21 
39 79 
76 127 
147 168 
44 98 
87 149 
144 148 
58 72 
125 173 
4 75 
21 117 
74 173 
76 43 
107 126 
91 98 
36 52 
25 159 
97 35 
161 7 
14 116 
32 20 
148 139 
75 152 
54 102 
57 67 
151 140 
64 89 
58 83 
24 97 
111 78 
11 15 
32 19 
107 91 
164 111 
111 147 
137 158 
57 37 
77 121 
44 28 
3 8 
163 22 
46 40 
24 90 
24 148 
173 38 
147 87 
48 171 
58 94 
60 143 
87 135 
47 133 
96 60 
147 3 
107 109 
132 142 
31 49 
64 16 
15 135 
8 149 
21 158 
143 84 
160 104 
138 17 
96 143 
124 51 
26 128 
5 88 
97 73 
37 156 
13 155 
83 30 
28 59 
114 146 
174 158 
130 94 
81 117 
38 168 
144 71 
112 140 
7 56 
83 78 
23 134 
22 60 
75 43 
8 123 
83 107 
69 48 
75 144 
16 36 
102 79 
22 141 
88 33 
140 146 
105 103 
32 135 
115 57 
129 131 
69 59 
88 76 
71 61 
154 105 
44 162 
131 116 
66 53 
75 136 
24 82 
1 94 
120 41 
119 146 
128 146 
77 170 
34 99 
62 92 
65 162 
99 105 
50 136 
128 70 
41 45 
9 7 
102 126 
120 145 
30 89 
99 172 
139 149 
91 88 
104 84 
8 25 
41 170 
1 106 
60 132 
38 112 
60 125 
161 111 
62 38 
108 170 
46 163 
48 135 
46 87 
158 173 
123 94 
55 113 
21 84 
36 139 
31 38 
132 59 
170 35 
11 4 
96 50 
70 94 
21 157 
2 40 
75 65 
81 42 
146 17 
76 15 
68 139 
5 61 
3 102 
160 97 
97 63 
56 122 
91 163 
147 71 
169 58 
132 34 
154 113 
135 23 
110 30 
64 143 
56 108 
165 137 
33 174 
12 155 
74 61 
1 132 
135 114 
80 35 
171 11 
145 80 
145 84 
149 37 
113 45 
53 61 
66 46 
99 49 
76 103 
173 98 
162 156 
6 76 
89 84 
171 121 
12 21 
45 5 
45 70 
147 70 
42 103 
95 148 
162 58 
128 156 
23 160 
113 144 
104 152 
44 95 
89 32 
61 84 
117 23 
154 150 
53 68 
15 56 
95 164 
44 109 
13 28 
49 62 
91 86 
150 66 
153 158 
114 134 
166 138 
59 54 
169 105 
145 22 
119 107 
110 5 
65 1 
171 41 
90 151 
161 33 
100 46 
110 62 
45 63 
127 86 
7 81 
104 41 
74 87 
127 41 
136 66 
75 157 
68 51 
14 108 
119 159 
41 106 
165 35 
67 48 
52 65 
78 58 
128 10 
57 10 
77 13 
84 63 
26 139 
4 71 
15 119 
131 63 
76 147 
28 156 
35 11 
171 90 
68 90 
70 26 
25 59 
173 41 
132 153 
47 109 
58 157 
15 44 
11 140 
118 119 
48 158 
120 130 
65 106 
139 77 
169 23 
27 138 
79 81 
88 20 
48 117 
106 78 
95 105 
170 87 
53 57 
98 86 
79 4 
92 7 
139 24 
98 130 
9 106 
128 19 
92 57 
69 102 
50 144 
127 20 
26 15 
45 165 
23 75 
163 109 
90 39 
20 163 
109 131 
53 63 
115 6 
64 70 
123 91 
82 140 
22 17 
48 21 
30 140 
9 58 
81 157 
128 93 
48 82 
77 55 
20 17 
21 80 
66 75 
94 167 
150 125 
62 88 
55 158 
123 4 
99 112 
61 95 
21 33 
77 115 
26 82 
18 41 
172 157 
99 136 
61 80 
58 161 
117 73 
104 40 
102 87 
29 18 
141 154 
74 112 
75 100 
97 110 
32 109 
21 131 
70 152 
25 35 
96 88 
167 47 
146 10 
114 94 
112 7 
147 119 
102 19 
80 104 
102 73 
60 62 
70 91 
18 20 
32 53 
102 92 
137 125 
128 169 
69 139 
40 166 
129 144 
54 81 
31 47 
75 149 
60 101 
43 154 
143 66 
171 83 
26 141 
172 52 
125 138 
13 114 
102 129 
172 26 
6 146 
102 134 
42 149 
148 164 
66 28 
164 40 
122 156 
87 83 
16 148 
24 23 
66 69 
166 38 
129 49 
129 141 
69 76 
118 121 
39 132 
25 69 
31 60 
136 28 
59 110 
54 146 
22 21 
33 90 
42 54 
159 158 
10 162 
69 96 
26 80 
16 88 
128 139 
165 55 
153 19 
31 162 
16 45 
26 103 
154 140 
118 52 
163 152 
10 17 
147 159 
146 50 
17 152 
123 82 
118 25 
135 29 
48 113 
4 94 
63 11 
82 90 
56 38 
10 48 
61 87 
159 22 
151 40 
45 57 
131 166 
80 5 
125 171 
57 149 
47 146 
17 139 
120 9 
17 57 
154 171 
98 131 
156 53 
42 125 
8 112 
99 100 
166 135 
85 9 
19 44 
123 102 
13 12 
154 1 
149 145 
73 70 
116 9 
86 66 
146 132 
44 138 
66 58 
6 15 
100 102 
90 30 
80 64 
99 52 
82 137 
13 118 
48 170 
109 12 
42 102 
93 146 
153 50 
15 120 
94 16 
55 134 
32 9 
120 144 
8 48 
163 71 
164 66 
81 56 
53 56 
162 29 
112 142 
3 7 
110 61 
94 12 
30 151 
171 172 
15 126 
118 8 
127 53 
57 97 
98 5 
70 79 
148 100 
143 150 
141 89 
68 46 
156 61 
27 52 
48 76 
18 137 
17 142 
139 101 
98 60 
85 116 
101 96 
154 66 
155 45 
118 21 
32 130 
85 47 
105 65 
121 46 
68 146 
32 49 
141 7 
105 81 
136 22 
131 139 
27 116 
171 33 
171 58 
161 45 
53 99 
105 173 
94 73 
62 143 
80 141 
44 126 
120 155 
111 35 
143 157 
132 56 
110 108 
66 106 
144 103 
39 57 
68 23 
67 165 
103 14 
124 68 
58 127 
30 130 
132 107 
9 167 
113 13 
134 129 
57 157 
88 162 
120 27 
65 98 
22 25 
60 35 
82 151 
38 160 
6 50 
140 53 
81 148 
160 136 
138 70 
29 143 
135 8 
164 36 
7 130 
23 14 
73 42 
159 115 
119 96 
150 173 
71 66 
51 72 
113 160 
60 153 
48 156 
60 100 
141 161 
7 99 
163 151 
68 118 
20 70 
22 100 
109 45 
26 162 
101 170 
136 152 
152 168 
109 34 
84 95 
61 21 
155 163 
65 147 
137 93 
21 47 
49 27 
114 53 
34 173 
84 137 
65 157 
70 12 
144 143 
55 172 
37 173 
81 18 
135 134 
26 69 
35 1 
122 109 
86 88 
147 34 
94 5 
57 112 
47 53 
87 127 
26 63 
71 69 
37 85 
40 74 
103 102 
78 44 
169 109 
92 56 
154 51 
101 75 
158 62 
114 54 
1 93 
30 5 
59 41 
27 94 
70 11 
129 15 
72 74 
167 50 
25 28 
144 2 
91 96 
31 121 
105 111 
136 48 
85 162 
42 40 
18 170 
29 123 
121 57 
148 4 
30 117 
70 55 
34 39 
153 64 
35 37 
125 133 
46 29 
131 30 
66 142 
11 60 
40 118 
114 128 
85 145 
134 133 
75 84 
115 132 
130 111 
54 11 
138 37 
6 70 
159 65 
61 11 
14 80 
103 39 
149 131 
57 4 
131 28 
9 162 
170 65 
18 115 
122 11 
52 98 
153 72 
115 121 
140 3 
166 66 
97 53 
111 126 
61 92 
49 14 
11 128 
112 45 
3 34 
89 4 
113 164 
140 81 
87 81 
31 168 
168 79 
128 64 
27 48 
109 57 
119 166 
67 116 
91 100 
101 90 
106 56 
114 15 
32 162 
169 93 
104 151 
75 54 
154 112 
146 172 
154 89 
117 43 
162 163 
105 150 
143 111 
42 35 
72 36 
154 54 
12 102 
6 137 
146 122 
169 46 
17 154 
81 38 
49 13 
56 55 
112 59 
54 83 
104 115 
88 19 
168 55 
89 76 
15 125 
160 174 
72 20 
25 145 
172 12 
80 20 
70 158 
171 55 
20 31 
31 16 
2 78 
60 166 
30 54 
142 42 
3 74 
82 128 
67 52 
106 111 
106 162 
76 11 
134 10 
171 104 
100 112 
51 155 
174 168 
30 85 
125 24 
80 171 
119 128 
41 94 
173 77 
102 108 
7 17 
78 152 
148 114 
54 41 
27 159 
10 109 
64 119 
28 123 
68 58 
161 28 
69 114 
134 82 
19 73 
57 28 
23 67 
36 6 
152 66 
102 167 
157 39 
38 70 
96 120 
90 106 
159 172 
84 147 
21 121 
45 124 
115 107 
132 16 
34 31 
97 133 
10 97 
154 63 
174 162 
75 17 
166 125 
156 109 
155 63 
72 35 
121 50 
129 24 
40 132 
94 2 
87 136 
120 97 
25 151 
130 155 
104 124 
168 125 
35 162 
16 1 
87 146 
61 126 
153 106 
164 126 
26 74 
91 36 
16 93 
33 58 
85 82 
13 130 
119 40 
133 87 
169 96 
85 149 
69 61 
52 149 
43 5 
152 73 
53 41 
25 1 
5 48 
82 36 
168 160 
159 100 
73 118 
161 64 
50 148 
87 92 
10 51 
124 48 
162 135 
3 77 
89 74 
26 37 
115 26 
43 23 
110 34 
138 140 
99 124 
32 23 
137 89 
71 119 
87 99 
155 71 
47 122 
164 172 
136 113 
27 165 
108 42 
43 148 
15 116 
67 26 
162 94 
27 93 
101 41 
145 122 
135 90 
33 29 
64 122 
140 149 
33 127 
50 142 
148 170 
65 141 
113 2 
20 121 
70 2 
117 20 
10 59 
125 66 
16 44 
142 161 
40 61 
56 105 
80 6 
76 114 
74 127 
160 14 
89 117 
83 76 
99 42 
98 170 
62 157 
112 138 
94 112 
110 24 
75 74 
13 120 
85 125 
115 174 
17 123 
111 39 
58 146 
31 130 
10 55 
35 107 
108 7 
110 10 
108 22 
134 56 
135 165 
11 62 
101 140 
26 111 
126 33 
2 111 
101 34 
34 2 
156 67 
143 99 
90 145 
41 7 
33 172 
105 131 
127 45 
138 147 
137 17 
43 161 
102 20 
171 138 
126 86 
152 52 
154 8 
19 51 
48 140 
120 80 
105 38 
49 4 
80 149 
159 125 
97 14 
10 3 
162 147 
93 38 
41 51 
156 23 
108 99 
98 132 
36 142 
22 165 
42 91 
77 53 
86 107 
118 20 
29 150 
147 126 
71 13 
61 88 
163 89 
145 128 
55 69 
18 161 
170 168 
37 81 
58 73 
51 8 
99 131 
113 22 
71 120 
128 65 
74 53 
102 58 
78 153 
135 120 
115 16 
121 17 
64 69 
140 169 
68 148 
66 172 
79 124 
165 73 
157 76 
129 25 
62 124 
113 20 
138 153 
120 49 
61 151 
85 4 
134 146 
99 83 
124 95 
36 122 
46 101 
135 56 
106 40 
144 37 
15 147 
31 97 
11 106 
32 41 
49 161 
168 37 
148 105 
112 136 
160 161 
127 115 
140 114 
126 32 
48 31 
129 108 
125 174 
36 125 
106 76 
138 85 
60 69 
41 167 
53 138 
10 123 
18 168 
145 172 
42 23 
128 165 
3 121 
91 150 
1 66 
6 11 
94 19 
71 25 
46 132 
148 75 
94 136 
27 57 
169 125 
10 75 
148 45 
16 139 
156 127 
116 23 
65 137 
73 84 
128 138 
98 83 
94 28 
99 76 
15 161 
36 61 
120 143 
149 27 
73 137 
115 166 
169 53 
100 18 
139 57 
81 118 
99 88 
155 148 
173 161 
131 62 
137 170 
17 144 
159 149 
60 81 
41 4 
123 95 
69 119 
159 86 
132 165 
79 5 
126 136 
101 147 
66 78 
101 3 
147 40 
162 170 
106 80 
48 165 
109 130 
127 84 
51 164 
109 120 
74 64 
102 38 
15 96 
134 8 
34 120 
61 27 
58 25 
3 156 
80 49 
77 134 
15 121 
67 168 
95 43 
110 83 
96 108 
3 170 
142 7 
162 51 
21 135 
104 83 
170 51 
113 69 
56 12 
127 15 
88 139 
46 103 
152 44 
127 10 
26 169 
161 90 
93 62 
85 55 
157 121 
12 22 
12 123 
7 16 
96 162 
93 3 
169 111 
146 124 
99 166 
116 161 
81 171 
35 32 
20 112 
155 31 
116 173 
150 80 
131 142 
137 76 
35 86 
131 115 
131 2 
117 42 
39 67 
137 130 
115 96 
100 118 
2 117 
97 124 
87 32 
136 122 
82 75 
129 6 
129 153 
5 36 
98 143 
86 97 
105 123 
49 150 
63 109 
155 41 
148 116 
150 14 
25 18 
107 59 
112 10 
161 77 
66 3 
144 124 
34 91 
9 27 
170 75 
72 102 
3 109 
151 101 
119 140 
41 146 
162 154 
74 163 
51 32 
53 143 
92 114 
68 92 
102 80 
87 72 
7 156 
15 160 
65 77 
87 11 
116 136 
106 36 
41 99 
121 158 
25 60 
13 164 
125 7 
6 54 
118 96 
67 120 
79 157 
80 10 
39 2 
172 107 
10 84 
173 120 
101 47 
119 31 
29 22 
45 81 
2 71 
121 89 
50 112 
141 173 
17 43 
137 154 
136 103 
142 114 
50 119 
111 99 
164 74 
83 74 
67 43 
108 134 
168 138 
43 141 
85 58 
82 120 
139 58 
16 117 
126 58 
118 109 
95 108 
24 151 
135 102 
8 119 
115 66 
150 78 
89 79 
120 154 
116 84 
83 138 
65 164 
73 122 
45 56 
171 92 
97 165 
112 90 
160 83 
151 20 
41 65 
11 69 
133 80 
36 170 
57 174 
2 35 
161 123 
102 10 
169 8 
160 153 
107 141 
1 125 
93 9 
123 166 
55 117 
84 41 
52 25 
109 114 
108 154 
117 170 
44 158 
144 132 
168 144 
110 3 
56 116 
120 2 
165 169 
155 100 
110 118 
68 18 
20 58 
9 126 
112 113 
13 41 
46 55 
156 108 
22 45 
14 130 
138 32 
23 143 
21 56 
138 49 
143 21 
100 117 
153 135 
88 42 
82 99 
88 165 
88 23 
163 103 
22 18 
43 88 
84 80 
91 9 
146 15 
137 13 
25 174 
45 137 
120 170 
7 73 
2 58 
36 26 
128 57 
157 72 
83 112 
15 69 
122 74 
13 64 
15 155 
110 154 
153 17 
52 155 
26 160 
40 87 
165 166 
9 39 
33 94 
164 162 
58 104 
169 132 
133 149 
24 12 
142 54 
25 128 
72 47 
71 93 
105 153 
93 50 
71 138 
5 13 
64 47 
34 41 
76 3 
163 81 
174 84 
16 54 
79 13 
173 109 
164 42 
107 95 
161 85 
35 19 
119 125 
60 45 
146 61 
68 121 
49 71 
40 150 
143 10 
62 30 
26 72 
6 110 
160 31 
90 159 
143 146 
137 108 
97 90 
3 68 
63 136 
20 44 
133 147 
72 140 
39 174 
132 158 
49 34 
61 85 
53 44 
8 79 
41 38 
3 150 
82 50 
142 13 
118 67 
135 112 
48 19 
77 42 
135 63 
113 127 
146 23 
78 149 
165 53 
117 76 
147 11 
170 112 
10 87 
52 55 
120 98 
54 46 
138 23 
64 95 
138 28 
107 96 
82 145 
75 21 
140 156 
33 85 
32 163 
150 18 
15 25 
41 161 
80 128 
38 71 
106 171 
154 136 
62 83 
8 93 
65 13 
173 2 
98 119 
154 152 
106 25 
106 86 
73 168 
37 47 
7 127 
26 66 
37 17 
171 112 
83 68 
135 122 
120 110 
15 28 
153 133 
137 124 
108 72 
69 49 
126 81 
107 43 
101 53 
5 103 
138 76 
43 101 
71 15 
70 137 
53 38 
118 93 
52 126 
30 6 
72 159 
96 11 
97 32 
118 23 
167 4 
96 149 
152 119 
115 124 
117 88 
88 51 
168 97 
129 63 
47 163 
84 169 
115 119 
149 19 
25 139 
106 139 
74 48 
115 22 
69 57 
70 162 
65 70 
22 35 
39 173 
127 48 
10 108 
17 117 
92 157 
74 106 
62 82 
137 22 
155 138 
120 94 
125 37 
31 112 
18 131 
77 26 
54 18 
108 54 
94 97 
89 31 
100 76 
47 80 
130 54 
67 15 
22 98 
70 95 
167 114 
94 66 
142 151 
68 119 
114 77 
153 24 
76 124 
114 85 
166 43 
172 67 
151 122 
67 79 
89 23 
141 111 
123 49 
89 95 
116 90 
110 2 
45 151 
121 70 
116 48 
140 73 
94 102 
45 34 
9 17 
76 142 
158 110 
127 139 
93 109 
164 80 
70 159 
40 37 
19 45 
141 84 
120 32 
132 167 
75 99 
160 101 
13 4 
77 151 
156 139 
48 93 
97 159 
8 52 
60 38 
109 58 
110 125 
102 1 
70 116 
126 95 
154 114 
73 116 
170 34 
100 56 
168 11 
168 153 
59 172 
32 11 
99 69 
34 144 
47 58 
6 157 
85 77 
106 172 
170 159 
173 164 
114 172 
28 35 
167 150 
111 155 
86 19 
63 62 
10 140 
3 145 
80 79 
149 81 
3 16 
49 56 
8 88 
106 26 
57 25 
9 13 
60 21 
158 10 
82 139 
53 93 
82 118 
123 126 
36 137 
24 108 
99 11 
160 33 
56 2 
45 174 
144 155 
38 90 
53 118 
64 30 
96 146 
134 94 
68 71 
22 166 
23 121 
98 80 
158 154 
102 36 
157 123 
3 118 
122 17 
40 47 
46 97 
58 140 
89 7 
172 111 
28 107 
113 155 
143 68 
28 78 
44 62 
14 43 
11 67 
85 103 
173 92 
2 60 
43 112 
25 63 
15 42 
92 29 
152 62 
129 1 
20 39 
159 153 
39 47 
167 20 
138 161 
132 117 
27 173 
118 169 
121 146 
52 132 
95 173 
26 163 
100 90 
56 126 
89 124 
88 125 
130 9 
95 122 
154 6 
86 108 
19 101 
158 145 
5 150 
100 59 
130 15 
25 104 
108 153 
123 16 
44 90 
6 90 
7 164 
108 32 
95 111 
56 25 
60 86 
45 125 
24 116 
64 81 
115 116 
43 59 
80 29 
155 158 
74 139 
4 155 
133 31 
51 83 
159 33 
151 53 
166 105 
137 174 
153 165 
165 95 
47 41 
164 88 
5 32 
129 160 
120 79 
16 161 
25 137 
168 72 
20 150 
61 38 
112 18 
7 111 
39 51 
61 62 
21 44 
157 154 
127 81 
3 88 
85 25 
60 135 
52 162 
73 172 
8 26 
153 40 
49 68 
158 87 
5 91 
6 42 
84 60 
24 107 
53 111 
84 166 
103 40 
78 91 
116 46 
152 121 
7 135 
108 28 
174 106 
98 40 
158 59 
46 126 
120 18 
32 2 
10 28 
114 16 
34 12 
6 127 
163 37 
53 76 
136 132 
9 75 
32 113 
64 86 
137 54 
7 140 
160 80 
172 69 
99 168 
143 116 
155 103 
46 8 
67 17 
111 30 
32 45 
7 54 
106 59 
52 170 
41 135 
36 143 
141 44 
19 62 
81 161 
159 152 
74 34 
63 122 
42 106 
16 125 
21 101 
59 42 
88 63 
101 15 
43 28 
8 21 
5 160 
44 120 
43 130 
153 141 
113 21 
35 128 
89 6 
69 129 
72 52 
44 67 
152 54 
111 88 
132 90 
93 112 
66 33 
6 63 
48 87 
142 14 
123 62 
115 164 
150 104 
150 57 
170 128 
103 65 
14 51 
163 11 
120 22 
135 147 
134 42 
150 84 
5 129 
96 156 
127 44 
67 114 
101 153 
114 130 
35 110 
173 110 
65 135 
168 20 
83 14 
131 157 
100 48 
108 41 
7 115 
111 171 
171 53 
63 156 
25 140 
46 73 
4 55 
50 139 
144 31 
127 134 
92 17 
143 156 
13 95 
33 60 
86 94 
160 116 
81 97 
163 125 
147 5 
158 136 
23 78 
121 134 
123 117 
20 157 
133 103 
159 8 
137 23 
71 67 
126 113 
46 9 
81 95 
159 51 
170 59 
51 67 
27 128 
57 20 
155 49 
80 115 
135 49 
53 40 
169 120 
92 97 
6 94 
60 121 
67 16 
1 107 
130 90 
152 2 
70 167 
46 102 
55 114 
146 139 
63 55 
124 130 
106 50 
70 113 
95 174 
36 117 
124 72 
12 89 
73 88 
85 171 
96 42 
34 16 
40 152 
27 36 
121 156 
84 18 
13 150 
120 64 
98 102 
57 77 
91 158 
52 154 
54 22 
9 66 
173 139 
72 130 
68 34 
27 34 
40 167 
170 142 
162 73 
152 150 
148 33 
133 130 
144 20 
3 80 
82 56 
87 108 
72 75 
102 8 
15 36 
23 130 
72 42 
149 66 
58 91 
33 87 
10 7 
101 68 
140 35 
65 45 
79 42 
12 168 
148 101 
119 77 
107 140 
41 24 
59 46 
74 55 
81 32 
172 3 
127 97 
31 77 
51 42 
18 108 
98 122 
128 43 
102 65 
84 26 
135 28 
169 30 
7 147 
40 11 
52 51 
111 60 
98 109 
60 61 
129 110 
53 112 
73 167 
97 129 
106 122 
31 8 
14 10 
70 87 
8 170 
162 34 
90 3 
165 133 
167 128 
113 8 
70 58 
3 67 
158 13 
94 36 
145 170 
68 170 
95 100 
106 134 
152 67 
106 127 
93 6 
42 167 
90 26 
150 37 
139 29 
37 174 
114 7 
166 85 
87 145 
161 60 
60 119 
87 174 
72 155 
65 50 
66 54 
113 102 
132 42 
110 75 
95 153 
124 30 
144 51 
17 76 
145 167 
65 37 
65 153 
86 78 
156 165 
44 81 
33 93 
43 110 
16 65 
153 4 
132 116 
153 91 
80 38 
108 117 
169 25 
131 112 
150 144 
1 170 
40 149 
124 139 
60 90 
102 26 
77 34 
12 169 
84 8 
8 87 
125 128 
153 59 
130 149 
126 84 
39 53 
78 124 
3 135 
20 148 
45 146 
37 5 
1 34 
44 56 
12 74 
156 159 
66 117 
63 157 
38 155 
171 99 
86 4 
28 36 
6 77 
170 26 
57 33 
67 107 
63 27 
6 48 
42 61 
67 158 
126 69 
156 5 
115 21 
22 16 
66 48 
150 74 
14 113 
97 39 
144 100 
164 92 
152 137 
147 66 
124 148 
19 23 
111 22 
136 84 
94 42 
112 42 
103 91 
166 31 
23 151 
125 91 
78 172 
127 71 
123 30 
9 111 
170 32 
6 139 
81 25 
125 104 
22 24 
133 43 
142 150 
38 12 
56 138 
78 164 
63 64 
72 161 
106 17 
173 144 
43 165 
39 131 
15 158 
69 92 
161 73 
84 170 
128 17 
22 132 
131 54 
128 166 
133 52 
82 32 
29 110 
118 114 
165 139 
48 34 
171 135 
40 93 
51 71 
100 139 
124 6 
139 42 
76 14 
9 19 
28 112 
113 114 
79 161 
75 168 
65 100 
67 88 
18 37 
97 52 
27 163 
128 39 
8 38 
85 16 
8 115 
104 46 
91 90 
168 123 
115 36 
124 106 
101 74 
123 134 
38 138 
170 66 
91 18 
137 64 
105 104 
14 53 
139 15 
3 26 
142 115 
110 156 
160 140 
88 59 
109 171 
69 74 
158 127 
80 48 
104 135 
51 24 
25 13 
3 17 
109 154 
146 12 
35 139 
95 131 
105 71 
137 15 
57 156 
114 41 
48 108 
99 64 
54 174 
31 143 
158 60 
69 50 
104 4 
67 9 
124 20 
109 103 
137 144 
12 87 
132 3 
141 35 
74 62 
146 88 
34 155 
160 142 
108 131 
77 112 
8 83 
166 149 
100 164 
89 172 
72 37 
139 91 
51 31 
11 141 
37 137 
100 84 
107 131 
145 134 
86 174 
11 13 
168 32 
49 116 
156 88 
129 51 
32 59 
65 18 
3 15 
111 51 
5 145 
47 157 
61 98 
37 49 
12 86 
39 40 
130 150 
112 166 
128 118 
57 58 
30 137 
88 40 
150 61 
170 174 
22 50 
121 97 
39 162 
101 134 
89 97 
123 148 
83 85 
51 48 
156 168 
91 22 
49 48 
143 131 
133 72 
59 123 
116 35 
9 147 
163 136 
107 66 
129 146 
153 42 
16 135 
85 110 
138 136 
37 6 
16 110 
71 124 
21 81 
139 43 
22 103 
8 98 
129 74 
71 113 
165 62 
107 84 
112 160 
123 66 
27 60 
58 41 
55 102 
125 40 
64 27 
129 95 
27 166 
79 138 
73 120 
135 113 
4 114 
27 106 
47 164 
88 55 
83 81 
36 144 
57 164 
35 100 
43 149 
67 104 
165 118 
128 157 
23 8 
104 158 
54 138 
63 93 
67 124 
15 82 
165 15 
63 12 
161 145 
10 171 
79 56 
106 20 
134 14 
37 143 
91 3 
118 97 
172 124 
68 120 
140 29 
81 65 
77 27 
71 173 
19 40 
102 31 
35 121 
77 118 
143 147 
64 6 
26 146 
40 154 
72 21 
140 20 
23 28 
168 121 
76 123 
67 58 
130 22 
81 72 
152 56 
119 139 
104 35 
138 72 
129 170 
145 20 
121 2 
34 114 
33 69 
172 1 
122 2 
113 134 
138 165 
143 103 
69 116 
38 1 
114 37 
101 128 
140 123 
8 29 
35 157 
173 143 
36 68 
130 3 
155 36 
84 153 
127 47 
36 127 
87 76 
74 97 
156 102 
130 127 
85 164 
79 34 
2 158 
10 12 
90 142 
104 79 
108 89 
47 96 
60 55 
64 104 
23 16 
20 65 
66 168 
129 167 
157 91 
105 31 
15 40 
162 148 
140 113 
141 45 
156 155 
118 30 
161 53 
78 92 
141 6 
83 6 
24 70 
28 48 
122 53 
96 20 
37 105 
167 12 
85 124 
106 170 
86 149 
133 14 
163 106 
17 102 
128 140 
165 90 
