123 3841 
56 173 269 216 164 110 161 91 33 270 198 288 84 97 237 79 93 280 186 115 257 122 88 274 91 166 116 284 145 235 45 262 25 67 116 155 166 94 47 136 45 116 270 41 128 53 15 189 71 212 222 79 246 140 63 299 198 255 291 225 60 196 270 90 47 48 88 93 152 253 19 297 173 289 24 241 99 221 230 136 264 212 236 167 265 19 285 155 270 172 267 20 155 197 126 88 283 113 110 84 179 94 42 63 92 112 25 6 198 77 102 20 64 35 45 74 80 116 239 37 185 64 210 
11 60 
9 122 
38 115 
79 31 
100 24 
80 68 
24 85 
9 38 
45 32 
99 68 
5 16 
116 41 
8 17 
88 92 
118 37 
109 14 
76 28 
10 62 
90 94 
33 36 
7 94 
117 51 
69 42 
33 58 
119 66 
97 76 
45 15 
9 52 
12 22 
62 37 
38 74 
6 39 
28 36 
7 60 
25 83 
63 16 
47 36 
105 20 
41 94 
54 7 
64 74 
68 38 
66 56 
59 7 
7 53 
74 75 
8 54 
113 18 
26 27 
72 31 
60 41 
44 28 
65 108 
50 35 
92 72 
78 38 
34 31 
67 5 
85 39 
93 1 
1 8 
8 101 
48 99 
65 8 
59 104 
122 96 
88 86 
108 2 
91 101 
87 57 
66 92 
13 45 
36 3 
55 71 
41 62 
116 38 
14 26 
58 109 
17 40 
63 37 
90 57 
110 114 
119 19 
102 108 
31 74 
67 24 
52 75 
66 107 
18 15 
12 20 
82 115 
93 60 
19 69 
91 21 
60 64 
41 105 
23 58 
17 19 
30 112 
84 9 
69 91 
34 107 
107 29 
35 70 
2 71 
51 13 
47 93 
57 66 
27 80 
70 46 
94 82 
55 95 
113 72 
41 31 
116 97 
37 71 
101 100 
105 106 
120 88 
64 37 
44 70 
26 121 
89 11 
89 60 
1 59 
76 30 
97 93 
30 105 
123 41 
90 63 
20 51 
22 82 
29 89 
81 70 
1 121 
33 31 
45 7 
63 11 
21 37 
14 107 
32 68 
117 69 
115 72 
102 32 
10 8 
123 118 
85 101 
111 27 
65 97 
5 95 
106 59 
47 123 
43 111 
56 59 
79 107 
60 43 
123 64 
38 29 
51 98 
20 120 
52 111 
96 106 
26 86 
97 1 
56 27 
48 100 
5 66 
5 110 
62 108 
48 72 
122 89 
99 18 
84 95 
105 70 
113 19 
109 123 
4 13 
121 36 
43 101 
121 122 
1 43 
101 19 
51 25 
28 113 
110 31 
84 57 
4 50 
19 7 
33 24 
33 46 
109 35 
79 16 
69 49 
60 6 
119 94 
107 43 
119 101 
102 89 
70 103 
25 109 
120 49 
73 68 
98 123 
85 95 
26 94 
62 116 
65 81 
89 77 
111 62 
60 100 
82 120 
39 23 
108 83 
99 52 
1 20 
69 94 
41 27 
49 80 
66 52 
3 96 
81 33 
61 6 
30 3 
7 34 
93 42 
24 121 
23 35 
105 62 
70 40 
97 91 
75 48 
33 35 
39 26 
5 13 
36 17 
29 65 
57 27 
82 12 
64 108 
116 51 
115 22 
20 33 
111 101 
19 5 
108 52 
121 78 
71 86 
53 111 
112 44 
3 59 
100 3 
6 101 
21 101 
57 52 
9 33 
12 3 
41 40 
47 58 
91 13 
80 39 
123 59 
114 18 
40 76 
112 32 
13 119 
76 88 
119 69 
113 97 
92 14 
27 84 
109 42 
60 44 
28 9 
41 93 
19 80 
87 114 
110 64 
98 41 
22 51 
14 120 
35 46 
108 21 
33 99 
112 4 
18 81 
120 80 
23 98 
102 121 
58 6 
17 87 
77 75 
109 119 
11 115 
63 77 
11 4 
63 64 
42 34 
25 112 
90 23 
12 10 
35 119 
4 5 
57 2 
30 87 
74 3 
86 89 
105 90 
19 90 
32 30 
24 75 
66 59 
20 8 
107 64 
98 55 
67 104 
43 7 
85 28 
85 104 
11 34 
64 32 
59 102 
21 42 
1 98 
6 67 
22 11 
119 44 
72 79 
110 66 
90 62 
107 52 
89 52 
70 4 
90 66 
35 24 
67 33 
86 95 
117 116 
8 34 
30 53 
8 105 
70 60 
111 14 
39 12 
100 72 
42 74 
70 25 
114 34 
72 3 
11 12 
73 105 
22 68 
37 74 
54 121 
115 19 
16 73 
88 54 
114 111 
73 78 
76 56 
101 94 
80 97 
41 21 
53 29 
29 70 
26 89 
83 73 
103 31 
15 12 
65 119 
122 114 
49 47 
66 4 
112 98 
28 55 
120 60 
60 46 
100 45 
30 117 
79 11 
91 68 
13 99 
72 9 
2 37 
21 17 
45 91 
4 41 
61 32 
13 26 
85 14 
62 24 
65 41 
85 4 
32 89 
28 117 
67 110 
122 88 
34 88 
62 8 
103 61 
7 77 
42 24 
122 25 
70 94 
101 35 
118 4 
98 31 
42 114 
14 90 
16 75 
110 75 
6 94 
52 36 
87 23 
71 19 
97 78 
84 72 
98 72 
9 85 
80 41 
100 97 
6 106 
52 94 
13 118 
50 14 
87 19 
60 57 
105 14 
103 51 
4 84 
93 27 
94 86 
110 120 
107 76 
21 73 
15 63 
16 85 
25 59 
33 55 
64 13 
57 103 
74 27 
2 95 
92 86 
11 59 
60 116 
114 20 
75 112 
76 72 
39 116 
66 53 
43 17 
18 110 
52 113 
101 106 
40 120 
10 93 
100 110 
103 95 
25 15 
93 38 
96 16 
29 84 
20 39 
69 86 
64 104 
61 84 
79 88 
102 82 
107 26 
86 4 
29 12 
43 35 
39 81 
23 20 
52 72 
74 49 
110 40 
88 46 
80 64 
34 48 
24 116 
33 28 
87 3 
100 61 
100 18 
52 24 
109 90 
85 35 
75 49 
44 7 
116 22 
122 98 
108 60 
94 23 
91 59 
54 80 
114 59 
19 86 
31 95 
25 9 
2 81 
49 117 
89 31 
7 92 
116 107 
51 65 
70 7 
60 59 
45 95 
106 77 
49 94 
34 56 
121 90 
56 10 
90 87 
117 15 
41 122 
111 47 
10 19 
18 69 
76 104 
43 100 
38 15 
17 122 
114 13 
100 57 
36 19 
98 10 
48 58 
54 53 
95 115 
21 56 
19 85 
32 14 
63 105 
42 101 
34 82 
5 14 
81 11 
106 80 
1 114 
33 62 
81 42 
53 55 
40 12 
42 4 
67 7 
105 66 
56 49 
113 14 
77 88 
1 50 
122 40 
68 45 
87 44 
89 51 
108 6 
94 104 
9 24 
62 95 
94 79 
82 7 
33 110 
112 64 
77 61 
113 58 
18 86 
120 22 
103 63 
4 120 
117 34 
55 10 
123 25 
53 109 
50 33 
71 50 
60 30 
72 117 
3 22 
83 10 
117 123 
6 2 
16 24 
112 16 
56 30 
16 106 
79 38 
64 89 
113 77 
35 44 
81 26 
3 53 
100 26 
122 67 
53 119 
62 110 
81 92 
101 115 
73 70 
35 25 
63 55 
123 32 
10 104 
25 2 
50 123 
61 112 
119 6 
123 55 
115 71 
6 40 
13 41 
30 11 
33 100 
96 24 
45 98 
20 2 
109 29 
38 121 
4 81 
9 2 
65 32 
67 22 
79 95 
63 109 
111 6 
70 115 
45 51 
114 121 
82 113 
31 93 
12 51 
117 86 
71 112 
104 21 
34 17 
44 61 
31 116 
11 16 
72 121 
39 58 
57 7 
64 43 
82 17 
9 97 
27 92 
117 67 
107 112 
97 98 
98 67 
27 86 
47 107 
58 53 
6 64 
28 59 
11 41 
111 84 
98 38 
111 74 
26 104 
10 99 
87 36 
60 94 
56 81 
109 108 
62 93 
49 86 
46 20 
103 37 
63 18 
17 33 
38 48 
20 84 
78 86 
21 34 
79 75 
60 15 
42 94 
2 93 
111 55 
107 83 
111 105 
111 83 
49 6 
111 119 
120 55 
37 116 
79 92 
3 65 
89 72 
68 41 
32 78 
100 13 
47 110 
71 120 
123 81 
110 37 
81 47 
72 68 
15 58 
24 6 
44 118 
74 48 
46 104 
32 1 
91 66 
69 30 
107 70 
93 54 
72 109 
4 31 
26 105 
111 78 
74 123 
94 36 
3 51 
97 57 
81 36 
65 122 
52 78 
46 49 
27 43 
93 109 
33 75 
69 29 
92 15 
51 30 
10 30 
53 70 
57 111 
102 40 
58 46 
118 62 
5 111 
34 4 
2 90 
102 107 
6 76 
51 2 
14 81 
44 84 
48 91 
79 67 
4 54 
30 118 
6 15 
121 120 
93 52 
45 101 
120 54 
116 43 
75 121 
35 122 
117 47 
63 119 
7 17 
9 64 
112 27 
66 93 
69 82 
80 43 
78 13 
5 37 
50 95 
13 54 
116 80 
1 84 
94 25 
56 38 
73 41 
101 82 
110 12 
20 73 
21 53 
25 44 
46 50 
35 13 
33 66 
59 82 
71 3 
53 20 
115 5 
56 52 
92 12 
69 15 
119 100 
100 113 
69 99 
32 7 
66 74 
67 83 
117 102 
41 82 
64 50 
39 98 
51 19 
99 51 
43 24 
20 32 
64 109 
13 15 
33 107 
46 15 
28 2 
34 65 
104 40 
104 1 
63 88 
1 66 
53 49 
88 91 
22 123 
75 40 
48 50 
122 112 
45 107 
55 22 
112 87 
29 22 
47 80 
76 14 
43 30 
18 82 
37 119 
67 107 
49 97 
61 35 
107 61 
58 9 
29 37 
117 5 
114 30 
81 76 
12 41 
78 102 
42 82 
115 76 
102 31 
118 102 
102 75 
40 88 
120 112 
4 82 
120 84 
77 55 
90 37 
49 61 
64 102 
92 65 
9 53 
60 112 
28 108 
105 118 
38 118 
9 90 
90 112 
22 73 
65 113 
10 88 
103 1 
12 64 
17 60 
82 35 
86 83 
10 34 
121 80 
110 94 
110 112 
114 100 
29 62 
46 7 
41 57 
70 61 
105 75 
6 29 
45 36 
43 73 
51 38 
53 80 
71 38 
62 84 
58 86 
93 46 
73 44 
59 39 
112 20 
61 54 
92 116 
3 54 
70 15 
66 114 
54 98 
63 13 
51 91 
2 69 
2 34 
15 20 
45 16 
26 62 
15 86 
96 99 
42 40 
1 81 
22 9 
123 73 
33 19 
84 70 
20 110 
41 42 
76 90 
20 25 
80 118 
80 17 
86 123 
79 98 
118 96 
24 112 
100 19 
46 53 
62 103 
116 96 
82 23 
42 57 
63 70 
12 24 
122 4 
83 53 
18 101 
38 99 
6 96 
89 19 
121 34 
55 11 
78 96 
97 37 
83 31 
27 16 
90 8 
12 56 
18 108 
57 112 
6 114 
60 23 
72 39 
71 1 
83 37 
68 79 
107 117 
64 92 
22 62 
110 74 
80 57 
43 44 
31 3 
99 114 
70 37 
114 118 
47 91 
107 65 
54 20 
63 34 
113 86 
14 118 
114 92 
93 104 
20 68 
11 47 
40 96 
101 72 
10 90 
52 92 
44 114 
102 104 
53 114 
86 65 
79 74 
44 23 
74 70 
26 18 
83 21 
79 104 
27 5 
14 11 
36 65 
26 56 
23 106 
55 81 
118 47 
50 52 
105 77 
48 18 
29 104 
36 31 
104 22 
33 119 
4 113 
87 55 
1 64 
99 63 
52 16 
106 37 
73 1 
8 21 
91 119 
21 86 
58 82 
47 10 
70 72 
101 86 
20 47 
9 103 
80 46 
104 41 
101 67 
77 85 
59 92 
69 115 
64 8 
72 67 
7 12 
31 108 
62 86 
87 77 
51 115 
37 27 
34 50 
106 44 
75 27 
76 35 
43 91 
45 109 
35 48 
64 67 
50 102 
17 29 
82 62 
120 26 
61 98 
47 4 
73 104 
33 49 
113 56 
54 32 
27 82 
80 31 
55 52 
79 57 
58 74 
114 65 
109 77 
12 42 
19 82 
118 97 
79 97 
61 104 
59 99 
24 59 
11 72 
88 14 
110 14 
118 86 
76 39 
73 31 
78 44 
43 103 
77 3 
71 89 
85 45 
22 26 
21 98 
72 20 
99 97 
117 41 
10 65 
27 35 
54 60 
108 7 
17 99 
47 104 
86 107 
58 64 
119 120 
50 40 
107 119 
123 110 
85 87 
90 13 
1 109 
111 96 
99 87 
7 40 
38 14 
89 53 
120 106 
28 110 
120 21 
33 104 
80 16 
20 42 
20 41 
52 3 
111 95 
21 26 
109 73 
74 62 
119 18 
65 118 
43 50 
75 111 
74 21 
5 47 
51 120 
98 94 
38 59 
52 31 
75 72 
57 105 
71 9 
32 58 
25 98 
72 66 
106 4 
108 32 
79 114 
54 12 
43 10 
38 18 
8 111 
18 30 
14 1 
3 85 
9 82 
64 66 
65 21 
93 4 
54 45 
120 31 
25 82 
109 21 
23 67 
15 71 
14 94 
29 9 
44 30 
71 13 
83 44 
54 77 
48 53 
34 69 
25 29 
40 23 
119 110 
16 121 
4 109 
117 43 
95 69 
69 39 
61 17 
14 36 
10 78 
30 88 
119 72 
107 13 
5 88 
8 81 
3 117 
36 6 
103 23 
39 61 
90 36 
48 36 
109 78 
73 99 
88 69 
47 25 
111 71 
76 5 
82 119 
49 8 
21 49 
61 47 
42 30 
5 103 
78 64 
87 86 
87 105 
4 3 
4 26 
123 51 
49 107 
109 99 
23 100 
91 70 
76 26 
83 55 
62 104 
84 21 
72 112 
93 84 
66 27 
51 80 
8 44 
66 46 
72 62 
7 72 
50 118 
49 41 
106 102 
43 48 
37 46 
105 76 
87 76 
26 99 
121 79 
37 104 
101 84 
38 103 
67 59 
96 95 
88 73 
85 11 
106 99 
87 70 
92 94 
8 42 
73 4 
76 50 
87 11 
34 43 
3 104 
106 89 
85 10 
8 61 
22 6 
92 16 
55 47 
90 5 
40 119 
56 120 
89 4 
29 54 
43 65 
71 58 
63 66 
70 119 
39 38 
31 40 
56 75 
46 51 
54 42 
110 15 
122 34 
80 24 
122 94 
77 73 
111 18 
85 90 
16 58 
99 39 
76 89 
11 50 
13 27 
108 76 
81 112 
43 23 
99 120 
111 99 
23 53 
11 57 
91 73 
75 94 
26 78 
7 8 
29 74 
44 37 
29 40 
80 103 
119 68 
26 20 
100 118 
1 86 
86 3 
64 3 
119 61 
78 18 
107 20 
36 11 
7 13 
60 123 
22 84 
23 19 
16 34 
25 42 
52 11 
75 99 
67 19 
30 100 
74 69 
96 88 
62 35 
26 17 
121 48 
59 5 
53 102 
54 47 
93 39 
87 52 
53 88 
104 108 
37 12 
41 113 
90 30 
37 7 
10 67 
29 115 
87 100 
50 74 
41 66 
65 16 
62 21 
110 16 
62 11 
63 67 
25 49 
94 50 
44 10 
85 59 
89 74 
30 98 
41 2 
78 12 
34 3 
23 4 
64 22 
59 118 
27 22 
67 82 
101 122 
118 43 
68 35 
82 66 
24 84 
111 46 
88 9 
77 36 
38 19 
42 48 
84 55 
65 102 
83 93 
6 98 
97 25 
87 94 
48 105 
50 22 
119 83 
55 108 
85 118 
45 19 
26 123 
11 71 
67 30 
44 67 
105 45 
42 122 
28 31 
49 102 
73 76 
15 123 
86 122 
60 118 
48 33 
50 21 
33 92 
88 7 
76 52 
73 121 
33 108 
64 59 
120 33 
83 100 
8 100 
2 31 
7 78 
37 96 
120 90 
82 92 
13 29 
2 46 
69 40 
87 78 
85 38 
115 93 
12 123 
21 77 
56 63 
116 83 
23 113 
103 110 
55 104 
51 61 
49 113 
10 117 
75 17 
29 8 
10 25 
95 15 
39 121 
114 3 
98 9 
114 64 
99 78 
98 101 
63 42 
16 117 
52 79 
3 63 
37 11 
19 8 
16 32 
16 119 
89 16 
53 16 
109 71 
70 98 
66 102 
81 9 
87 22 
98 4 
12 35 
88 26 
58 119 
9 94 
24 63 
10 4 
1 38 
100 109 
68 5 
99 25 
113 64 
50 32 
37 20 
38 7 
75 23 
85 99 
89 27 
19 73 
23 114 
31 35 
79 59 
101 52 
48 40 
42 70 
98 87 
112 73 
72 86 
64 5 
50 17 
21 24 
109 33 
62 1 
68 61 
27 110 
14 122 
94 40 
75 81 
104 101 
5 32 
52 88 
96 33 
106 45 
55 7 
45 116 
104 36 
37 50 
104 118 
107 123 
4 17 
82 26 
76 53 
114 112 
56 36 
120 81 
69 52 
81 62 
80 18 
99 35 
62 7 
77 14 
12 61 
36 123 
12 95 
98 111 
107 77 
34 73 
45 17 
85 50 
42 10 
121 63 
81 19 
16 81 
26 108 
44 81 
4 80 
76 10 
10 70 
112 108 
91 22 
29 110 
82 43 
109 54 
33 22 
120 98 
39 115 
57 96 
85 100 
40 109 
69 24 
74 36 
13 105 
45 35 
19 12 
24 34 
101 38 
13 79 
112 19 
59 65 
70 85 
36 22 
32 118 
90 51 
101 31 
55 91 
20 79 
112 118 
95 89 
62 50 
123 66 
97 71 
15 116 
20 50 
61 120 
36 44 
5 18 
36 107 
60 87 
64 91 
10 54 
37 35 
99 102 
41 84 
50 82 
29 101 
53 63 
15 64 
104 11 
17 107 
60 106 
37 79 
46 109 
72 50 
71 99 
116 40 
82 55 
101 74 
88 3 
58 18 
7 93 
33 123 
90 119 
66 100 
114 62 
49 85 
59 119 
87 5 
92 30 
65 18 
96 92 
39 17 
100 20 
90 97 
94 116 
122 19 
97 77 
97 59 
72 58 
88 27 
56 42 
33 57 
44 50 
41 29 
1 65 
9 30 
15 121 
110 51 
47 121 
65 121 
102 16 
110 53 
13 116 
115 110 
80 13 
90 52 
97 45 
38 82 
82 75 
5 121 
45 14 
5 39 
25 91 
34 40 
110 9 
112 21 
28 80 
15 73 
32 35 
21 79 
34 22 
116 100 
99 7 
89 20 
59 55 
35 112 
17 114 
96 35 
87 15 
77 110 
104 119 
82 121 
16 66 
38 70 
65 45 
113 54 
123 5 
36 46 
59 70 
24 53 
115 84 
83 50 
96 20 
5 43 
22 79 
31 38 
5 102 
26 10 
48 11 
81 110 
41 109 
32 34 
29 39 
108 5 
75 22 
54 103 
35 69 
82 118 
87 101 
84 6 
59 36 
15 40 
53 36 
100 115 
51 47 
51 114 
84 112 
46 108 
115 74 
23 73 
49 115 
13 111 
77 27 
120 115 
68 83 
107 12 
114 75 
47 32 
76 83 
61 40 
1 77 
107 81 
74 39 
1 41 
31 113 
60 1 
88 87 
51 29 
85 66 
38 30 
39 79 
117 85 
111 37 
108 17 
46 100 
40 84 
103 97 
1 78 
25 38 
6 120 
121 104 
25 3 
40 63 
57 13 
114 63 
49 17 
81 117 
105 108 
39 21 
64 84 
68 17 
29 78 
95 98 
123 83 
15 23 
53 45 
103 67 
3 106 
7 75 
13 69 
28 69 
77 30 
71 20 
59 63 
115 116 
46 99 
100 5 
96 12 
54 27 
33 118 
116 32 
88 41 
1 67 
50 120 
81 20 
89 21 
10 14 
110 7 
4 104 
85 112 
90 45 
57 73 
63 45 
70 48 
106 69 
86 90 
81 99 
105 113 
96 71 
108 70 
59 9 
113 94 
48 69 
81 25 
2 63 
80 56 
77 44 
21 113 
8 99 
78 33 
81 27 
59 100 
90 115 
43 108 
51 26 
73 97 
5 28 
62 66 
16 22 
86 81 
43 19 
121 31 
29 61 
58 30 
30 29 
75 15 
30 61 
55 32 
98 36 
5 35 
46 78 
80 73 
20 98 
88 107 
81 53 
26 111 
48 65 
120 107 
98 17 
100 98 
67 50 
122 68 
16 83 
9 119 
85 76 
40 24 
97 106 
49 22 
50 80 
34 51 
100 38 
76 116 
1 58 
121 3 
7 24 
70 69 
43 84 
99 24 
73 117 
121 55 
83 96 
2 103 
75 66 
55 92 
1 117 
90 43 
28 67 
116 82 
51 97 
52 13 
48 25 
86 108 
39 24 
78 79 
84 54 
118 66 
71 93 
96 85 
105 24 
61 46 
19 84 
86 74 
46 63 
71 41 
65 56 
75 1 
74 16 
60 9 
114 8 
33 1 
60 12 
22 20 
89 119 
121 70 
68 118 
28 107 
25 55 
104 95 
102 48 
95 90 
30 104 
112 53 
68 120 
118 46 
57 65 
76 47 
116 61 
29 4 
103 111 
43 81 
57 10 
78 34 
52 96 
71 105 
114 2 
81 93 
61 117 
55 1 
15 105 
120 28 
57 38 
50 3 
26 34 
46 76 
69 67 
54 69 
27 9 
116 57 
17 113 
101 89 
25 95 
45 50 
60 103 
22 81 
87 28 
107 23 
70 45 
69 116 
55 34 
91 80 
26 67 
92 44 
118 48 
17 84 
16 82 
2 97 
68 42 
91 121 
88 17 
32 80 
9 32 
22 109 
100 53 
28 61 
110 56 
104 110 
98 18 
103 86 
37 38 
14 84 
9 77 
98 114 
31 114 
68 75 
119 74 
82 80 
80 78 
35 120 
22 17 
49 95 
87 7 
6 35 
59 44 
72 83 
67 37 
60 95 
90 82 
11 90 
69 78 
30 31 
65 60 
13 2 
113 89 
60 40 
50 101 
51 73 
76 67 
65 49 
42 79 
20 17 
99 79 
45 40 
83 35 
23 68 
28 3 
15 49 
43 26 
101 39 
100 82 
95 56 
120 77 
120 85 
114 120 
63 47 
13 33 
91 90 
93 68 
8 52 
58 118 
28 17 
71 76 
86 66 
81 31 
97 89 
81 52 
105 89 
21 94 
52 58 
27 59 
45 9 
111 102 
83 6 
39 113 
123 14 
122 60 
79 61 
121 56 
65 31 
103 87 
101 3 
93 53 
7 97 
85 55 
92 22 
100 31 
8 115 
97 33 
13 16 
90 116 
62 92 
81 94 
117 91 
15 94 
11 38 
117 27 
8 110 
25 32 
88 44 
88 12 
38 80 
56 3 
103 32 
81 77 
42 9 
2 39 
53 72 
5 21 
111 77 
71 66 
48 96 
109 31 
3 89 
93 119 
15 89 
115 9 
69 111 
12 65 
93 33 
15 33 
32 17 
15 82 
114 33 
58 75 
89 43 
70 5 
90 92 
120 41 
123 79 
74 118 
58 69 
121 123 
5 6 
16 14 
41 56 
95 22 
82 52 
99 82 
95 110 
64 77 
94 111 
14 28 
59 88 
81 41 
50 79 
84 122 
2 78 
21 47 
15 16 
51 69 
55 69 
85 69 
73 55 
60 119 
4 58 
45 122 
106 48 
10 37 
52 110 
88 32 
77 17 
118 16 
78 103 
84 12 
14 24 
27 79 
62 63 
83 61 
65 25 
33 113 
96 86 
9 13 
109 118 
12 21 
56 5 
39 63 
25 88 
33 90 
54 105 
85 56 
72 28 
109 81 
13 17 
11 119 
24 10 
27 7 
45 10 
75 14 
79 18 
82 10 
94 55 
77 101 
66 8 
14 87 
83 74 
50 9 
110 93 
103 100 
97 86 
33 80 
108 84 
46 85 
3 11 
7 117 
68 82 
76 118 
81 7 
95 97 
81 115 
63 85 
82 49 
83 27 
110 106 
112 55 
15 50 
20 5 
41 26 
11 32 
20 87 
16 61 
46 27 
70 2 
88 61 
42 110 
7 89 
39 110 
121 86 
51 1 
18 70 
65 53 
64 16 
101 117 
9 116 
38 35 
75 29 
50 107 
28 115 
104 27 
105 23 
27 107 
59 45 
18 42 
2 100 
31 55 
119 38 
96 50 
59 50 
35 16 
106 123 
39 96 
8 59 
97 88 
39 87 
14 115 
27 99 
47 119 
115 44 
121 13 
90 50 
57 45 
14 93 
118 17 
121 94 
113 87 
100 22 
123 7 
100 37 
88 110 
25 5 
26 11 
54 64 
71 5 
45 3 
55 17 
18 117 
75 45 
2 107 
107 114 
62 56 
6 41 
99 34 
116 59 
52 68 
42 46 
104 115 
14 29 
15 11 
36 61 
100 11 
54 79 
14 121 
30 35 
36 93 
104 81 
13 46 
97 58 
20 119 
50 115 
16 109 
56 8 
58 107 
106 8 
28 63 
105 101 
62 122 
68 77 
77 92 
56 22 
77 20 
100 32 
37 16 
99 104 
109 28 
7 100 
26 7 
8 9 
17 117 
1 42 
105 34 
123 24 
54 63 
32 2 
22 77 
19 58 
10 3 
2 83 
3 38 
109 49 
10 23 
43 69 
6 102 
114 69 
27 42 
79 23 
29 88 
56 111 
94 18 
8 23 
29 55 
24 19 
64 116 
6 46 
106 31 
62 2 
11 92 
83 113 
55 39 
118 93 
30 75 
80 76 
18 57 
1 11 
37 34 
118 119 
43 12 
72 106 
116 67 
98 65 
23 80 
117 93 
18 13 
49 14 
8 73 
80 6 
89 58 
34 79 
25 8 
17 102 
41 87 
121 27 
43 76 
44 94 
98 37 
45 108 
3 7 
74 93 
113 101 
25 118 
24 2 
98 76 
84 34 
26 54 
112 113 
67 53 
54 114 
33 11 
25 1 
73 53 
65 37 
37 18 
85 51 
5 119 
109 6 
66 104 
62 47 
47 42 
92 97 
75 37 
92 85 
115 112 
6 59 
66 77 
50 57 
6 88 
49 72 
110 2 
75 87 
87 79 
103 65 
98 68 
37 107 
17 11 
54 41 
28 34 
100 88 
80 117 
12 66 
72 2 
22 30 
71 108 
117 88 
100 12 
5 22 
77 80 
6 118 
35 49 
63 89 
109 74 
85 58 
20 58 
101 17 
85 115 
52 6 
48 5 
1 115 
39 15 
38 46 
71 39 
78 120 
43 20 
75 91 
43 115 
40 89 
108 38 
39 22 
67 111 
94 56 
80 21 
63 93 
28 23 
16 120 
28 106 
96 79 
44 34 
115 54 
54 36 
44 45 
4 19 
109 27 
12 109 
59 61 
36 16 
123 72 
30 12 
63 74 
23 55 
11 13 
91 33 
17 38 
99 40 
21 96 
75 38 
67 121 
52 63 
54 22 
76 25 
92 99 
77 2 
111 23 
91 26 
77 103 
38 16 
37 45 
50 42 
29 73 
6 100 
78 15 
25 85 
8 57 
2 94 
48 122 
3 66 
44 101 
42 17 
5 89 
8 77 
30 55 
6 78 
52 123 
18 40 
30 113 
25 56 
60 39 
10 73 
49 91 
57 61 
86 100 
38 62 
123 89 
63 58 
31 26 
58 81 
103 48 
45 8 
14 21 
92 89 
71 83 
89 68 
35 114 
24 70 
111 112 
79 45 
13 12 
33 51 
77 86 
95 19 
120 108 
99 101 
114 29 
101 120 
104 63 
42 5 
67 89 
11 61 
45 22 
18 59 
3 120 
28 22 
49 60 
12 53 
89 112 
26 72 
71 62 
79 55 
49 50 
49 40 
118 42 
94 64 
27 114 
87 21 
33 18 
22 46 
114 119 
117 36 
43 109 
23 37 
73 12 
108 85 
108 50 
65 80 
89 88 
9 75 
99 103 
73 69 
69 76 
108 39 
39 88 
114 16 
90 113 
82 20 
102 41 
95 121 
16 21 
106 73 
104 17 
29 42 
31 37 
27 91 
106 34 
117 110 
31 18 
41 96 
23 89 
20 64 
117 79 
30 46 
12 32 
77 108 
13 8 
48 101 
102 9 
27 52 
46 12 
45 64 
47 87 
100 47 
52 21 
74 116 
51 94 
121 117 
71 90 
79 116 
93 112 
66 89 
17 76 
81 114 
19 2 
40 4 
107 87 
59 75 
58 83 
19 41 
74 117 
66 99 
101 123 
98 53 
103 22 
83 78 
65 13 
91 60 
67 20 
117 60 
22 88 
81 108 
43 21 
75 18 
7 18 
1 101 
12 122 
85 94 
109 60 
110 118 
93 30 
7 22 
21 123 
90 58 
75 63 
106 24 
122 5 
74 96 
55 89 
68 111 
46 73 
123 43 
23 56 
20 66 
39 102 
107 73 
61 78 
66 28 
10 119 
115 119 
120 30 
27 71 
47 114 
61 52 
7 98 
83 80 
34 90 
11 108 
121 23 
32 72 
105 1 
61 23 
103 36 
9 56 
112 43 
114 89 
99 15 
119 62 
53 1 
109 97 
92 8 
40 53 
27 118 
19 91 
48 81 
15 84 
119 14 
103 15 
112 119 
72 54 
77 43 
63 78 
83 41 
27 1 
11 65 
110 6 
44 117 
59 58 
21 54 
50 113 
23 99 
19 106 
75 26 
6 113 
70 54 
6 105 
25 19 
114 61 
57 106 
88 106 
63 6 
48 61 
72 17 
88 35 
91 42 
34 52 
13 24 
72 104 
27 15 
87 25 
37 43 
36 4 
113 108 
45 84 
96 81 
63 122 
61 7 
48 21 
82 36 
79 4 
46 83 
105 115 
27 45 
31 61 
90 48 
83 32 
93 116 
112 97 
82 60 
12 62 
118 64 
12 117 
5 63 
72 1 
121 40 
45 123 
118 51 
94 103 
67 12 
97 121 
29 48 
107 109 
20 40 
81 3 
59 30 
83 122 
23 109 
5 77 
31 117 
107 3 
91 63 
49 58 
47 108 
55 117 
1 48 
77 122 
48 114 
44 14 
97 85 
82 40 
92 84 
26 114 
21 103 
38 53 
110 23 
15 1 
104 70 
44 5 
36 9 
26 106 
27 4 
105 9 
9 49 
42 95 
65 70 
103 19 
14 79 
14 65 
87 73 
120 17 
23 101 
66 112 
28 123 
90 26 
103 119 
35 105 
102 73 
120 117 
34 58 
68 21 
71 104 
75 123 
24 122 
70 86 
92 83 
32 91 
67 100 
31 96 
105 59 
43 31 
7 42 
116 18 
96 104 
46 67 
95 108 
56 32 
31 49 
95 70 
82 111 
53 79 
61 42 
13 22 
81 90 
84 63 
40 74 
35 4 
55 54 
44 100 
73 93 
41 23 
123 95 
25 77 
118 122 
31 91 
62 117 
62 57 
25 121 
102 36 
56 45 
69 45 
88 72 
5 113 
111 122 
64 70 
119 92 
18 34 
99 86 
22 96 
57 120 
38 123 
121 50 
45 81 
64 14 
92 106 
80 12 
62 121 
90 55 
18 1 
51 104 
87 58 
13 93 
113 98 
46 102 
71 6 
35 19 
83 57 
88 78 
118 84 
37 19 
95 99 
30 48 
48 87 
115 114 
24 107 
35 103 
53 90 
110 98 
60 26 
47 88 
67 29 
24 50 
3 18 
108 27 
1 9 
114 68 
89 42 
19 40 
80 1 
87 102 
102 116 
86 82 
54 35 
88 50 
32 67 
28 93 
112 68 
85 121 
25 50 
97 16 
65 72 
32 57 
19 104 
9 114 
3 14 
101 2 
54 75 
39 49 
86 52 
107 96 
6 79 
48 22 
82 123 
106 112 
18 112 
14 82 
85 12 
67 21 
108 23 
30 49 
37 112 
47 53 
65 115 
78 23 
32 46 
19 64 
4 90 
78 42 
5 116 
52 54 
110 30 
26 50 
21 60 
28 50 
67 15 
77 16 
60 48 
46 28 
7 16 
116 106 
74 99 
112 47 
54 62 
75 43 
86 39 
26 12 
61 53 
66 18 
107 121 
116 25 
105 95 
52 117 
36 12 
106 113 
57 85 
59 32 
47 113 
84 33 
112 79 
12 57 
62 68 
76 54 
35 26 
111 9 
94 100 
105 109 
82 105 
115 79 
36 83 
103 115 
108 29 
120 100 
93 70 
24 23 
43 9 
12 49 
1 6 
103 112 
118 29 
21 9 
106 121 
4 55 
72 38 
64 51 
78 9 
61 97 
12 28 
38 6 
89 61 
95 114 
98 107 
38 32 
20 44 
94 68 
69 97 
18 95 
16 93 
80 60 
74 106 
48 27 
21 36 
96 112 
65 61 
47 3 
28 75 
20 70 
58 112 
77 19 
78 55 
35 55 
22 80 
15 29 
18 96 
30 102 
25 4 
45 112 
18 60 
52 105 
86 9 
16 94 
5 99 
79 63 
62 44 
89 24 
67 36 
45 110 
114 21 
62 61 
44 75 
121 20 
119 78 
29 94 
99 12 
45 39 
83 60 
31 25 
48 98 
26 68 
75 83 
15 19 
51 53 
75 70 
67 11 
121 12 
8 26 
9 62 
105 11 
72 8 
118 45 
82 47 
5 78 
106 7 
45 93 
14 56 
15 4 
102 94 
59 110 
116 91 
53 31 
71 8 
11 53 
78 84 
106 76 
54 9 
42 2 
17 46 
37 22 
77 4 
105 25 
35 91 
118 56 
118 107 
54 46 
33 64 
49 114 
63 10 
11 18 
75 71 
59 74 
98 44 
95 87 
78 37 
82 29 
92 40 
101 56 
101 7 
112 12 
17 116 
16 59 
47 66 
44 16 
86 40 
60 29 
106 119 
85 20 
106 71 
52 102 
60 32 
65 47 
16 105 
70 9 
44 85 
57 56 
109 80 
19 96 
69 107 
84 28 
21 2 
73 71 
10 86 
55 122 
71 68 
63 9 
95 57 
76 16 
5 10 
96 115 
55 67 
57 76 
22 15 
34 89 
17 23 
32 74 
93 113 
34 77 
13 81 
63 51 
71 4 
53 103 
82 83 
85 64 
46 16 
115 56 
16 90 
22 98 
115 10 
112 76 
103 91 
13 53 
21 40 
99 37 
77 12 
7 116 
1 74 
120 94 
100 108 
31 82 
103 117 
15 81 
16 116 
37 56 
21 35 
112 82 
115 37 
85 82 
37 36 
17 79 
82 44 
17 31 
4 6 
24 87 
77 48 
109 87 
98 56 
64 79 
36 96 
35 104 
43 18 
66 60 
66 15 
96 100 
11 123 
59 98 
51 83 
28 71 
21 3 
20 21 
94 72 
122 28 
90 17 
7 103 
52 49 
38 122 
101 25 
86 54 
42 66 
3 118 
41 5 
14 22 
94 71 
109 44 
36 99 
97 83 
79 24 
41 10 
27 119 
91 96 
103 106 
123 112 
78 117 
65 89 
37 54 
91 120 
38 41 
77 42 
27 113 
51 112 
92 63 
94 37 
23 84 
54 89 
101 10 
53 77 
66 21 
18 41 
76 95 
5 45 
95 46 
44 32 
2 11 
92 117 
43 68 
79 28 
2 113 
4 1 
13 104 
23 7 
45 114 
116 72 
27 67 
17 83 
2 35 
31 71 
13 83 
98 90 
36 34 
86 25 
3 55 
64 73 
99 2 
70 32 
78 105 
32 41 
71 56 
44 53 
35 3 
40 30 
116 98 
27 25 
70 1 
83 109 
5 11 
104 5 
53 123 
93 90 
5 82 
23 11 
74 17 
68 36 
2 118 
39 66 
24 93 
52 100 
55 88 
59 113 
106 111 
123 80 
57 49 
60 68 
51 119 
115 25 
61 18 
94 117 
49 10 
70 120 
51 75 
60 74 
120 42 
44 47 
7 74 
92 56 
29 64 
55 61 
23 63 
111 79 
85 2 
106 12 
29 95 
81 34 
33 44 
60 10 
97 39 
97 14 
115 107 
21 1 
14 51 
97 15 
58 21 
43 66 
2 3 
49 55 
15 114 
103 88 
116 55 
51 55 
23 95 
32 26 
10 39 
109 2 
9 16 
17 14 
5 91 
90 35 
91 62 
112 99 
53 64 
85 72 
46 69 
74 72 
20 103 
79 69 
50 92 
91 115 
92 36 
30 57 
114 25 
58 88 
88 115 
118 83 
85 80 
45 38 
45 115 
59 108 
107 113 
13 43 
44 76 
79 40 
123 104 
73 63 
17 59 
5 52 
39 19 
45 83 
67 105 
116 77 
92 31 
87 118 
61 43 
91 3 
34 91 
32 104 
44 71 
38 63 
6 70 
7 28 
88 28 
13 56 
58 108 
12 102 
91 107 
64 36 
83 24 
121 74 
40 90 
117 14 
105 17 
71 91 
115 33 
41 22 
73 17 
84 123 
44 54 
88 57 
39 64 
103 76 
93 59 
98 15 
67 75 
42 119 
122 90 
23 5 
10 40 
1 31 
91 123 
93 40 
78 58 
75 20 
113 122 
34 109 
64 42 
92 10 
19 13 
80 100 
116 52 
53 5 
16 55 
60 115 
81 88 
54 99 
64 69 
36 116 
31 59 
40 25 
75 4 
64 119 
37 60 
76 64 
107 94 
40 39 
43 54 
111 81 
9 20 
71 98 
59 40 
69 102 
63 31 
18 45 
8 27 
115 53 
25 96 
49 62 
120 116 
73 86 
71 88 
22 72 
87 9 
3 32 
50 13 
114 56 
55 66 
98 118 
13 21 
107 25 
60 62 
87 111 
57 115 
82 37 
52 62 
41 30 
59 15 
106 33 
67 14 
3 113 
112 117 
69 63 
106 82 
110 32 
27 28 
65 6 
99 94 
49 93 
21 18 
88 1 
69 5 
85 26 
98 40 
55 8 
12 34 
112 109 
92 76 
65 87 
106 68 
14 20 
117 105 
111 115 
89 109 
55 42 
64 34 
4 69 
100 25 
102 45 
107 106 
3 62 
110 105 
61 60 
69 32 
113 74 
59 103 
113 121 
80 107 
80 36 
105 93 
111 51 
90 12 
49 34 
12 52 
108 87 
87 46 
116 108 
94 63 
49 20 
101 66 
89 38 
18 39 
31 47 
24 31 
10 111 
107 10 
9 19 
110 1 
74 28 
16 86 
108 42 
122 33 
94 38 
42 60 
7 15 
36 5 
67 71 
4 99 
6 75 
70 47 
89 1 
107 99 
73 82 
15 31 
59 54 
45 88 
62 40 
83 5 
68 27 
54 73 
109 24 
43 38 
111 54 
69 23 
40 83 
81 57 
83 14 
55 86 
120 27 
72 80 
69 7 
63 72 
95 27 
81 21 
117 42 
43 15 
48 37 
97 108 
16 104 
98 47 
56 119 
2 53 
77 115 
98 11 
79 49 
88 85 
113 43 
80 15 
105 96 
118 5 
9 93 
79 41 
103 6 
17 67 
69 60 
69 83 
31 75 
80 81 
90 25 
8 83 
97 53 
117 53 
51 31 
71 82 
71 43 
33 34 
29 112 
76 4 
45 52 
12 120 
63 95 
77 37 
36 113 
10 106 
91 36 
90 123 
66 29 
45 55 
54 24 
52 91 
3 20 
4 102 
73 101 
36 85 
2 30 
115 16 
48 31 
24 11 
38 67 
113 44 
101 36 
61 123 
110 69 
65 75 
54 83 
62 102 
35 75 
3 1 
86 105 
6 42 
42 113 
82 45 
22 1 
63 57 
38 73 
107 51 
105 102 
100 122 
57 40 
22 4 
119 52 
20 61 
88 104 
76 36 
90 100 
28 82 
106 47 
10 11 
23 52 
8 39 
117 95 
117 90 
117 8 
21 111 
86 43 
89 103 
49 84 
80 86 
57 58 
93 120 
108 41 
110 85 
113 118 
51 105 
42 14 
56 18 
7 83 
12 91 
53 22 
89 36 
92 113 
76 96 
46 10 
77 82 
41 51 
71 35 
106 36 
4 32 
114 19 
91 76 
26 15 
111 31 
91 104 
61 81 
78 106 
101 30 
53 84 
102 114 
30 106 
115 21 
34 94 
68 117 
51 60 
111 4 
21 69 
18 2 
112 100 
106 11 
22 65 
7 73 
34 45 
70 14 
114 123 
89 81 
44 99 
85 41 
60 55 
74 108 
29 33 
14 35 
17 110 
73 116 
61 122 
113 111 
114 14 
70 78 
96 87 
119 75 
49 13 
111 3 
109 120 
92 100 
119 26 
47 84 
24 27 
48 52 
89 41 
71 16 
120 74 
118 39 
81 72 
33 94 
102 74 
54 96 
8 119 
72 5 
37 51 
24 51 
99 118 
123 58 
116 12 
7 6 
13 89 
91 38 
99 115 
76 77 
33 40 
12 31 
92 45 
80 111 
14 55 
46 47 
34 68 
91 39 
68 51 
11 78 
4 43 
4 110 
77 24 
58 26 
94 53 
106 53 
20 109 
11 58 
60 97 
46 120 
96 13 
46 48 
78 27 
55 64 
76 93 
37 39 
82 91 
4 78 
24 91 
14 60 
80 84 
42 49 
109 59 
1 68 
47 89 
78 56 
27 63 
65 105 
8 79 
117 23 
16 23 
46 86 
59 21 
102 100 
29 79 
38 22 
53 59 
16 60 
48 83 
92 80 
67 16 
51 42 
121 112 
33 117 
84 46 
40 38 
122 85 
30 4 
99 64 
30 80 
76 65 
114 39 
119 39 
95 88 
69 3 
113 99 
89 120 
12 70 
108 56 
116 86 
109 91 
40 52 
25 110 
98 83 
53 57 
108 35 
99 119 
102 27 
69 105 
114 7 
110 10 
113 102 
30 71 
79 36 
57 29 
63 81 
83 79 
98 8 
42 65 
89 73 
108 93 
116 53 
69 101 
47 56 
18 93 
104 44 
13 58 
48 23 
50 100 
108 107 
91 122 
87 63 
55 13 
60 20 
47 15 
11 51 
51 59 
57 99 
90 15 
95 10 
25 78 
85 79 
106 35 
102 61 
12 47 
17 86 
114 96 
120 39 
75 108 
31 13 
18 121 
16 78 
56 123 
100 21 
42 52 
24 15 
71 110 
68 31 
32 111 
73 6 
75 86 
35 89 
70 89 
81 101 
4 14 
75 13 
6 28 
25 73 
20 104 
45 29 
67 8 
10 116 
92 19 
95 116 
27 123 
107 30 
37 28 
58 102 
93 32 
17 62 
50 63 
56 15 
110 82 
74 81 
37 121 
47 92 
38 58 
121 9 
4 95 
59 95 
93 94 
40 114 
53 91 
87 67 
14 96 
19 31 
19 99 
122 59 
36 15 
3 102 
31 90 
73 96 
96 123 
57 28 
99 108 
12 74 
66 95 
64 11 
22 40 
57 6 
119 102 
97 32 
51 28 
122 107 
70 13 
122 57 
97 55 
26 98 
67 62 
37 33 
15 54 
93 17 
119 57 
93 22 
33 42 
112 70 
104 60 
36 49 
108 36 
43 106 
4 38 
12 5 
9 69 
71 69 
15 111 
102 28 
110 65 
76 102 
49 44 
60 58 
123 88 
71 63 
73 40 
31 54 
111 30 
29 116 
27 19 
65 4 
107 44 
38 109 
60 67 
6 97 
103 3 
94 30 
103 44 
52 53 
108 22 
109 68 
85 32 
112 63 
49 104 
88 114 
93 56 
92 78 
80 26 
74 5 
38 52 
