173 4603 
242 30 11 27 232 173 223 90 47 11 124 4 280 141 177 62 273 210 261 192 59 16 132 296 110 5 39 92 67 111 277 152 137 187 95 114 161 50 78 185 291 156 132 251 126 152 193 220 220 149 159 239 151 21 203 189 145 244 258 187 160 59 173 289 49 259 300 14 93 187 221 11 67 185 221 159 196 262 21 87 295 8 250 224 122 20 186 48 157 113 237 98 269 141 41 133 271 148 262 54 90 280 100 108 121 105 291 197 267 52 284 169 139 178 280 259 71 91 149 81 21 149 235 155 79 156 179 273 226 89 291 19 196 151 287 255 125 193 67 31 12 292 267 98 257 128 196 152 191 260 127 23 203 122 220 132 171 267 232 146 48 147 55 86 2 268 33 194 255 239 284 194 144 
83 136 
75 63 
155 8 
102 95 
52 160 
73 115 
103 85 
125 154 
27 52 
22 48 
103 123 
62 34 
127 128 
42 142 
99 30 
66 132 
136 114 
114 145 
147 76 
33 161 
40 59 
147 82 
105 80 
69 2 
161 1 
124 75 
132 141 
142 20 
38 81 
74 83 
106 8 
81 130 
24 103 
151 80 
143 150 
36 65 
62 39 
36 25 
43 4 
69 135 
95 94 
93 28 
130 25 
70 32 
127 14 
46 126 
106 4 
135 119 
144 123 
89 108 
29 167 
34 11 
76 65 
17 27 
88 101 
80 118 
11 77 
15 172 
42 105 
27 57 
60 43 
146 105 
57 121 
29 164 
155 7 
79 100 
173 86 
13 36 
36 146 
13 144 
106 139 
84 86 
173 128 
16 110 
115 161 
117 167 
173 116 
124 99 
97 98 
145 133 
58 24 
55 57 
33 148 
61 87 
18 83 
38 47 
102 142 
144 65 
99 69 
164 93 
34 135 
96 23 
153 26 
77 121 
4 127 
83 118 
162 124 
147 118 
16 119 
7 157 
128 27 
30 20 
43 92 
79 113 
76 161 
88 129 
54 172 
103 119 
138 151 
152 64 
112 44 
163 117 
25 40 
5 33 
14 48 
72 152 
162 21 
21 99 
39 147 
17 139 
137 166 
91 47 
64 16 
103 62 
114 142 
159 95 
70 82 
153 71 
67 148 
158 118 
45 31 
77 150 
116 36 
102 82 
167 5 
121 27 
148 30 
161 169 
51 119 
26 94 
142 172 
129 123 
61 42 
27 103 
89 74 
130 72 
107 148 
132 25 
99 12 
112 28 
70 17 
2 50 
134 133 
22 88 
51 129 
124 130 
38 64 
50 54 
114 37 
6 80 
168 171 
164 88 
27 51 
39 128 
50 122 
81 30 
29 82 
153 126 
155 62 
78 92 
75 31 
38 94 
84 42 
80 22 
172 149 
156 145 
4 121 
33 172 
20 118 
162 104 
113 146 
162 39 
2 35 
10 93 
120 93 
116 13 
82 38 
114 60 
66 156 
66 32 
36 38 
124 147 
17 153 
48 95 
87 3 
128 40 
97 38 
122 153 
135 79 
14 140 
78 94 
2 121 
13 114 
52 131 
168 95 
27 133 
1 148 
91 167 
49 62 
57 77 
156 8 
56 130 
141 77 
110 163 
171 69 
119 173 
113 107 
36 47 
139 103 
95 66 
124 167 
157 147 
105 47 
119 137 
112 97 
44 113 
169 123 
36 96 
149 171 
41 16 
38 87 
48 168 
101 38 
63 88 
55 121 
122 133 
146 74 
173 24 
14 81 
91 59 
102 45 
113 21 
132 48 
148 5 
2 173 
12 128 
5 84 
81 70 
27 39 
106 53 
169 141 
100 7 
11 63 
35 86 
86 151 
30 74 
106 87 
14 156 
101 113 
169 132 
53 56 
27 83 
133 95 
129 118 
135 120 
66 151 
61 40 
125 58 
129 90 
109 84 
162 56 
6 75 
45 143 
119 140 
41 172 
43 97 
3 88 
164 55 
86 152 
89 130 
80 27 
49 108 
18 134 
145 103 
70 27 
54 86 
105 71 
25 144 
133 65 
46 116 
10 6 
139 28 
99 112 
150 152 
94 55 
98 75 
22 5 
159 152 
98 63 
35 97 
34 116 
100 112 
93 31 
124 170 
173 9 
38 128 
92 7 
93 169 
126 65 
36 10 
24 123 
138 101 
8 126 
104 120 
92 53 
24 87 
106 38 
143 73 
116 152 
10 131 
167 171 
72 120 
145 19 
75 89 
35 104 
82 171 
111 132 
53 102 
45 173 
133 35 
31 41 
7 70 
22 28 
146 123 
119 155 
162 22 
15 88 
59 77 
94 101 
38 162 
151 79 
74 173 
128 15 
87 119 
45 47 
76 154 
86 158 
153 35 
40 107 
23 43 
150 37 
126 26 
87 164 
109 16 
122 97 
111 141 
69 96 
6 127 
63 14 
11 41 
92 120 
168 126 
65 29 
147 143 
149 125 
17 66 
8 86 
172 64 
98 148 
105 82 
31 57 
3 160 
6 113 
20 47 
61 152 
135 83 
24 142 
45 65 
131 158 
94 45 
20 32 
19 17 
106 84 
92 93 
53 158 
170 52 
90 126 
64 22 
77 22 
130 86 
50 163 
76 25 
6 8 
5 82 
6 109 
67 79 
144 14 
126 142 
32 43 
118 21 
151 46 
24 110 
18 70 
43 28 
3 171 
76 142 
77 99 
111 149 
163 70 
43 67 
32 148 
47 92 
40 50 
97 111 
139 93 
102 81 
139 150 
41 23 
1 38 
133 68 
95 28 
164 45 
120 35 
69 124 
3 72 
10 60 
147 53 
31 166 
151 92 
115 147 
46 10 
124 126 
3 161 
41 118 
155 38 
142 50 
145 88 
51 87 
28 92 
134 111 
74 54 
165 22 
77 109 
117 145 
69 86 
10 12 
127 1 
77 133 
103 125 
76 72 
71 61 
41 13 
164 60 
172 105 
85 100 
136 166 
108 112 
50 25 
83 122 
91 144 
20 3 
73 23 
165 10 
15 155 
165 33 
1 14 
64 147 
172 78 
99 61 
149 2 
54 167 
94 98 
31 76 
14 61 
94 123 
157 70 
104 138 
129 89 
86 21 
41 51 
18 112 
169 170 
153 93 
18 20 
92 106 
172 118 
82 124 
47 163 
139 156 
49 85 
16 43 
6 36 
37 126 
84 157 
165 124 
4 7 
153 15 
143 101 
101 98 
163 5 
90 71 
55 139 
74 8 
25 121 
100 71 
34 68 
149 62 
122 82 
89 131 
173 12 
4 94 
61 65 
99 57 
19 44 
63 72 
148 171 
72 137 
19 40 
108 93 
118 148 
1 10 
118 170 
116 68 
149 113 
22 96 
172 8 
136 44 
72 122 
57 105 
74 172 
115 46 
91 77 
147 51 
76 38 
112 131 
71 70 
56 169 
49 99 
113 42 
89 10 
17 12 
128 43 
13 80 
164 153 
18 78 
25 112 
54 39 
128 91 
83 38 
93 142 
11 96 
56 25 
162 68 
146 75 
137 79 
74 62 
1 118 
28 52 
155 167 
104 66 
65 122 
67 144 
13 60 
26 140 
94 147 
122 138 
133 113 
81 78 
171 65 
85 60 
120 16 
98 17 
158 123 
24 129 
50 84 
59 22 
19 32 
119 68 
40 148 
117 23 
14 38 
85 39 
31 44 
8 148 
66 120 
140 45 
113 20 
112 4 
18 9 
104 15 
77 107 
85 64 
166 29 
121 1 
142 131 
123 2 
53 112 
74 110 
91 98 
34 168 
149 37 
111 65 
144 31 
156 6 
16 171 
92 123 
11 102 
3 50 
10 104 
3 94 
9 141 
66 84 
126 138 
56 44 
122 45 
39 40 
99 59 
5 170 
90 120 
159 164 
2 44 
15 34 
125 1 
104 85 
106 81 
65 170 
64 133 
70 15 
40 90 
154 113 
57 116 
104 61 
15 55 
172 77 
156 151 
139 95 
17 50 
130 50 
146 115 
140 149 
46 92 
145 4 
53 136 
119 72 
41 10 
38 22 
5 59 
2 101 
102 4 
26 166 
95 112 
8 131 
14 76 
34 101 
160 53 
107 64 
152 110 
158 75 
1 171 
42 18 
12 40 
21 153 
140 28 
92 24 
95 109 
71 33 
113 158 
16 33 
27 110 
107 138 
84 61 
63 13 
156 81 
29 73 
37 50 
63 12 
60 9 
106 21 
49 102 
104 131 
72 113 
169 7 
158 48 
46 161 
73 34 
108 31 
141 143 
126 10 
137 23 
138 14 
24 45 
160 118 
72 156 
26 136 
55 47 
107 22 
55 156 
86 149 
134 119 
20 100 
121 162 
98 25 
6 136 
144 17 
67 45 
161 173 
69 136 
157 18 
50 143 
113 5 
160 94 
6 58 
83 168 
103 63 
165 103 
81 22 
152 32 
171 9 
25 29 
152 6 
58 39 
99 1 
91 66 
94 146 
38 60 
145 60 
131 77 
91 36 
161 19 
58 144 
109 56 
53 105 
113 81 
18 26 
6 85 
56 1 
40 113 
96 165 
158 115 
171 51 
2 164 
84 154 
115 43 
16 135 
131 119 
63 121 
93 89 
125 43 
150 10 
113 54 
63 56 
159 5 
41 170 
131 68 
173 102 
51 143 
65 20 
107 35 
162 29 
81 143 
15 69 
145 25 
68 101 
166 164 
82 33 
160 48 
70 65 
74 76 
133 86 
75 155 
36 31 
118 57 
78 3 
29 13 
117 30 
75 38 
104 73 
162 17 
128 164 
98 9 
78 106 
25 65 
110 142 
115 106 
141 96 
91 12 
152 30 
148 72 
122 51 
110 117 
123 7 
85 15 
5 8 
147 87 
127 58 
81 162 
72 18 
3 118 
172 135 
150 159 
13 156 
47 1 
3 53 
20 10 
144 151 
93 33 
128 105 
97 42 
151 157 
91 112 
10 63 
135 60 
143 123 
51 49 
152 79 
119 112 
165 68 
28 17 
61 106 
27 68 
112 63 
25 24 
158 97 
36 165 
80 116 
62 163 
12 168 
104 152 
26 155 
150 83 
69 128 
129 16 
58 1 
152 57 
67 74 
84 45 
69 121 
75 66 
73 83 
132 60 
62 104 
33 49 
137 32 
118 87 
86 121 
42 135 
86 157 
16 8 
12 109 
173 58 
113 170 
57 128 
50 46 
42 171 
66 172 
130 97 
19 142 
134 87 
96 28 
38 11 
45 29 
6 129 
13 155 
67 171 
13 40 
100 68 
72 64 
88 58 
30 66 
145 54 
151 169 
37 54 
66 108 
45 62 
111 11 
105 83 
138 66 
33 108 
131 124 
140 9 
73 157 
132 10 
73 61 
117 128 
11 61 
93 111 
149 150 
139 169 
38 78 
18 94 
115 40 
143 55 
102 170 
86 55 
133 116 
64 11 
36 42 
63 173 
63 15 
136 107 
104 32 
80 136 
103 25 
163 122 
121 110 
3 36 
148 146 
58 130 
173 160 
104 26 
3 126 
109 72 
156 42 
154 77 
125 167 
149 75 
1 50 
15 65 
87 40 
173 122 
102 75 
142 82 
156 80 
123 149 
133 28 
32 14 
87 66 
6 158 
22 27 
155 10 
71 54 
141 17 
151 126 
72 56 
75 152 
47 46 
105 86 
33 22 
154 170 
120 137 
30 155 
71 125 
173 91 
99 75 
36 41 
40 159 
138 38 
122 168 
144 64 
62 64 
20 172 
47 138 
120 134 
69 31 
82 115 
121 169 
121 83 
118 157 
33 114 
92 86 
101 124 
40 35 
46 27 
62 98 
44 72 
80 96 
126 120 
2 28 
41 45 
44 3 
20 38 
22 17 
166 146 
119 59 
108 59 
151 121 
77 26 
41 152 
147 33 
17 163 
140 42 
102 6 
168 111 
160 146 
76 69 
133 42 
156 57 
134 52 
75 60 
68 152 
84 125 
111 15 
114 160 
158 161 
79 33 
94 68 
7 13 
149 45 
29 83 
87 170 
128 129 
116 125 
113 73 
109 39 
144 131 
11 58 
62 6 
116 43 
77 14 
74 129 
154 165 
166 129 
113 169 
44 85 
37 111 
144 6 
144 154 
77 110 
60 39 
136 38 
64 110 
107 125 
145 167 
132 144 
118 32 
137 73 
139 140 
148 166 
1 36 
49 117 
1 15 
85 89 
134 4 
63 6 
108 90 
92 104 
63 32 
64 100 
65 17 
129 62 
144 77 
58 157 
143 74 
162 119 
66 50 
54 137 
32 67 
104 25 
98 99 
60 150 
132 63 
54 30 
169 102 
115 89 
29 80 
7 87 
153 20 
53 68 
97 139 
92 73 
52 5 
12 150 
158 108 
23 159 
21 171 
112 105 
135 47 
78 52 
13 43 
156 169 
38 4 
161 165 
150 103 
11 140 
88 80 
86 78 
81 123 
171 62 
23 19 
18 109 
7 80 
119 2 
154 29 
1 87 
103 95 
58 35 
31 154 
148 110 
107 32 
12 172 
143 38 
80 1 
9 157 
51 32 
33 66 
84 3 
127 44 
15 39 
79 36 
50 104 
74 113 
110 30 
103 58 
64 167 
60 166 
126 25 
170 62 
164 135 
2 139 
88 85 
59 129 
151 42 
127 69 
86 120 
105 54 
101 10 
72 48 
15 169 
117 82 
115 104 
80 21 
73 91 
60 35 
27 142 
113 43 
128 68 
61 74 
117 98 
143 42 
19 116 
87 126 
150 18 
172 76 
47 157 
145 57 
137 151 
166 149 
61 15 
148 39 
4 49 
2 159 
18 151 
9 152 
128 166 
140 77 
49 79 
86 56 
122 81 
165 14 
57 1 
89 152 
45 10 
85 23 
55 135 
168 54 
134 56 
70 152 
74 117 
94 9 
126 71 
107 93 
88 5 
56 155 
67 59 
132 31 
6 86 
69 14 
121 100 
140 72 
2 46 
87 78 
134 98 
160 13 
141 58 
19 73 
45 103 
12 56 
79 145 
150 135 
152 62 
110 127 
101 50 
75 169 
9 158 
32 35 
153 44 
82 58 
55 77 
163 54 
165 107 
81 160 
66 143 
95 19 
114 150 
145 16 
57 63 
54 22 
14 166 
52 96 
57 112 
156 69 
137 116 
121 103 
99 51 
18 6 
106 91 
3 45 
70 73 
59 105 
127 100 
10 48 
63 5 
119 14 
3 41 
116 67 
95 118 
70 47 
62 82 
55 136 
78 54 
5 126 
148 144 
35 170 
65 120 
132 87 
21 94 
163 31 
141 151 
155 100 
5 12 
132 23 
92 37 
74 99 
34 71 
109 68 
160 74 
130 67 
21 23 
140 131 
165 98 
97 128 
55 117 
65 87 
25 21 
35 135 
66 1 
168 154 
5 116 
37 44 
17 114 
26 74 
127 134 
5 21 
101 57 
86 45 
99 50 
7 121 
20 61 
38 153 
3 165 
30 73 
88 59 
91 63 
150 98 
3 31 
30 83 
130 63 
10 152 
120 47 
56 173 
35 38 
100 74 
106 1 
58 7 
39 102 
28 46 
152 44 
153 170 
10 9 
80 59 
168 15 
7 28 
41 165 
16 42 
94 104 
14 31 
34 94 
58 21 
46 130 
61 100 
62 87 
52 109 
112 58 
106 35 
139 136 
41 171 
54 44 
111 157 
157 112 
162 3 
16 94 
38 131 
42 117 
15 106 
92 16 
1 137 
173 51 
108 131 
86 125 
127 10 
97 57 
104 40 
173 87 
153 10 
67 153 
77 10 
28 136 
157 60 
13 136 
67 90 
7 9 
48 155 
101 77 
110 31 
68 18 
103 131 
39 163 
76 85 
90 172 
88 90 
69 104 
135 45 
124 134 
29 91 
98 119 
24 160 
8 164 
139 98 
82 53 
56 131 
89 116 
145 63 
14 169 
108 145 
129 152 
3 135 
77 97 
169 32 
108 60 
120 74 
100 90 
4 22 
173 29 
14 92 
75 122 
88 32 
165 151 
19 115 
64 55 
34 150 
2 88 
126 104 
59 51 
76 62 
117 38 
171 105 
86 123 
110 141 
126 61 
41 102 
143 70 
100 29 
126 169 
122 160 
73 49 
38 12 
120 49 
145 80 
13 16 
66 71 
63 3 
24 22 
109 155 
137 154 
164 99 
94 75 
10 164 
79 168 
29 15 
172 1 
118 55 
165 167 
1 104 
53 27 
79 85 
85 150 
70 16 
164 107 
133 118 
66 164 
78 129 
118 84 
99 81 
168 28 
15 22 
139 86 
30 67 
72 80 
153 131 
121 135 
145 154 
130 3 
152 101 
168 145 
122 39 
30 70 
164 111 
156 23 
164 50 
7 27 
23 74 
88 157 
170 83 
69 74 
165 163 
107 108 
22 173 
110 95 
90 166 
90 14 
1 18 
6 122 
110 78 
167 79 
95 38 
76 75 
69 84 
138 50 
115 114 
34 120 
124 90 
160 23 
157 109 
49 55 
95 41 
39 63 
9 107 
103 115 
165 115 
98 19 
10 69 
117 87 
143 12 
163 57 
105 8 
123 17 
10 96 
120 55 
93 134 
147 44 
13 140 
133 10 
57 32 
21 96 
111 172 
149 160 
162 36 
157 12 
162 150 
135 128 
113 102 
161 94 
154 55 
65 1 
7 109 
116 160 
13 171 
2 113 
6 30 
96 17 
101 61 
132 94 
143 16 
114 106 
47 165 
125 123 
9 46 
71 157 
160 6 
28 100 
122 19 
92 99 
38 168 
85 86 
110 85 
52 39 
1 69 
98 22 
77 8 
63 127 
96 100 
56 165 
4 70 
118 96 
8 3 
79 44 
1 152 
123 50 
142 54 
38 24 
101 55 
158 124 
140 159 
119 35 
17 79 
32 96 
106 119 
98 31 
147 80 
27 164 
62 154 
15 127 
1 26 
91 94 
131 32 
7 40 
43 165 
73 28 
107 170 
96 132 
115 97 
69 149 
43 141 
121 23 
26 106 
28 85 
40 62 
101 154 
143 144 
93 106 
157 50 
124 1 
58 80 
51 112 
80 103 
120 94 
144 73 
94 86 
80 107 
165 170 
71 161 
23 15 
4 54 
90 139 
156 127 
44 170 
63 150 
33 44 
77 75 
50 151 
123 25 
81 28 
145 65 
98 70 
85 136 
100 70 
12 153 
59 1 
150 132 
92 90 
91 137 
60 21 
122 155 
31 87 
121 167 
124 6 
26 29 
107 46 
72 7 
50 154 
33 156 
159 80 
111 105 
25 172 
150 171 
132 56 
83 60 
50 57 
9 56 
40 5 
132 59 
7 23 
83 62 
106 96 
30 139 
76 33 
71 59 
87 114 
141 104 
22 68 
132 98 
38 57 
112 87 
53 165 
140 16 
73 154 
70 46 
128 20 
156 49 
25 55 
140 29 
87 171 
96 25 
48 107 
17 108 
167 143 
93 143 
137 86 
36 160 
149 65 
145 74 
46 13 
151 56 
49 122 
151 32 
158 33 
43 90 
64 39 
117 24 
163 73 
93 88 
85 32 
146 6 
44 49 
7 6 
140 17 
112 173 
158 52 
88 61 
46 19 
116 98 
119 163 
146 5 
64 74 
147 40 
24 68 
7 32 
78 128 
48 111 
77 34 
58 87 
100 169 
157 138 
92 131 
68 123 
140 3 
158 14 
5 41 
5 2 
133 25 
51 21 
101 104 
51 117 
35 16 
171 130 
65 150 
156 65 
39 44 
37 112 
146 111 
22 104 
134 28 
99 35 
163 20 
35 95 
137 24 
155 82 
136 72 
66 142 
23 88 
111 148 
115 37 
115 15 
47 39 
48 77 
135 33 
170 132 
6 61 
163 105 
6 48 
19 160 
126 82 
90 44 
101 123 
154 88 
126 83 
4 101 
143 173 
60 54 
42 2 
10 62 
32 111 
158 77 
105 62 
30 119 
115 124 
155 142 
19 21 
142 3 
141 88 
170 14 
34 157 
63 34 
7 45 
124 43 
149 35 
38 151 
82 159 
39 127 
9 66 
139 38 
128 52 
102 44 
170 109 
61 52 
32 95 
169 39 
45 170 
168 93 
126 69 
124 66 
104 145 
150 94 
107 167 
34 33 
140 61 
18 119 
149 43 
151 37 
101 125 
87 102 
124 150 
21 22 
134 90 
4 71 
33 69 
74 24 
60 91 
133 62 
37 161 
87 150 
93 149 
132 168 
91 145 
160 171 
7 147 
167 160 
6 143 
9 105 
43 166 
61 139 
13 154 
172 167 
16 137 
125 110 
10 67 
87 50 
171 173 
83 8 
77 151 
168 152 
42 15 
58 91 
34 126 
65 63 
164 120 
158 74 
100 40 
113 39 
73 2 
145 1 
59 110 
147 159 
59 90 
14 98 
148 13 
31 99 
17 105 
123 98 
66 78 
22 55 
81 50 
34 1 
129 124 
78 168 
9 115 
24 12 
2 111 
162 6 
74 36 
51 82 
24 39 
30 143 
155 18 
17 128 
112 164 
155 110 
70 92 
60 58 
3 99 
115 121 
93 132 
73 123 
140 23 
43 143 
115 59 
68 171 
3 51 
12 31 
4 168 
22 158 
56 148 
151 87 
154 161 
134 121 
145 3 
162 99 
16 133 
37 129 
94 44 
102 57 
144 129 
81 16 
14 107 
126 51 
101 167 
72 135 
137 34 
145 90 
166 162 
73 35 
78 56 
152 13 
104 4 
142 33 
170 58 
13 101 
2 138 
101 127 
13 143 
140 69 
111 166 
142 44 
49 77 
24 83 
38 16 
10 125 
150 19 
169 142 
21 143 
128 70 
38 113 
83 1 
83 72 
148 83 
66 42 
114 118 
42 76 
82 67 
129 46 
52 161 
69 133 
14 113 
149 22 
13 52 
31 77 
111 35 
109 13 
8 70 
145 22 
33 116 
152 149 
109 55 
150 21 
140 169 
114 124 
144 57 
11 82 
10 24 
108 81 
141 53 
40 1 
51 20 
11 127 
78 170 
158 117 
72 89 
22 123 
123 138 
33 162 
107 68 
168 72 
163 143 
81 142 
50 76 
46 68 
41 29 
96 136 
97 103 
2 52 
47 146 
59 98 
130 88 
32 116 
172 28 
3 65 
159 129 
99 148 
155 80 
92 42 
92 49 
172 139 
166 131 
154 74 
59 95 
103 11 
138 100 
161 69 
110 101 
36 108 
21 49 
44 18 
63 37 
23 31 
56 114 
41 28 
89 68 
158 111 
69 39 
136 43 
23 167 
23 100 
111 73 
93 15 
170 11 
110 131 
59 63 
102 128 
106 20 
85 1 
112 49 
31 155 
139 132 
97 144 
121 29 
49 66 
89 39 
104 143 
75 15 
98 95 
74 27 
70 112 
148 124 
154 17 
91 169 
20 98 
47 15 
146 43 
162 140 
60 89 
115 93 
70 67 
30 65 
47 82 
39 13 
75 37 
166 123 
23 104 
145 150 
158 126 
12 82 
118 94 
127 24 
47 148 
146 1 
168 46 
155 114 
132 55 
48 130 
112 77 
101 87 
111 155 
83 44 
123 134 
1 76 
135 66 
90 154 
25 157 
134 70 
62 54 
164 130 
62 69 
54 67 
14 168 
51 65 
17 71 
128 7 
10 117 
68 12 
32 102 
122 21 
47 26 
44 13 
61 90 
172 59 
24 121 
101 132 
135 125 
169 94 
133 147 
115 78 
101 169 
3 170 
11 26 
122 108 
139 144 
26 30 
122 46 
25 39 
11 31 
109 145 
95 62 
166 20 
82 23 
65 39 
134 75 
66 72 
12 152 
18 33 
144 141 
77 4 
164 59 
52 10 
111 47 
61 159 
40 18 
61 16 
84 48 
33 129 
104 87 
25 73 
12 106 
155 86 
106 110 
9 72 
30 18 
128 134 
161 29 
60 144 
112 16 
140 80 
154 60 
67 66 
132 15 
18 81 
124 98 
46 105 
169 62 
114 173 
27 20 
51 28 
91 26 
129 96 
62 116 
1 122 
54 149 
8 73 
91 72 
136 12 
3 148 
4 78 
73 24 
171 115 
43 54 
132 134 
144 86 
136 11 
172 155 
16 12 
7 105 
115 98 
114 45 
159 99 
47 101 
173 156 
5 9 
135 37 
131 29 
158 80 
50 70 
157 99 
120 97 
116 53 
70 110 
159 118 
105 1 
138 44 
38 26 
159 20 
17 82 
153 47 
28 132 
52 129 
60 32 
99 20 
21 112 
87 35 
62 71 
148 45 
71 89 
162 127 
70 139 
76 7 
46 54 
156 115 
166 154 
13 173 
45 34 
161 42 
164 3 
149 115 
104 106 
171 38 
107 172 
18 10 
57 115 
2 153 
122 35 
146 69 
41 75 
162 107 
131 23 
46 169 
1 129 
172 80 
100 81 
14 143 
137 60 
168 21 
63 95 
67 1 
27 157 
64 43 
32 98 
157 120 
148 82 
157 14 
20 110 
27 47 
42 122 
106 150 
140 100 
112 165 
93 160 
54 98 
91 142 
142 164 
104 114 
10 8 
15 135 
72 71 
134 48 
166 45 
161 15 
155 126 
155 51 
76 156 
14 122 
143 34 
119 42 
158 105 
108 155 
107 69 
39 16 
80 99 
80 128 
37 159 
38 27 
113 165 
164 152 
59 12 
15 71 
138 154 
22 78 
13 110 
12 126 
14 66 
153 36 
55 41 
84 85 
21 72 
110 151 
8 80 
114 107 
170 85 
2 98 
42 157 
35 172 
99 169 
111 124 
9 30 
15 21 
118 72 
39 43 
82 143 
24 91 
62 67 
126 30 
40 82 
111 8 
147 109 
90 167 
134 60 
34 86 
125 80 
77 36 
35 102 
160 159 
67 135 
67 39 
103 84 
65 12 
156 171 
103 34 
21 148 
59 117 
110 93 
163 118 
20 103 
156 27 
147 145 
85 57 
15 9 
30 131 
69 94 
4 135 
132 162 
70 14 
127 52 
84 97 
71 76 
172 159 
170 36 
88 123 
116 11 
94 162 
143 135 
78 91 
125 146 
92 77 
19 60 
96 130 
138 41 
76 143 
131 55 
129 158 
43 85 
145 94 
106 163 
69 154 
98 16 
128 84 
18 170 
126 160 
23 153 
90 155 
95 157 
3 69 
47 140 
116 171 
97 36 
144 169 
54 111 
51 149 
17 60 
33 86 
59 142 
94 29 
153 14 
134 26 
91 120 
11 18 
12 155 
86 91 
132 52 
159 31 
48 50 
82 104 
118 12 
142 90 
30 114 
155 41 
75 30 
109 146 
61 113 
21 100 
146 135 
92 124 
6 95 
133 5 
81 167 
17 95 
64 33 
90 136 
29 37 
114 129 
74 78 
81 163 
128 75 
6 94 
96 155 
54 102 
80 164 
56 124 
144 51 
49 171 
105 143 
35 164 
158 141 
4 161 
169 134 
153 62 
97 30 
84 147 
96 146 
80 154 
8 7 
129 97 
154 6 
122 59 
147 47 
161 61 
130 75 
148 143 
93 4 
125 136 
157 145 
125 49 
154 70 
49 110 
36 117 
65 96 
59 38 
136 102 
115 172 
16 91 
49 139 
153 77 
29 60 
2 154 
114 88 
123 72 
102 31 
11 131 
3 172 
66 51 
78 165 
3 158 
21 24 
42 37 
97 81 
141 59 
2 142 
84 138 
142 31 
42 56 
37 98 
147 23 
124 120 
108 7 
155 24 
135 25 
134 172 
149 33 
48 146 
164 126 
43 121 
169 16 
69 17 
72 31 
99 146 
103 75 
100 164 
67 165 
8 11 
117 140 
12 135 
162 88 
160 7 
4 100 
85 58 
25 67 
6 114 
78 9 
62 55 
157 137 
13 69 
126 161 
107 96 
116 126 
166 30 
45 134 
6 155 
129 13 
93 34 
149 127 
28 68 
13 94 
33 63 
79 73 
124 107 
61 163 
117 5 
117 173 
9 166 
78 99 
123 172 
60 171 
169 69 
44 7 
156 71 
42 82 
109 28 
135 46 
19 31 
18 75 
34 26 
56 3 
153 101 
96 105 
92 59 
53 59 
68 64 
76 150 
1 173 
54 17 
146 126 
111 31 
39 71 
128 161 
96 152 
56 123 
55 23 
105 78 
163 162 
142 171 
167 166 
80 68 
55 112 
69 78 
148 70 
124 18 
27 42 
128 95 
134 173 
75 167 
21 95 
6 119 
38 115 
98 36 
125 151 
98 168 
26 65 
3 98 
166 81 
45 118 
131 116 
32 6 
69 144 
20 161 
128 158 
106 16 
133 8 
144 109 
56 69 
9 67 
112 150 
114 154 
72 11 
69 58 
66 10 
1 167 
27 11 
152 59 
41 101 
50 127 
87 115 
148 105 
166 168 
62 144 
15 110 
153 141 
19 85 
40 42 
116 145 
39 36 
127 34 
118 100 
67 47 
127 82 
163 88 
145 93 
94 97 
173 10 
109 173 
5 24 
29 96 
96 94 
164 108 
75 173 
142 10 
14 62 
66 60 
107 109 
164 122 
71 40 
156 166 
157 6 
31 68 
125 132 
17 31 
95 51 
120 101 
81 121 
115 17 
2 56 
56 73 
149 87 
5 7 
15 5 
29 64 
168 90 
152 74 
76 139 
46 99 
126 144 
132 159 
142 139 
70 66 
83 134 
53 69 
53 45 
57 78 
137 55 
50 92 
64 151 
110 26 
44 100 
111 84 
2 71 
113 163 
153 81 
161 35 
35 31 
18 56 
169 47 
126 19 
112 144 
86 71 
48 120 
150 123 
77 115 
90 57 
55 2 
81 56 
16 18 
118 165 
125 42 
160 20 
21 62 
113 71 
11 2 
27 96 
3 38 
79 15 
107 118 
144 12 
157 110 
111 122 
25 148 
60 8 
17 26 
81 51 
106 141 
92 11 
118 166 
154 139 
121 34 
31 6 
170 105 
5 130 
157 21 
169 9 
39 144 
164 155 
89 42 
166 39 
64 35 
83 10 
16 147 
9 167 
21 154 
8 149 
11 173 
5 169 
59 151 
127 167 
94 93 
113 122 
25 102 
132 16 
143 32 
117 105 
99 6 
16 75 
162 100 
67 155 
91 119 
168 92 
120 171 
139 46 
149 117 
84 20 
16 60 
47 159 
105 48 
156 112 
78 35 
45 73 
41 154 
139 104 
58 153 
38 161 
53 162 
12 163 
49 23 
76 66 
1 157 
113 10 
149 7 
47 166 
164 125 
72 79 
155 32 
133 100 
51 130 
120 8 
2 31 
155 89 
155 58 
52 41 
110 132 
139 101 
151 23 
26 67 
48 106 
98 13 
108 159 
109 153 
55 161 
118 140 
39 84 
167 163 
11 139 
72 47 
124 144 
29 134 
44 17 
68 158 
167 55 
40 156 
118 30 
156 22 
57 81 
52 18 
6 132 
67 31 
95 20 
103 170 
136 163 
76 2 
123 75 
74 37 
39 97 
100 105 
7 111 
3 123 
119 79 
87 154 
137 85 
63 83 
92 98 
96 34 
154 71 
25 86 
52 144 
67 118 
124 50 
90 65 
137 8 
71 103 
124 31 
81 37 
106 94 
152 119 
167 94 
95 85 
62 162 
121 173 
27 67 
55 157 
147 172 
108 115 
104 102 
11 59 
31 169 
154 45 
21 103 
84 11 
131 113 
157 36 
118 18 
151 4 
127 151 
160 22 
172 94 
170 48 
34 39 
47 136 
24 170 
70 113 
125 161 
158 70 
156 10 
51 84 
28 62 
125 38 
114 110 
139 9 
146 79 
84 132 
173 50 
93 22 
47 64 
88 119 
167 52 
44 93 
96 108 
89 70 
39 12 
88 173 
14 52 
52 152 
168 29 
37 125 
91 7 
101 63 
106 29 
163 140 
167 34 
154 19 
73 48 
5 140 
147 136 
38 122 
91 92 
91 50 
30 15 
23 130 
63 42 
146 42 
22 29 
30 156 
63 148 
68 140 
74 15 
47 13 
126 57 
9 97 
38 127 
69 143 
108 111 
155 46 
68 155 
4 18 
171 86 
83 7 
173 26 
154 105 
38 112 
45 18 
170 131 
142 121 
34 32 
3 61 
124 109 
54 88 
30 95 
95 39 
19 63 
90 16 
108 12 
75 73 
58 29 
9 165 
81 1 
4 2 
87 72 
172 114 
103 15 
41 145 
45 92 
113 116 
93 25 
164 19 
135 62 
164 144 
49 143 
57 124 
160 65 
161 22 
53 119 
162 146 
128 118 
161 28 
25 15 
137 9 
87 143 
110 156 
52 122 
89 97 
164 106 
23 56 
56 17 
140 63 
3 17 
156 54 
111 90 
115 65 
88 43 
166 83 
81 65 
110 167 
144 150 
4 82 
55 172 
90 74 
90 104 
46 48 
95 93 
5 141 
73 60 
95 169 
86 161 
106 22 
155 131 
13 133 
132 65 
21 64 
93 172 
26 22 
43 87 
148 121 
69 129 
56 166 
54 164 
142 149 
52 156 
47 69 
108 170 
132 121 
135 73 
38 147 
126 15 
116 70 
74 34 
91 118 
53 94 
115 62 
40 77 
143 95 
159 97 
9 102 
71 164 
96 57 
84 134 
123 87 
142 135 
2 87 
73 100 
28 59 
73 166 
96 14 
163 155 
81 55 
6 141 
102 130 
169 71 
63 159 
124 83 
149 118 
125 87 
79 156 
72 105 
61 82 
43 20 
62 26 
8 169 
131 22 
172 156 
145 99 
41 20 
7 89 
36 66 
70 78 
50 97 
126 36 
141 117 
25 153 
77 30 
173 97 
136 123 
59 33 
161 159 
87 122 
91 22 
65 40 
110 65 
105 110 
153 125 
32 126 
120 99 
94 72 
1 68 
20 35 
68 142 
21 29 
29 138 
25 6 
114 121 
44 123 
100 31 
108 117 
27 140 
6 56 
144 89 
48 57 
29 169 
52 24 
45 100 
162 75 
60 148 
27 26 
79 94 
156 16 
161 139 
13 53 
116 94 
56 15 
67 20 
122 16 
81 92 
79 158 
70 12 
169 72 
58 162 
129 43 
94 122 
46 145 
5 110 
81 74 
70 160 
95 138 
87 34 
71 30 
59 4 
73 122 
122 143 
51 151 
90 127 
60 116 
31 82 
4 99 
113 94 
127 131 
107 91 
112 109 
56 71 
14 50 
1 74 
33 118 
36 35 
33 46 
39 98 
155 64 
56 104 
165 40 
137 67 
156 118 
96 111 
106 142 
162 42 
161 160 
65 46 
12 115 
5 1 
77 82 
79 12 
135 57 
86 38 
125 148 
111 83 
62 18 
26 3 
3 92 
86 43 
143 2 
21 129 
127 109 
103 146 
90 114 
166 86 
55 67 
53 12 
55 146 
83 156 
81 25 
128 159 
131 40 
100 76 
13 92 
53 49 
172 10 
33 55 
11 118 
45 21 
51 63 
141 45 
106 118 
25 38 
107 98 
166 46 
135 97 
107 117 
159 153 
5 147 
139 129 
49 19 
120 155 
161 95 
110 160 
50 119 
140 160 
34 64 
49 30 
66 82 
32 64 
136 149 
133 93 
59 150 
18 43 
32 121 
100 1 
28 163 
101 141 
104 58 
99 60 
133 124 
121 90 
72 116 
35 61 
62 159 
21 53 
151 19 
17 83 
76 110 
56 137 
146 151 
32 114 
97 102 
169 116 
156 60 
140 58 
74 92 
20 77 
22 40 
45 12 
52 46 
113 89 
146 127 
2 115 
150 75 
32 123 
92 100 
130 24 
89 132 
35 137 
102 62 
158 71 
169 48 
91 151 
49 124 
71 24 
158 92 
141 121 
126 63 
2 161 
82 120 
41 120 
73 46 
171 158 
71 120 
152 18 
16 146 
167 142 
111 4 
36 20 
120 73 
136 25 
168 147 
123 58 
163 137 
37 83 
49 131 
87 128 
93 126 
163 104 
120 83 
34 57 
47 10 
133 103 
133 104 
62 122 
157 77 
21 166 
1 62 
69 85 
99 155 
52 70 
119 110 
73 3 
163 77 
161 24 
105 123 
41 157 
8 142 
54 9 
82 111 
18 28 
95 1 
108 71 
68 85 
98 4 
104 123 
153 46 
128 28 
68 173 
120 143 
33 19 
79 141 
151 173 
64 116 
47 93 
71 45 
114 80 
36 172 
123 102 
170 70 
166 11 
79 153 
23 172 
126 16 
28 15 
85 70 
56 47 
155 92 
135 100 
122 57 
173 125 
160 155 
142 22 
112 159 
103 161 
133 22 
154 51 
45 33 
57 74 
42 120 
172 162 
77 33 
99 83 
156 70 
138 127 
144 137 
122 32 
72 52 
150 95 
62 156 
166 10 
39 120 
119 36 
84 131 
99 93 
25 128 
168 41 
129 136 
54 26 
111 61 
160 37 
109 58 
166 135 
47 48 
22 168 
167 111 
64 157 
7 51 
69 158 
27 82 
72 13 
82 81 
105 19 
150 165 
168 164 
101 76 
34 169 
135 54 
117 28 
127 65 
163 51 
25 70 
161 101 
57 39 
164 28 
85 63 
144 140 
10 21 
76 10 
71 109 
18 15 
23 158 
144 159 
122 9 
136 54 
21 124 
87 159 
122 89 
63 30 
116 100 
153 31 
23 14 
8 121 
19 68 
158 148 
134 11 
164 24 
69 103 
114 113 
151 73 
33 58 
120 105 
18 71 
27 65 
115 54 
113 99 
81 75 
131 90 
102 101 
6 148 
139 44 
102 34 
45 20 
44 10 
37 80 
149 55 
93 45 
115 159 
145 129 
41 153 
166 155 
153 42 
57 35 
8 61 
47 83 
86 70 
26 73 
145 10 
102 118 
89 28 
31 146 
98 7 
117 72 
139 125 
173 98 
108 44 
133 33 
163 166 
121 84 
148 12 
159 78 
67 92 
168 142 
100 134 
128 101 
17 159 
151 143 
104 110 
29 36 
26 119 
162 26 
40 91 
48 122 
41 79 
95 56 
130 62 
43 133 
60 128 
81 145 
69 166 
54 116 
81 54 
52 171 
56 22 
111 18 
167 68 
70 117 
35 50 
13 159 
119 41 
86 145 
93 62 
87 30 
10 13 
50 36 
157 57 
25 52 
110 48 
49 82 
56 28 
59 35 
80 127 
95 119 
81 129 
133 60 
25 165 
127 43 
162 23 
26 144 
46 154 
150 17 
155 65 
58 152 
48 65 
15 67 
132 14 
23 155 
46 17 
17 55 
36 9 
114 50 
113 143 
120 15 
64 40 
1 134 
126 140 
63 35 
167 41 
82 45 
14 29 
27 94 
29 54 
54 61 
146 173 
45 128 
5 58 
170 66 
65 59 
20 151 
154 67 
58 115 
135 157 
170 135 
3 117 
72 108 
124 23 
119 116 
24 158 
134 106 
129 45 
169 149 
2 17 
110 46 
78 67 
34 109 
61 28 
2 110 
87 45 
87 37 
43 48 
65 21 
65 94 
63 74 
23 61 
42 28 
37 76 
100 2 
41 116 
116 110 
159 43 
82 39 
167 46 
172 30 
161 65 
140 20 
146 131 
139 146 
173 38 
90 18 
66 127 
103 90 
93 16 
168 153 
145 8 
18 131 
112 113 
80 42 
94 71 
59 155 
42 108 
156 35 
102 22 
169 131 
13 149 
35 125 
99 10 
15 86 
41 129 
66 3 
97 44 
90 158 
15 26 
64 156 
131 88 
100 125 
35 100 
114 41 
147 72 
170 168 
119 57 
34 153 
121 38 
29 19 
68 146 
79 70 
54 129 
7 116 
86 44 
122 149 
82 24 
88 73 
157 63 
76 59 
130 33 
140 148 
61 148 
170 152 
159 138 
106 136 
170 90 
64 26 
135 133 
32 9 
54 42 
5 119 
18 100 
16 76 
137 95 
146 25 
125 96 
18 69 
121 31 
25 160 
39 8 
74 28 
66 12 
126 29 
119 113 
123 152 
79 16 
32 31 
77 50 
82 110 
119 120 
47 106 
168 129 
156 101 
10 140 
25 7 
80 10 
153 117 
107 166 
126 66 
79 101 
38 23 
17 156 
68 91 
23 142 
97 145 
30 161 
52 12 
85 123 
107 26 
59 136 
129 119 
76 151 
34 108 
144 55 
77 35 
170 116 
4 64 
114 144 
34 119 
58 44 
35 26 
5 118 
149 26 
172 119 
7 73 
51 2 
126 88 
120 59 
42 41 
19 97 
101 52 
13 105 
164 72 
173 103 
12 30 
172 26 
7 142 
50 134 
60 96 
19 64 
27 1 
86 167 
103 99 
72 78 
143 37 
161 155 
136 94 
121 101 
34 140 
150 78 
112 46 
23 83 
60 136 
70 29 
89 51 
141 149 
8 118 
150 137 
66 99 
135 61 
85 152 
93 166 
3 106 
135 80 
43 73 
83 54 
17 5 
42 10 
20 132 
25 33 
93 103 
62 106 
93 105 
131 16 
76 34 
38 43 
114 81 
6 166 
51 157 
56 157 
13 67 
105 88 
84 13 
25 119 
134 23 
13 82 
160 56 
140 66 
165 109 
153 3 
122 64 
158 72 
138 139 
2 141 
61 93 
99 118 
158 173 
21 73 
173 78 
90 99 
166 40 
17 120 
108 133 
113 62 
95 24 
129 10 
85 143 
22 74 
84 89 
153 89 
107 147 
57 139 
64 15 
40 117 
18 173 
130 142 
95 53 
127 129 
119 127 
133 39 
107 121 
145 52 
73 5 
90 66 
141 98 
56 19 
115 118 
109 139 
109 40 
162 5 
29 97 
32 150 
123 121 
18 130 
122 61 
49 109 
136 100 
141 11 
55 107 
82 173 
52 48 
105 130 
154 8 
38 96 
143 63 
41 35 
88 120 
131 14 
157 80 
113 144 
111 171 
100 149 
16 95 
122 131 
39 131 
54 18 
128 13 
74 125 
42 79 
156 77 
166 61 
116 135 
63 107 
130 82 
82 129 
9 45 
114 12 
105 22 
59 130 
94 153 
136 48 
70 161 
78 65 
27 16 
22 36 
31 15 
130 107 
144 108 
43 103 
170 128 
30 48 
88 48 
165 158 
165 26 
32 73 
156 29 
46 111 
75 141 
153 64 
9 71 
118 81 
135 64 
103 19 
139 58 
35 13 
73 66 
92 65 
122 115 
45 25 
133 144 
104 41 
117 91 
155 57 
123 18 
140 137 
63 4 
150 28 
66 81 
58 59 
59 52 
4 67 
13 161 
27 148 
18 13 
68 114 
59 158 
74 123 
140 116 
144 2 
21 31 
53 50 
70 53 
73 158 
12 124 
1 103 
141 154 
158 27 
82 78 
65 54 
170 7 
86 58 
43 167 
11 62 
23 112 
131 57 
59 15 
98 82 
141 87 
82 55 
90 76 
45 109 
33 127 
31 8 
62 12 
168 101 
163 92 
153 142 
23 170 
128 139 
162 34 
154 96 
3 32 
61 79 
39 141 
81 76 
112 146 
170 39 
59 36 
158 88 
129 113 
85 115 
35 98 
159 136 
29 34 
143 58 
11 168 
41 61 
99 158 
21 36 
40 121 
129 32 
3 157 
115 88 
10 92 
158 95 
169 66 
92 118 
70 173 
151 41 
117 71 
18 2 
84 100 
10 40 
4 14 
114 66 
171 4 
145 32 
127 28 
36 83 
9 93 
113 65 
61 116 
46 72 
137 61 
136 56 
135 144 
168 144 
101 42 
63 158 
138 152 
109 115 
35 147 
14 103 
118 75 
153 80 
73 53 
141 62 
142 83 
109 83 
71 75 
159 19 
37 38 
110 149 
20 19 
7 31 
87 131 
3 82 
44 84 
24 99 
24 171 
6 71 
114 163 
84 63 
129 108 
63 146 
87 116 
103 82 
71 144 
140 4 
6 161 
160 75 
93 128 
32 74 
147 150 
20 29 
11 130 
50 56 
17 173 
173 5 
67 94 
11 144 
129 134 
114 79 
130 152 
17 122 
64 76 
51 43 
70 55 
117 104 
62 70 
127 120 
16 160 
62 48 
169 166 
120 95 
16 40 
9 29 
88 147 
165 148 
128 133 
17 130 
164 18 
50 44 
129 64 
14 109 
75 133 
61 76 
41 105 
8 88 
47 122 
89 123 
81 159 
31 52 
100 97 
131 61 
96 3 
166 158 
9 65 
99 2 
146 22 
85 99 
89 35 
67 127 
78 8 
146 11 
87 53 
93 124 
36 48 
13 6 
113 36 
116 165 
19 108 
21 59 
123 148 
161 137 
43 119 
15 36 
24 29 
72 165 
165 123 
121 88 
51 56 
160 2 
45 4 
113 136 
36 133 
79 23 
160 88 
133 71 
112 90 
33 112 
121 125 
28 171 
10 97 
168 86 
64 115 
50 121 
90 97 
11 33 
12 36 
2 126 
156 133 
156 123 
31 86 
67 107 
52 155 
161 170 
37 69 
105 26 
43 145 
52 117 
164 22 
94 70 
5 108 
154 27 
106 54 
147 10 
71 143 
66 130 
61 149 
22 43 
68 170 
130 161 
163 116 
65 8 
23 103 
61 85 
24 104 
133 83 
168 82 
31 60 
105 52 
70 48 
80 108 
68 8 
142 113 
6 139 
17 1 
109 64 
81 68 
164 76 
65 83 
59 143 
72 163 
82 48 
89 69 
3 105 
50 93 
66 165 
107 70 
28 37 
96 58 
145 24 
66 107 
119 49 
165 76 
27 106 
9 116 
89 114 
94 117 
31 25 
122 27 
2 29 
79 63 
120 147 
161 121 
136 37 
21 1 
61 105 
70 124 
71 115 
82 145 
6 9 
129 20 
162 16 
117 136 
122 88 
94 173 
80 43 
46 98 
65 24 
126 106 
49 2 
78 152 
97 31 
68 112 
79 39 
31 161 
116 18 
15 95 
121 66 
29 92 
72 161 
59 170 
56 46 
43 83 
53 100 
15 105 
65 47 
15 8 
21 97 
15 148 
145 146 
43 170 
133 109 
170 17 
29 33 
16 96 
121 5 
139 168 
151 120 
146 15 
7 165 
1 158 
130 121 
65 134 
173 81 
9 81 
26 71 
86 40 
141 4 
86 10 
159 91 
146 46 
69 97 
40 30 
172 158 
97 149 
143 88 
172 154 
143 68 
77 67 
171 34 
60 42 
29 129 
157 127 
30 72 
27 9 
102 17 
164 95 
138 141 
35 82 
48 85 
3 42 
57 23 
150 107 
35 167 
32 149 
46 38 
114 26 
40 67 
114 98 
8 108 
127 93 
95 86 
15 99 
127 122 
68 15 
110 62 
51 146 
81 4 
121 150 
71 55 
48 109 
110 130 
152 117 
64 90 
43 108 
141 3 
86 113 
33 137 
98 164 
162 25 
30 5 
129 22 
87 11 
69 80 
10 55 
12 2 
158 11 
23 123 
54 159 
100 163 
20 117 
77 137 
141 118 
40 2 
1 143 
12 131 
153 37 
138 11 
152 69 
152 165 
128 110 
106 36 
74 88 
65 147 
156 106 
18 39 
151 166 
115 23 
109 27 
137 10 
76 88 
101 30 
17 62 
8 46 
36 8 
72 45 
103 120 
110 32 
6 116 
61 160 
129 170 
114 19 
134 53 
119 40 
53 71 
55 61 
17 8 
106 85 
30 82 
35 92 
125 157 
31 30 
9 134 
112 9 
147 170 
74 109 
114 132 
146 132 
160 31 
133 44 
61 78 
90 38 
161 132 
67 136 
173 8 
144 46 
48 166 
9 129 
100 87 
135 53 
168 23 
137 88 
123 170 
54 123 
118 97 
22 110 
2 80 
12 117 
138 58 
96 63 
93 80 
86 80 
145 130 
150 8 
121 68 
165 88 
165 89 
12 18 
26 53 
100 130 
121 128 
51 25 
53 84 
161 8 
74 153 
124 55 
50 94 
123 77 
54 170 
170 91 
17 160 
44 36 
31 27 
6 98 
98 33 
127 155 
93 161 
61 97 
13 25 
13 11 
99 55 
49 48 
65 102 
94 8 
48 102 
74 144 
76 97 
52 98 
15 152 
64 146 
67 166 
129 150 
147 92 
23 77 
151 35 
157 17 
81 152 
39 153 
77 96 
147 52 
122 105 
117 85 
36 70 
45 117 
119 147 
52 95 
104 100 
35 109 
110 143 
145 64 
46 125 
37 122 
156 91 
164 173 
163 156 
165 75 
36 89 
131 78 
50 32 
143 84 
140 129 
119 24 
42 72 
31 34 
158 84 
163 101 
60 104 
5 139 
97 70 
166 65 
136 16 
155 81 
82 149 
126 150 
124 106 
66 56 
19 57 
158 122 
133 94 
136 78 
143 56 
30 32 
172 60 
79 155 
46 4 
173 60 
106 130 
5 11 
57 86 
59 46 
52 157 
21 111 
32 168 
21 37 
12 71 
17 110 
108 67 
42 57 
99 40 
103 41 
159 120 
132 27 
166 106 
74 77 
160 151 
34 61 
101 95 
77 38 
58 43 
119 96 
111 173 
23 48 
145 105 
155 93 
4 95 
97 2 
168 58 
89 112 
131 69 
40 101 
131 34 
27 173 
119 99 
53 15 
163 13 
165 140 
1 7 
172 29 
127 56 
103 106 
95 167 
28 147 
139 71 
6 118 
173 53 
104 151 
79 21 
144 84 
41 144 
80 62 
42 121 
5 156 
14 17 
91 82 
105 51 
131 24 
62 73 
71 123 
161 136 
148 22 
157 61 
163 84 
139 26 
124 77 
83 173 
153 63 
64 17 
6 40 
23 91 
151 62 
101 32 
133 59 
68 90 
65 143 
119 52 
52 58 
67 14 
109 94 
140 108 
132 130 
173 80 
60 1 
49 75 
99 140 
134 80 
93 75 
99 102 
33 155 
165 126 
114 48 
25 71 
156 107 
78 27 
31 134 
154 146 
126 55 
112 152 
40 139 
7 159 
160 50 
58 46 
74 21 
46 55 
54 12 
10 135 
92 127 
34 55 
35 144 
120 70 
143 111 
128 157 
89 94 
170 100 
130 12 
64 2 
54 117 
63 154 
25 74 
111 102 
105 125 
94 48 
63 128 
129 109 
150 56 
94 57 
50 33 
46 136 
12 161 
109 61 
6 128 
22 139 
69 172 
45 19 
127 12 
18 101 
108 126 
135 56 
23 30 
60 123 
60 80 
153 72 
92 165 
108 68 
68 51 
112 5 
60 102 
163 99 
26 24 
72 77 
119 10 
96 150 
75 120 
92 146 
43 75 
25 17 
24 151 
146 130 
76 29 
95 23 
15 107 
97 123 
40 126 
166 7 
143 46 
120 158 
152 17 
101 14 
64 70 
153 16 
167 153 
42 64 
113 172 
32 29 
57 151 
35 22 
72 124 
65 107 
22 44 
144 145 
39 87 
133 98 
53 130 
1 51 
17 61 
116 31 
22 169 
133 1 
94 54 
41 127 
11 115 
89 29 
41 34 
169 30 
137 37 
26 117 
46 80 
140 90 
118 46 
121 111 
26 10 
41 91 
157 126 
100 27 
7 158 
144 16 
60 107 
10 71 
86 147 
43 154 
65 32 
87 107 
68 83 
25 110 
108 99 
173 61 
163 168 
112 69 
37 138 
65 169 
157 158 
34 9 
109 126 
97 161 
56 29 
148 164 
149 25 
32 23 
106 60 
97 155 
116 132 
82 112 
111 118 
64 127 
107 3 
111 144 
97 47 
120 69 
73 9 
31 91 
134 57 
63 115 
57 69 
141 94 
19 128 
141 66 
132 67 
77 80 
86 75 
28 138 
50 141 
52 76 
4 103 
53 17 
53 109 
151 83 
53 61 
154 28 
135 104 
161 105 
124 117 
19 149 
109 154 
66 101 
159 36 
116 37 
159 50 
42 45 
93 159 
74 71 
127 144 
151 53 
134 14 
99 62 
128 154 
121 74 
26 135 
158 106 
26 159 
78 17 
27 147 
156 148 
132 164 
74 137 
46 137 
13 70 
57 52 
46 102 
100 115 
160 90 
19 37 
65 35 
136 49 
24 30 
148 16 
54 33 
67 164 
122 25 
98 5 
97 164 
131 125 
166 71 
171 136 
109 123 
118 173 
162 32 
94 85 
127 133 
22 150 
64 60 
48 143 
58 147 
34 156 
112 129 
106 74 
109 65 
167 32 
9 130 
85 71 
