117 3020 
183 165 28 196 137 250 286 80 209 64 157 72 267 259 238 164 236 166 93 185 261 201 19 201 192 215 270 92 297 3 260 153 51 179 116 39 126 263 289 299 110 243 269 289 97 53 165 173 295 71 21 157 66 107 162 61 11 116 101 44 244 20 77 260 263 44 294 120 210 36 206 65 268 145 223 36 264 174 104 194 140 277 272 134 163 152 2 294 15 103 53 177 31 10 151 27 266 233 42 38 282 122 165 218 127 21 152 152 31 82 221 228 238 173 185 194 209 
51 19 
86 7 
24 117 
69 20 
97 32 
70 10 
67 73 
62 32 
96 27 
42 14 
70 72 
52 108 
73 48 
51 18 
84 23 
7 26 
10 19 
74 15 
49 92 
24 58 
99 5 
77 49 
99 81 
18 116 
27 40 
52 84 
31 30 
39 36 
73 89 
98 4 
98 114 
25 105 
103 67 
60 11 
60 14 
68 41 
105 20 
15 94 
109 75 
3 27 
8 107 
22 27 
113 44 
110 79 
36 74 
53 61 
23 27 
74 50 
97 112 
63 37 
117 63 
19 16 
103 41 
86 33 
36 112 
70 114 
78 3 
69 112 
70 107 
76 70 
62 51 
66 76 
117 75 
77 16 
98 43 
114 1 
108 85 
78 49 
53 10 
57 116 
57 7 
117 35 
33 50 
14 29 
110 64 
104 7 
17 28 
103 58 
33 14 
6 112 
107 85 
114 10 
23 81 
97 102 
7 51 
46 78 
79 2 
16 79 
71 104 
110 97 
113 18 
75 116 
117 115 
45 111 
15 110 
23 56 
23 105 
1 15 
103 111 
91 69 
5 36 
11 95 
106 91 
17 33 
83 96 
94 42 
81 12 
105 80 
11 97 
64 79 
87 36 
2 106 
2 33 
68 80 
16 66 
113 52 
13 53 
83 99 
99 38 
62 43 
58 86 
49 9 
36 26 
116 4 
96 39 
109 102 
73 102 
2 3 
70 38 
34 82 
50 25 
57 13 
83 74 
38 109 
79 15 
37 90 
105 108 
110 51 
93 31 
96 73 
98 15 
39 55 
13 40 
102 108 
12 80 
100 30 
83 39 
100 16 
37 12 
89 24 
80 76 
4 79 
79 94 
60 48 
111 57 
70 13 
93 109 
82 9 
41 75 
35 11 
99 112 
27 91 
71 91 
35 34 
27 48 
14 5 
102 47 
73 18 
115 88 
91 90 
67 81 
112 103 
66 65 
82 89 
6 100 
99 91 
49 6 
97 58 
34 3 
7 20 
3 114 
114 86 
77 8 
110 71 
33 99 
111 14 
101 91 
88 63 
110 54 
71 107 
92 74 
106 84 
29 91 
27 88 
70 34 
55 80 
112 60 
34 102 
71 82 
20 38 
82 76 
48 49 
65 112 
40 98 
10 18 
14 115 
84 98 
78 113 
50 102 
9 14 
84 66 
86 49 
49 11 
100 29 
24 44 
77 85 
91 113 
46 16 
5 63 
80 18 
5 31 
86 22 
99 24 
112 45 
76 4 
73 117 
5 23 
87 49 
70 59 
34 4 
111 92 
22 67 
34 100 
3 86 
16 17 
104 91 
3 43 
72 23 
99 90 
64 99 
61 98 
115 97 
38 24 
105 48 
36 37 
94 85 
41 5 
68 26 
80 109 
59 23 
114 50 
28 1 
65 46 
69 52 
57 80 
45 105 
24 47 
3 102 
92 106 
28 98 
83 81 
64 68 
41 56 
3 32 
114 34 
45 117 
9 94 
110 39 
59 14 
77 13 
17 110 
108 27 
1 19 
88 55 
31 2 
55 61 
117 86 
53 37 
25 27 
115 116 
46 88 
14 22 
29 32 
10 51 
68 83 
13 41 
37 93 
74 90 
38 82 
28 64 
36 49 
59 35 
48 54 
44 99 
99 79 
57 84 
62 58 
31 23 
48 16 
93 2 
104 78 
117 76 
116 117 
11 108 
87 34 
115 46 
16 68 
2 21 
84 116 
26 108 
15 10 
104 17 
43 61 
116 100 
85 116 
35 41 
29 104 
64 65 
108 114 
25 60 
1 81 
104 13 
57 17 
60 94 
43 76 
61 5 
8 98 
56 37 
56 17 
89 50 
72 8 
41 77 
21 111 
13 69 
35 67 
44 72 
22 84 
24 29 
25 67 
64 32 
49 64 
95 63 
13 78 
2 116 
30 2 
42 92 
51 15 
69 76 
6 96 
92 37 
17 113 
73 53 
16 62 
87 74 
111 100 
100 37 
36 68 
2 95 
4 44 
87 48 
68 71 
4 91 
22 29 
41 11 
105 117 
32 73 
77 17 
26 101 
58 12 
58 95 
87 64 
74 109 
58 63 
75 88 
35 71 
98 90 
6 60 
49 60 
38 14 
45 12 
12 76 
53 76 
43 103 
4 13 
104 57 
44 15 
64 40 
49 34 
59 45 
39 41 
62 5 
63 98 
58 3 
104 9 
22 78 
117 85 
15 91 
10 56 
17 99 
2 4 
22 94 
89 93 
25 100 
30 88 
16 71 
89 97 
50 55 
86 115 
113 20 
1 14 
113 31 
28 93 
80 36 
55 89 
101 17 
25 12 
75 54 
80 88 
104 3 
30 90 
35 62 
106 18 
7 79 
98 52 
65 103 
61 88 
50 107 
60 19 
113 66 
38 71 
65 105 
95 16 
27 56 
44 62 
52 115 
39 35 
111 37 
59 55 
39 111 
1 5 
1 96 
58 104 
69 23 
15 6 
73 59 
54 45 
99 59 
98 67 
29 2 
108 115 
48 84 
59 74 
10 87 
43 101 
51 97 
9 97 
81 32 
56 29 
95 107 
105 43 
18 97 
31 95 
54 105 
63 59 
34 109 
29 115 
104 96 
2 107 
12 69 
3 59 
38 103 
51 109 
103 15 
5 107 
82 91 
38 107 
55 11 
48 45 
52 94 
22 72 
104 87 
78 27 
22 2 
76 97 
48 98 
6 65 
15 38 
16 13 
103 97 
43 10 
44 105 
95 113 
40 105 
43 29 
10 77 
70 50 
109 55 
75 94 
57 108 
35 99 
81 62 
60 79 
57 71 
32 117 
57 30 
85 71 
86 95 
12 66 
29 8 
91 105 
18 33 
70 117 
9 39 
66 7 
64 21 
49 88 
98 47 
31 25 
27 63 
84 68 
99 11 
88 22 
53 84 
19 48 
51 87 
10 78 
96 70 
98 35 
65 51 
117 34 
73 28 
84 114 
33 81 
97 14 
95 44 
108 38 
7 63 
116 25 
17 43 
112 28 
38 56 
44 39 
68 87 
103 27 
35 69 
29 111 
20 62 
116 110 
28 12 
92 70 
29 57 
20 73 
79 83 
106 15 
32 11 
113 92 
33 20 
81 63 
111 20 
66 9 
44 64 
82 65 
89 74 
16 6 
85 100 
103 113 
57 23 
15 107 
54 61 
49 114 
27 83 
85 111 
100 5 
116 63 
73 31 
41 71 
32 30 
105 60 
99 108 
6 31 
45 69 
21 7 
102 6 
80 7 
41 9 
8 35 
116 109 
117 18 
56 83 
94 56 
38 21 
2 36 
11 5 
113 70 
80 25 
18 55 
35 45 
41 36 
42 10 
34 47 
113 63 
1 17 
87 54 
94 83 
26 77 
72 92 
66 8 
60 117 
47 67 
112 33 
36 97 
113 61 
61 60 
24 95 
59 100 
10 5 
8 33 
17 85 
24 1 
104 70 
87 38 
69 106 
30 82 
44 20 
70 31 
30 26 
106 43 
46 34 
36 98 
20 34 
43 55 
100 77 
107 96 
7 55 
29 93 
12 27 
83 20 
78 60 
1 91 
64 7 
67 48 
70 21 
81 34 
83 58 
87 61 
52 25 
12 11 
5 115 
65 17 
9 59 
78 55 
42 73 
13 114 
38 29 
48 20 
56 54 
31 112 
85 64 
37 83 
44 57 
28 99 
43 104 
112 64 
103 110 
39 113 
26 84 
27 100 
75 46 
17 98 
37 32 
56 86 
38 34 
4 6 
25 69 
49 71 
51 36 
108 35 
73 47 
52 20 
16 80 
76 79 
77 75 
99 97 
75 38 
81 64 
54 37 
100 80 
69 93 
65 16 
62 24 
95 28 
73 106 
28 54 
94 51 
5 12 
56 68 
10 17 
48 117 
7 65 
1 4 
29 13 
65 21 
43 40 
10 31 
78 72 
116 114 
75 89 
108 10 
102 60 
74 32 
54 14 
53 4 
43 66 
87 117 
44 53 
79 52 
32 10 
84 13 
11 94 
25 33 
3 94 
81 57 
29 74 
76 93 
63 101 
33 43 
46 32 
80 84 
115 84 
79 54 
115 68 
8 116 
100 69 
42 22 
70 42 
28 100 
11 16 
23 19 
112 27 
117 64 
67 84 
14 19 
13 22 
36 38 
79 90 
81 8 
90 22 
105 41 
28 101 
77 104 
17 2 
9 96 
117 9 
71 40 
67 97 
19 101 
42 113 
51 107 
86 65 
36 52 
30 65 
24 49 
57 89 
33 82 
89 49 
26 111 
76 45 
61 83 
12 3 
49 35 
103 50 
85 93 
58 30 
45 106 
1 3 
50 40 
70 16 
97 109 
73 97 
117 40 
34 30 
42 79 
44 13 
63 92 
64 46 
44 3 
62 27 
68 6 
76 78 
56 25 
115 19 
35 114 
88 70 
116 28 
63 96 
65 49 
117 97 
36 72 
42 116 
107 80 
17 102 
104 25 
93 26 
59 106 
54 43 
30 68 
62 1 
44 82 
9 25 
26 25 
24 97 
74 63 
7 5 
3 84 
76 112 
96 106 
65 53 
109 68 
66 90 
3 24 
83 87 
100 55 
85 18 
105 95 
117 103 
62 33 
74 68 
75 44 
78 103 
91 66 
113 108 
3 50 
65 68 
64 73 
76 102 
58 116 
72 68 
3 14 
112 105 
96 48 
81 20 
3 109 
86 67 
117 100 
97 27 
106 61 
3 96 
24 63 
64 108 
32 52 
99 113 
5 78 
89 1 
58 106 
111 54 
104 50 
97 105 
26 35 
26 103 
75 90 
107 93 
7 112 
106 10 
70 78 
108 33 
50 13 
46 6 
11 104 
35 54 
54 67 
106 13 
56 109 
61 79 
83 67 
18 2 
53 116 
9 68 
16 25 
41 14 
1 105 
27 20 
51 84 
106 105 
30 52 
63 54 
16 84 
37 99 
12 94 
46 97 
60 31 
57 70 
76 87 
63 69 
16 14 
46 26 
2 60 
78 77 
6 115 
43 89 
101 3 
1 75 
92 105 
54 21 
66 75 
6 55 
64 84 
80 39 
74 42 
75 45 
19 117 
65 33 
96 116 
90 105 
79 30 
71 76 
54 18 
54 29 
55 48 
111 47 
76 77 
4 65 
7 93 
42 96 
19 45 
53 38 
82 79 
11 98 
33 37 
92 86 
111 53 
110 67 
32 72 
8 25 
22 5 
86 15 
55 73 
76 85 
62 93 
92 29 
16 87 
3 79 
73 11 
15 29 
35 106 
100 24 
54 47 
102 91 
104 98 
46 33 
51 37 
105 37 
77 52 
51 105 
93 75 
49 46 
10 21 
51 67 
13 49 
9 70 
111 104 
81 87 
35 107 
34 74 
65 44 
57 75 
45 13 
117 58 
18 57 
31 67 
93 11 
4 28 
91 32 
15 56 
9 107 
73 87 
24 46 
7 82 
96 75 
79 68 
69 3 
85 36 
86 94 
29 67 
13 113 
78 35 
76 67 
24 88 
59 103 
80 15 
94 99 
24 80 
94 7 
110 6 
90 115 
83 8 
115 39 
113 6 
86 60 
6 27 
19 57 
101 72 
64 61 
89 5 
117 55 
78 112 
81 3 
82 49 
4 7 
45 79 
86 54 
37 10 
69 47 
61 48 
13 19 
44 27 
61 38 
8 20 
112 5 
91 38 
112 55 
113 60 
109 92 
81 38 
101 103 
26 15 
83 41 
39 6 
13 58 
45 96 
62 34 
61 114 
105 89 
101 32 
76 8 
53 78 
42 3 
110 73 
37 41 
82 85 
78 75 
27 66 
5 4 
94 54 
46 101 
35 68 
19 106 
24 10 
44 49 
44 33 
25 87 
31 68 
39 60 
3 98 
111 87 
96 72 
33 59 
98 39 
57 107 
40 87 
19 71 
40 59 
73 34 
55 38 
101 71 
7 90 
112 46 
30 4 
6 105 
112 4 
4 67 
33 80 
6 25 
107 59 
44 37 
93 51 
98 27 
109 39 
27 39 
95 55 
85 80 
42 95 
75 32 
17 82 
36 20 
56 42 
49 52 
9 24 
64 3 
78 26 
52 6 
15 53 
95 72 
72 1 
72 2 
21 39 
115 73 
57 15 
92 58 
107 31 
34 48 
17 66 
55 51 
56 101 
3 21 
37 95 
92 30 
11 105 
77 105 
25 85 
82 115 
82 108 
22 53 
59 21 
83 40 
59 2 
11 57 
66 14 
100 89 
87 30 
41 112 
24 5 
64 14 
114 31 
2 25 
14 87 
72 75 
94 38 
42 30 
23 61 
55 93 
103 55 
29 16 
30 54 
32 49 
98 57 
84 37 
63 29 
100 92 
38 32 
6 108 
50 100 
107 34 
37 61 
92 107 
49 103 
16 2 
33 57 
86 4 
89 99 
48 75 
52 45 
73 94 
109 107 
21 108 
28 15 
106 86 
72 6 
34 60 
6 7 
60 1 
85 81 
52 112 
78 36 
3 110 
27 59 
98 110 
31 24 
1 108 
47 115 
39 72 
109 7 
115 99 
92 17 
60 57 
44 9 
54 76 
90 36 
80 91 
30 107 
52 64 
45 84 
43 85 
104 27 
45 97 
69 65 
16 41 
116 31 
55 69 
78 82 
21 73 
78 97 
49 54 
90 13 
3 19 
103 62 
110 96 
63 42 
27 109 
96 52 
15 54 
73 56 
78 45 
57 113 
6 89 
93 33 
16 107 
106 98 
5 3 
90 21 
81 42 
87 46 
34 78 
26 114 
14 55 
55 111 
79 18 
7 36 
19 12 
30 51 
116 61 
33 76 
91 20 
116 113 
28 94 
10 52 
89 64 
94 84 
46 90 
71 15 
28 61 
13 103 
49 99 
82 72 
113 56 
105 76 
97 101 
48 24 
42 109 
51 112 
90 109 
37 16 
26 66 
61 100 
40 60 
28 108 
65 85 
30 63 
2 58 
99 80 
92 51 
56 85 
84 60 
94 64 
41 29 
11 102 
23 103 
85 22 
29 79 
102 85 
80 79 
22 32 
20 10 
65 88 
16 5 
96 79 
51 64 
9 85 
48 44 
80 61 
18 66 
63 32 
38 83 
94 13 
13 107 
76 99 
17 52 
46 23 
94 32 
9 21 
42 23 
109 30 
42 115 
10 49 
44 100 
112 53 
22 34 
104 85 
106 64 
50 106 
115 10 
7 40 
50 34 
112 12 
23 22 
92 27 
112 74 
29 3 
36 103 
38 13 
114 53 
102 51 
67 92 
77 19 
39 79 
98 94 
45 66 
43 28 
106 94 
65 5 
88 97 
6 58 
101 64 
81 108 
49 96 
97 68 
89 91 
87 31 
83 34 
36 94 
83 107 
34 9 
113 76 
30 89 
5 39 
94 24 
60 69 
7 32 
68 117 
87 35 
27 102 
16 31 
106 38 
32 77 
7 85 
71 6 
46 81 
107 4 
35 92 
20 87 
8 87 
74 102 
101 34 
113 67 
85 54 
48 17 
88 10 
113 58 
18 107 
88 85 
39 65 
45 57 
115 15 
106 48 
24 53 
99 2 
55 70 
69 4 
5 9 
90 51 
99 43 
68 11 
10 16 
101 18 
108 80 
10 116 
101 45 
15 73 
36 40 
58 69 
76 20 
75 112 
54 20 
83 102 
93 18 
4 92 
52 93 
115 34 
4 87 
36 61 
42 31 
28 53 
80 30 
41 40 
75 26 
23 51 
31 76 
32 45 
15 32 
44 59 
43 80 
15 85 
78 66 
77 21 
67 96 
112 95 
56 69 
53 105 
46 2 
38 6 
64 16 
14 95 
22 70 
3 76 
42 50 
37 30 
46 111 
29 107 
20 15 
104 113 
37 116 
63 110 
37 96 
9 46 
83 18 
88 71 
59 60 
35 52 
10 80 
117 96 
4 49 
79 103 
110 13 
45 25 
113 14 
109 11 
59 1 
111 84 
1 103 
11 23 
52 37 
56 71 
76 83 
116 44 
71 4 
73 90 
66 77 
92 41 
64 71 
14 96 
16 63 
37 14 
50 66 
77 80 
99 109 
19 91 
112 24 
53 12 
56 66 
38 65 
40 88 
32 54 
115 113 
51 60 
32 92 
20 13 
44 23 
43 79 
35 19 
3 70 
37 110 
86 105 
48 103 
69 111 
59 61 
75 79 
4 85 
5 26 
38 43 
46 38 
42 6 
63 71 
51 9 
16 99 
92 1 
98 93 
69 7 
21 88 
102 9 
39 30 
15 45 
24 18 
35 27 
6 91 
54 3 
28 55 
17 107 
28 63 
39 69 
62 106 
6 82 
49 16 
6 107 
72 74 
83 64 
55 53 
116 30 
74 64 
16 86 
46 22 
101 16 
102 54 
4 109 
65 10 
28 62 
72 56 
26 109 
65 47 
57 78 
5 38 
60 32 
13 39 
36 3 
18 76 
42 66 
13 8 
104 34 
22 58 
31 63 
73 74 
72 108 
83 90 
36 8 
22 113 
109 8 
33 66 
102 40 
30 45 
90 116 
104 69 
5 6 
85 45 
107 111 
2 83 
8 18 
2 26 
6 22 
25 11 
4 64 
37 4 
87 18 
40 46 
114 79 
23 107 
100 75 
11 117 
89 35 
92 56 
60 93 
55 77 
85 49 
64 15 
72 60 
111 76 
96 2 
83 92 
56 106 
56 32 
72 35 
77 96 
36 55 
94 88 
68 2 
83 29 
68 59 
34 18 
43 69 
41 15 
69 8 
74 51 
22 12 
102 36 
16 59 
28 97 
41 38 
107 65 
65 76 
1 71 
75 80 
42 105 
76 101 
112 13 
94 47 
66 48 
116 14 
88 48 
82 46 
15 13 
46 84 
109 101 
23 67 
28 49 
37 48 
89 8 
36 6 
106 8 
66 96 
116 82 
52 55 
113 94 
49 79 
41 52 
5 77 
84 69 
36 17 
111 52 
58 102 
2 103 
112 111 
107 12 
5 18 
84 29 
10 90 
89 90 
90 6 
52 107 
58 82 
31 98 
55 81 
111 51 
34 112 
86 62 
88 57 
95 109 
91 74 
28 11 
12 32 
87 101 
8 17 
94 109 
97 64 
64 105 
77 6 
35 7 
81 60 
40 104 
72 45 
108 8 
59 4 
91 9 
67 72 
14 34 
62 90 
36 29 
81 101 
46 116 
109 20 
49 17 
107 116 
99 84 
97 49 
32 14 
45 26 
72 12 
36 83 
70 46 
90 92 
70 93 
71 66 
14 90 
26 59 
81 111 
48 7 
112 1 
66 38 
22 97 
2 40 
22 44 
8 43 
16 113 
14 39 
45 61 
98 92 
81 10 
103 10 
95 15 
31 59 
13 36 
37 109 
58 31 
23 99 
45 6 
44 31 
108 32 
31 90 
94 76 
3 100 
51 85 
68 113 
1 76 
58 57 
25 44 
35 82 
82 2 
72 93 
27 55 
115 64 
35 73 
83 73 
17 74 
111 13 
89 61 
88 58 
110 91 
116 92 
44 38 
110 82 
42 65 
87 110 
48 76 
30 64 
106 32 
97 84 
4 39 
9 6 
22 41 
99 75 
82 73 
90 94 
48 112 
7 18 
64 102 
1 37 
16 73 
102 67 
96 43 
112 96 
64 113 
37 103 
29 73 
76 50 
39 1 
1 66 
102 38 
2 90 
3 20 
4 68 
108 55 
46 100 
70 4 
110 95 
46 60 
12 105 
49 2 
39 77 
50 58 
1 94 
62 37 
62 42 
64 42 
107 113 
33 13 
3 90 
73 71 
90 86 
31 64 
70 112 
23 106 
18 17 
42 107 
68 40 
106 3 
60 18 
72 14 
101 74 
113 34 
30 94 
22 112 
62 15 
102 93 
11 51 
109 49 
100 41 
28 57 
100 86 
47 82 
51 103 
111 108 
105 5 
106 17 
15 117 
7 73 
74 24 
13 100 
80 87 
36 89 
42 99 
100 108 
27 110 
25 88 
86 102 
103 25 
86 104 
76 100 
91 58 
117 84 
28 27 
102 20 
105 21 
45 102 
59 67 
75 56 
43 36 
89 111 
52 28 
102 106 
102 14 
55 86 
22 35 
64 96 
61 21 
114 111 
112 44 
90 87 
42 90 
97 56 
88 87 
70 49 
90 11 
7 24 
2 55 
96 92 
92 79 
10 33 
17 97 
74 18 
90 48 
53 79 
86 23 
54 114 
64 33 
22 81 
21 43 
44 71 
92 104 
115 44 
2 80 
28 107 
4 24 
50 57 
71 54 
4 89 
106 70 
6 13 
92 23 
10 64 
60 10 
17 68 
17 115 
5 104 
51 99 
70 71 
91 114 
71 100 
45 60 
62 92 
78 62 
72 63 
32 50 
89 108 
106 68 
54 68 
115 104 
37 73 
45 91 
94 35 
22 18 
18 4 
9 61 
45 40 
9 77 
52 39 
57 46 
14 114 
101 31 
23 100 
58 74 
9 35 
23 97 
63 39 
85 50 
5 86 
46 76 
108 107 
76 108 
28 13 
31 108 
103 88 
79 48 
28 24 
89 67 
31 104 
3 10 
68 61 
22 101 
67 20 
77 51 
46 5 
96 47 
104 100 
33 106 
99 68 
22 98 
67 105 
111 30 
107 33 
101 14 
97 53 
34 90 
100 2 
28 20 
42 97 
78 54 
93 44 
32 28 
116 104 
35 83 
115 76 
54 91 
39 16 
27 70 
77 43 
75 50 
49 106 
14 86 
55 23 
84 49 
108 90 
69 11 
90 63 
19 31 
29 58 
17 116 
18 105 
83 26 
48 43 
73 22 
29 61 
51 114 
16 21 
47 86 
110 115 
113 47 
1 31 
32 23 
89 37 
19 112 
52 12 
109 114 
93 95 
96 53 
71 3 
69 110 
65 104 
93 50 
26 100 
107 41 
84 113 
37 77 
46 56 
116 35 
60 104 
109 115 
100 95 
66 74 
4 105 
2 94 
87 21 
88 14 
77 2 
103 7 
87 1 
30 53 
115 32 
35 20 
56 93 
89 79 
25 14 
111 59 
97 79 
44 29 
34 59 
61 8 
27 105 
115 21 
1 113 
61 35 
83 57 
6 47 
109 17 
18 1 
11 71 
54 99 
113 98 
24 84 
109 87 
59 12 
28 26 
42 87 
40 111 
46 74 
68 94 
82 20 
16 27 
19 104 
40 76 
28 25 
56 30 
11 31 
29 25 
24 25 
13 9 
33 29 
101 36 
59 28 
9 73 
41 84 
28 72 
13 99 
62 77 
91 21 
31 85 
27 8 
109 1 
99 74 
99 111 
90 32 
14 23 
73 17 
74 13 
37 24 
53 113 
26 88 
87 106 
59 17 
93 110 
50 4 
91 53 
47 110 
7 111 
70 105 
86 77 
46 47 
94 46 
84 21 
86 27 
90 20 
95 87 
63 51 
83 15 
59 80 
12 35 
91 78 
38 37 
54 57 
59 79 
80 26 
29 116 
34 32 
99 36 
36 79 
1 51 
61 19 
21 67 
52 19 
108 25 
87 77 
47 80 
81 117 
54 59 
111 27 
116 21 
59 10 
102 53 
89 12 
50 117 
112 117 
82 106 
42 43 
79 67 
67 15 
115 22 
30 74 
72 76 
22 87 
70 77 
105 94 
19 24 
115 65 
29 46 
108 45 
13 43 
10 104 
105 33 
2 51 
116 55 
14 57 
97 41 
68 19 
26 69 
27 51 
51 98 
63 62 
75 71 
105 59 
98 107 
74 116 
104 4 
66 36 
46 43 
63 89 
98 62 
92 99 
102 88 
101 79 
5 70 
16 24 
39 18 
62 69 
2 45 
60 88 
12 96 
82 21 
116 6 
53 82 
50 64 
97 62 
1 45 
100 15 
23 64 
43 78 
96 108 
19 36 
35 57 
71 108 
80 110 
76 86 
52 78 
111 117 
7 58 
81 24 
66 28 
67 10 
30 46 
42 51 
19 33 
20 94 
55 65 
23 74 
7 13 
71 116 
19 102 
117 65 
51 82 
84 33 
69 54 
17 69 
30 75 
101 113 
50 99 
106 97 
11 58 
14 74 
9 23 
116 78 
48 40 
95 76 
12 26 
38 28 
32 105 
58 16 
60 100 
89 51 
9 78 
110 16 
76 84 
59 69 
41 88 
18 40 
80 101 
77 30 
60 63 
111 80 
98 116 
76 109 
107 26 
98 68 
73 93 
71 50 
26 115 
28 14 
79 77 
17 78 
99 116 
13 101 
60 109 
90 12 
107 24 
93 91 
78 93 
55 92 
93 104 
44 98 
107 14 
18 20 
75 106 
115 71 
79 111 
104 97 
5 95 
64 35 
70 67 
42 2 
59 50 
28 102 
59 91 
103 4 
78 23 
4 43 
1 73 
30 19 
101 38 
34 55 
57 87 
37 22 
105 68 
15 108 
71 98 
4 66 
104 56 
36 77 
98 33 
43 116 
10 92 
41 19 
12 48 
89 76 
103 5 
6 88 
17 62 
21 20 
115 3 
68 92 
35 112 
54 5 
29 10 
96 89 
9 52 
38 76 
23 6 
1 69 
35 77 
114 5 
46 83 
12 44 
63 40 
110 52 
35 38 
47 12 
113 77 
81 29 
35 2 
99 18 
41 28 
108 17 
97 15 
103 100 
44 110 
91 28 
38 95 
64 116 
100 54 
80 21 
19 109 
76 58 
80 65 
61 112 
61 52 
96 105 
71 114 
12 95 
51 48 
55 113 
49 25 
7 89 
81 54 
32 41 
95 104 
91 72 
7 102 
47 5 
37 115 
35 88 
93 88 
108 9 
14 21 
11 81 
84 82 
64 56 
7 2 
52 8 
77 93 
65 18 
112 85 
107 45 
34 19 
39 43 
104 107 
108 97 
67 114 
106 71 
58 65 
13 10 
9 75 
7 110 
43 5 
58 85 
63 105 
81 39 
73 76 
116 108 
47 13 
41 18 
117 69 
93 46 
74 28 
28 92 
49 40 
74 48 
41 90 
48 46 
23 60 
62 23 
42 29 
49 41 
105 57 
4 20 
7 107 
6 35 
88 98 
12 49 
12 38 
21 74 
23 43 
28 105 
47 117 
11 30 
48 95 
92 21 
56 24 
109 77 
103 68 
70 11 
69 98 
93 38 
106 14 
115 92 
91 30 
83 5 
26 32 
74 84 
53 63 
18 45 
22 31 
111 62 
93 112 
14 69 
45 103 
21 44 
20 9 
10 73 
39 85 
55 57 
3 66 
81 61 
5 98 
73 104 
62 26 
73 81 
19 70 
70 52 
46 102 
78 115 
47 19 
111 65 
98 81 
93 108 
63 15 
58 101 
107 74 
62 66 
17 13 
102 117 
18 16 
91 64 
14 18 
35 4 
65 32 
78 96 
71 22 
57 39 
55 68 
111 86 
8 79 
46 31 
94 96 
16 45 
92 24 
116 60 
93 12 
14 112 
90 88 
97 94 
48 33 
91 103 
99 114 
84 20 
58 36 
14 78 
97 116 
76 32 
33 30 
37 58 
5 33 
37 17 
16 103 
19 85 
97 69 
66 15 
65 61 
29 4 
99 25 
78 19 
26 73 
101 39 
62 79 
15 55 
96 58 
70 26 
55 114 
31 41 
95 70 
14 104 
6 75 
33 35 
97 100 
1 27 
40 114 
60 50 
30 97 
77 117 
33 96 
31 102 
79 9 
1 30 
78 29 
108 95 
2 57 
27 73 
8 96 
35 76 
35 109 
19 79 
54 66 
100 19 
34 25 
66 49 
64 1 
63 107 
30 38 
8 110 
42 101 
21 45 
10 83 
92 91 
100 7 
15 43 
14 70 
105 17 
37 13 
93 94 
47 85 
106 16 
114 68 
114 45 
10 9 
11 92 
52 18 
7 37 
57 117 
98 105 
95 19 
19 94 
99 14 
53 39 
104 106 
107 100 
85 105 
109 61 
98 85 
38 86 
68 5 
34 21 
116 81 
110 88 
53 16 
103 19 
91 116 
4 36 
91 57 
111 28 
1 6 
89 114 
57 102 
115 9 
37 20 
17 54 
23 24 
72 41 
47 31 
28 86 
5 74 
84 93 
22 61 
48 38 
59 39 
98 46 
89 65 
47 76 
42 40 
60 65 
106 81 
69 21 
107 64 
71 36 
74 22 
58 109 
33 94 
108 12 
60 87 
6 79 
73 40 
58 28 
102 43 
15 39 
92 39 
71 112 
92 93 
78 73 
67 116 
60 70 
44 1 
26 116 
2 105 
76 88 
56 49 
79 81 
69 108 
112 29 
27 71 
8 1 
63 52 
96 21 
32 67 
44 69 
90 1 
89 46 
117 30 
111 9 
36 91 
21 8 
50 90 
107 32 
46 79 
33 73 
93 48 
23 94 
21 50 
76 5 
54 44 
39 67 
50 48 
102 8 
75 23 
3 56 
62 102 
15 93 
18 46 
75 16 
31 52 
54 83 
16 22 
74 98 
91 33 
100 39 
80 11 
117 62 
6 94 
102 12 
79 71 
24 13 
80 9 
84 104 
19 63 
22 10 
65 19 
109 108 
73 41 
114 87 
59 37 
66 103 
4 46 
41 23 
22 75 
6 87 
14 49 
70 17 
24 26 
93 113 
117 94 
81 97 
100 74 
74 12 
117 17 
15 16 
42 21 
95 36 
109 10 
69 101 
109 46 
55 94 
105 74 
29 113 
103 20 
18 3 
103 39 
101 15 
96 16 
85 27 
92 75 
52 97 
39 42 
9 81 
98 87 
16 60 
98 111 
114 97 
41 6 
55 4 
82 36 
32 103 
23 2 
75 2 
88 117 
79 100 
27 7 
89 18 
36 21 
2 24 
56 81 
47 38 
13 68 
55 13 
41 3 
86 24 
47 32 
68 62 
18 82 
19 74 
79 69 
82 10 
3 74 
17 79 
24 15 
10 54 
66 98 
69 90 
93 6 
7 117 
32 102 
86 79 
27 93 
18 95 
5 66 
92 46 
99 63 
28 45 
61 96 
72 81 
101 59 
113 21 
43 110 
47 8 
84 25 
28 83 
114 21 
20 51 
81 78 
95 22 
81 104 
83 111 
93 9 
20 42 
6 67 
68 52 
71 33 
42 5 
65 23 
35 110 
54 24 
110 30 
48 63 
104 99 
43 58 
1 49 
34 86 
107 68 
92 61 
105 99 
25 23 
112 54 
42 82 
74 1 
112 49 
51 47 
75 63 
32 98 
27 46 
19 116 
70 65 
111 94 
65 52 
12 70 
37 34 
99 45 
98 64 
8 38 
79 35 
7 46 
9 55 
47 20 
32 42 
18 94 
39 90 
79 73 
44 7 
39 24 
69 48 
90 45 
26 72 
116 20 
11 114 
94 92 
117 110 
48 32 
24 115 
100 66 
106 113 
53 8 
82 100 
111 101 
25 62 
71 53 
95 69 
9 48 
83 78 
59 29 
88 95 
91 88 
4 26 
88 31 
89 26 
20 101 
66 59 
61 82 
65 56 
72 66 
91 35 
35 36 
87 75 
100 94 
78 25 
65 106 
67 19 
100 67 
73 116 
4 95 
104 28 
106 47 
51 6 
107 46 
42 71 
13 88 
97 96 
75 76 
45 42 
76 39 
101 33 
96 50 
80 70 
80 114 
62 88 
78 2 
98 86 
77 23 
51 58 
7 113 
23 115 
58 64 
18 68 
35 105 
16 33 
25 111 
94 104 
88 67 
89 103 
69 28 
47 83 
53 62 
28 60 
102 71 
35 58 
28 113 
76 56 
116 79 
83 88 
39 66 
50 23 
101 82 
12 62 
11 82 
60 108 
67 78 
14 67 
69 116 
107 20 
30 103 
26 95 
104 33 
96 114 
82 102 
15 37 
3 77 
97 12 
43 50 
43 92 
117 2 
23 93 
100 47 
54 104 
56 59 
91 25 
39 31 
67 106 
11 50 
79 104 
43 114 
50 35 
50 98 
81 19 
46 54 
86 18 
1 21 
97 91 
45 46 
46 61 
37 39 
1 10 
87 24 
108 24 
47 9 
25 57 
38 52 
27 15 
106 39 
25 35 
28 85 
91 76 
19 64 
80 117 
43 117 
91 42 
12 77 
116 23 
30 24 
71 87 
69 53 
2 56 
77 114 
74 65 
93 19 
16 35 
115 77 
84 11 
31 86 
45 113 
10 75 
115 28 
32 104 
9 112 
48 71 
1 80 
16 30 
18 44 
68 51 
12 113 
22 56 
72 18 
7 43 
8 31 
47 36 
104 114 
68 39 
68 47 
84 81 
19 83 
41 48 
75 67 
108 40 
65 87 
27 10 
115 30 
29 99 
41 4 
106 74 
9 109 
67 13 
23 108 
51 78 
78 109 
42 61 
63 65 
49 117 
66 63 
6 117 
85 35 
28 5 
108 58 
104 76 
8 65 
117 99 
9 11 
57 63 
74 53 
102 94 
114 92 
47 26 
31 77 
26 63 
87 29 
10 44 
97 90 
94 101 
106 31 
74 31 
53 1 
51 34 
19 44 
92 25 
30 114 
100 10 
117 109 
30 12 
29 18 
110 78 
34 71 
103 18 
80 103 
81 82 
95 90 
79 106 
9 98 
38 39 
7 92 
25 63 
95 83 
83 115 
14 8 
95 50 
7 23 
106 78 
34 69 
29 117 
103 109 
51 50 
64 109 
98 24 
88 64 
117 20 
69 36 
87 69 
112 59 
109 72 
113 82 
14 85 
85 42 
14 50 
112 77 
31 18 
46 113 
75 60 
47 72 
44 109 
112 91 
1 115 
114 64 
68 111 
61 75 
20 1 
12 9 
110 5 
54 34 
74 117 
43 95 
92 85 
100 43 
5 88 
79 112 
77 42 
50 24 
42 111 
