168 3066 
73 279 70 255 26 35 83 242 291 26 169 247 89 6 96 236 205 144 172 93 127 282 7 260 143 241 217 237 89 187 51 292 216 110 112 197 1 277 194 53 64 105 143 264 1 53 57 54 127 253 227 191 98 185 106 240 6 258 36 103 45 299 53 59 237 129 181 141 8 143 48 61 225 204 76 286 188 143 120 99 293 292 168 271 213 160 108 281 71 253 48 73 154 90 195 38 47 182 90 238 214 30 250 60 81 40 105 240 147 23 47 4 145 38 49 132 63 213 116 176 263 3 267 192 212 237 292 44 262 283 202 167 264 261 210 25 107 298 182 227 6 192 151 53 258 232 119 220 107 209 12 178 99 275 148 53 291 71 183 119 70 162 90 168 61 54 213 260 
65 82 
22 89 
147 10 
96 150 
148 134 
9 86 
23 15 
139 103 
104 86 
20 98 
50 121 
13 91 
153 157 
69 68 
84 112 
148 84 
136 45 
125 132 
99 4 
76 63 
68 70 
80 40 
82 43 
102 163 
22 10 
132 4 
67 160 
161 26 
73 30 
51 149 
77 158 
118 114 
6 27 
53 105 
109 1 
91 14 
69 115 
155 64 
130 103 
143 138 
89 92 
123 43 
128 127 
95 98 
152 6 
23 130 
35 42 
23 121 
134 62 
114 96 
140 99 
82 33 
155 8 
115 56 
124 135 
131 78 
153 33 
89 108 
11 81 
150 168 
17 125 
10 96 
89 98 
72 80 
88 64 
7 107 
18 135 
129 131 
78 148 
23 8 
77 4 
74 134 
5 63 
138 158 
103 54 
70 26 
101 149 
99 135 
21 114 
128 88 
3 12 
64 21 
93 22 
26 38 
56 53 
93 36 
149 111 
60 2 
14 106 
153 97 
156 103 
44 41 
89 123 
30 144 
39 158 
122 145 
55 136 
10 86 
11 131 
61 124 
8 115 
6 18 
41 123 
25 100 
73 145 
79 100 
8 134 
64 156 
123 77 
146 7 
116 105 
136 54 
42 104 
163 1 
107 40 
1 167 
134 53 
7 136 
20 127 
137 86 
123 59 
148 87 
75 111 
92 77 
126 122 
35 93 
133 60 
95 124 
53 155 
152 119 
115 141 
99 132 
57 37 
144 89 
56 132 
100 161 
26 126 
93 130 
59 16 
71 146 
103 11 
35 30 
61 103 
28 50 
9 144 
5 22 
68 143 
35 37 
168 7 
168 153 
134 32 
137 52 
10 1 
100 158 
30 57 
165 126 
46 134 
1 130 
157 140 
33 133 
112 80 
118 130 
62 64 
67 10 
71 159 
83 85 
148 61 
70 63 
103 138 
123 95 
89 67 
119 73 
89 158 
150 83 
109 40 
75 10 
36 133 
145 3 
59 20 
59 99 
116 104 
156 72 
66 55 
55 122 
153 59 
159 43 
166 128 
165 54 
10 133 
168 11 
92 17 
68 4 
43 1 
90 85 
164 135 
142 36 
90 153 
160 74 
85 139 
155 129 
62 132 
137 97 
134 121 
87 53 
76 123 
50 79 
88 136 
152 114 
85 17 
5 157 
140 82 
71 101 
86 160 
15 49 
75 73 
131 92 
8 127 
88 116 
46 41 
67 24 
167 54 
14 133 
168 140 
103 124 
31 1 
131 155 
123 106 
41 152 
140 128 
148 89 
106 44 
109 138 
154 27 
35 53 
55 56 
143 64 
163 87 
60 31 
120 3 
31 58 
17 82 
92 39 
66 57 
157 144 
115 53 
15 22 
97 17 
123 46 
165 68 
45 120 
6 64 
38 133 
59 96 
164 19 
148 93 
11 10 
38 82 
129 149 
47 57 
111 17 
107 115 
91 105 
33 91 
156 105 
94 71 
118 143 
155 102 
61 154 
70 122 
105 127 
158 76 
8 84 
11 63 
93 134 
100 143 
140 3 
107 33 
82 151 
156 13 
60 130 
127 150 
115 114 
72 166 
8 17 
168 48 
1 11 
29 139 
37 33 
138 151 
65 94 
107 83 
10 126 
42 155 
6 35 
13 102 
39 106 
139 115 
67 129 
166 66 
119 133 
112 76 
20 54 
44 133 
34 120 
98 51 
55 127 
87 78 
124 86 
156 118 
86 129 
135 112 
145 57 
157 42 
14 121 
70 7 
93 89 
4 21 
137 68 
152 1 
18 30 
83 132 
109 52 
24 88 
63 116 
20 166 
152 144 
150 129 
9 106 
70 156 
71 81 
33 42 
112 140 
96 149 
98 12 
8 107 
122 6 
38 53 
6 166 
39 61 
105 28 
5 90 
95 166 
58 129 
73 158 
120 69 
109 3 
142 54 
72 44 
107 121 
66 108 
108 77 
42 152 
5 125 
153 99 
42 99 
131 153 
22 47 
108 51 
140 151 
90 43 
38 123 
154 144 
122 11 
52 13 
14 152 
11 61 
30 112 
94 156 
7 80 
88 34 
47 64 
88 165 
117 122 
8 88 
130 122 
26 125 
68 79 
68 167 
21 85 
37 162 
40 61 
74 121 
54 105 
118 122 
108 90 
72 14 
121 154 
157 122 
121 156 
134 98 
42 95 
26 71 
11 144 
84 5 
86 4 
33 112 
10 109 
103 15 
145 137 
129 126 
74 34 
65 72 
111 152 
87 77 
122 131 
104 111 
25 143 
128 136 
129 40 
13 99 
44 158 
17 146 
113 97 
83 163 
117 18 
135 161 
102 59 
124 67 
11 44 
33 103 
71 58 
26 139 
132 103 
24 7 
165 135 
105 74 
37 98 
58 36 
33 127 
90 109 
39 30 
84 14 
110 144 
7 71 
101 63 
112 116 
115 38 
59 31 
93 137 
17 71 
20 113 
80 5 
92 126 
63 58 
81 16 
156 97 
62 111 
76 51 
146 49 
102 159 
113 144 
11 57 
64 158 
96 8 
165 164 
43 69 
26 67 
103 167 
103 4 
73 146 
130 25 
157 9 
116 139 
9 129 
155 139 
92 125 
88 143 
71 15 
22 97 
18 62 
164 25 
104 166 
121 92 
120 55 
109 63 
149 99 
135 163 
22 94 
162 149 
146 11 
65 81 
102 113 
2 158 
155 77 
107 99 
35 109 
162 33 
80 109 
137 60 
62 117 
31 26 
13 68 
24 103 
104 15 
59 110 
94 101 
51 28 
58 5 
108 147 
26 131 
23 106 
21 103 
127 111 
74 166 
165 51 
54 94 
86 48 
55 145 
37 133 
152 112 
78 151 
85 150 
140 126 
163 25 
77 19 
88 53 
141 65 
38 31 
46 28 
11 64 
134 70 
116 72 
53 103 
148 163 
168 49 
115 82 
139 66 
7 104 
146 153 
144 149 
152 20 
60 38 
15 32 
106 5 
45 70 
128 28 
165 28 
4 152 
85 146 
116 147 
77 159 
79 55 
95 81 
90 13 
124 56 
48 75 
94 139 
144 160 
164 118 
166 43 
159 157 
96 58 
32 16 
108 44 
76 52 
38 72 
86 99 
57 5 
132 164 
36 116 
37 104 
32 5 
156 88 
162 44 
43 39 
122 138 
53 3 
33 17 
124 26 
22 86 
109 67 
123 132 
38 114 
137 98 
126 41 
25 97 
152 5 
86 13 
123 24 
52 140 
124 60 
22 70 
125 151 
85 39 
67 14 
102 32 
5 3 
86 39 
79 82 
140 129 
44 145 
119 121 
63 130 
61 81 
145 61 
44 143 
73 42 
139 110 
18 120 
151 147 
20 144 
146 125 
6 116 
18 144 
93 159 
98 136 
158 38 
29 65 
27 164 
28 8 
87 39 
154 107 
21 82 
72 103 
132 135 
46 88 
119 8 
160 103 
142 29 
121 153 
45 122 
168 146 
96 131 
135 38 
129 20 
3 51 
106 40 
116 47 
23 55 
97 103 
142 63 
33 44 
5 42 
156 8 
65 120 
105 13 
40 77 
10 77 
140 121 
20 163 
41 90 
28 129 
77 137 
161 33 
113 47 
22 140 
63 96 
20 76 
68 60 
1 95 
122 26 
35 135 
28 157 
75 13 
29 166 
157 38 
141 23 
91 107 
86 24 
105 93 
129 115 
131 60 
83 73 
124 62 
92 98 
66 122 
142 18 
153 12 
129 166 
51 131 
17 158 
22 42 
106 15 
164 160 
16 111 
144 88 
163 61 
87 149 
144 46 
82 153 
116 120 
135 59 
34 41 
23 44 
135 61 
26 10 
31 156 
124 32 
129 154 
100 62 
17 131 
142 45 
66 154 
140 117 
60 81 
76 155 
19 159 
45 90 
66 111 
28 159 
94 120 
50 51 
90 48 
76 19 
54 70 
124 83 
34 119 
166 52 
47 167 
85 103 
43 139 
59 11 
158 33 
136 37 
81 163 
20 34 
51 79 
65 60 
107 6 
136 150 
93 142 
117 57 
165 167 
34 58 
71 18 
22 108 
7 67 
104 107 
22 37 
9 159 
39 9 
6 140 
102 99 
5 39 
16 102 
33 145 
114 141 
99 33 
60 141 
112 117 
102 61 
150 101 
53 63 
137 63 
82 144 
17 18 
77 107 
117 1 
39 83 
55 26 
43 40 
31 132 
134 40 
55 27 
45 113 
39 4 
71 145 
3 131 
114 142 
168 126 
99 67 
13 160 
84 74 
140 100 
73 43 
68 6 
63 148 
98 108 
48 123 
33 71 
2 3 
114 146 
20 2 
25 38 
22 63 
138 167 
49 67 
10 117 
167 51 
91 17 
23 100 
147 163 
92 41 
95 54 
149 95 
160 9 
108 164 
3 54 
81 2 
63 114 
125 168 
21 8 
120 60 
104 2 
149 11 
110 143 
25 85 
20 109 
166 97 
60 36 
73 150 
3 163 
25 23 
38 80 
92 37 
133 62 
162 97 
34 101 
38 106 
6 132 
149 113 
108 9 
62 44 
35 146 
32 168 
161 145 
142 117 
46 57 
75 66 
73 114 
165 140 
134 162 
95 62 
131 152 
27 68 
74 8 
90 76 
81 12 
139 73 
4 13 
99 54 
60 147 
21 98 
156 152 
41 59 
65 140 
10 104 
152 134 
97 154 
9 52 
123 87 
60 101 
16 43 
114 65 
5 159 
52 89 
93 98 
144 106 
18 66 
72 39 
156 22 
75 23 
34 72 
23 59 
100 67 
161 115 
111 159 
109 168 
166 160 
25 54 
85 137 
126 48 
73 63 
80 91 
147 54 
93 118 
69 4 
1 39 
131 124 
135 156 
143 92 
146 67 
127 18 
35 72 
101 45 
88 17 
12 75 
46 168 
43 72 
27 3 
67 81 
15 86 
116 77 
5 65 
89 84 
167 53 
94 49 
117 101 
125 2 
35 96 
119 2 
150 8 
71 50 
112 26 
18 116 
119 58 
2 152 
8 113 
70 160 
155 127 
110 50 
40 24 
99 147 
123 45 
41 28 
11 79 
118 95 
99 55 
99 108 
108 131 
37 129 
163 77 
120 1 
69 54 
34 48 
23 9 
55 134 
166 131 
47 11 
153 18 
145 128 
44 81 
154 31 
8 157 
38 30 
157 67 
53 20 
100 73 
133 30 
164 45 
114 59 
140 141 
120 114 
82 104 
139 5 
101 146 
92 27 
122 135 
62 80 
100 168 
32 74 
56 140 
17 98 
18 33 
122 13 
29 17 
42 94 
54 67 
1 92 
28 97 
97 33 
121 32 
97 11 
153 83 
96 163 
96 136 
63 2 
137 24 
163 48 
105 40 
130 19 
64 148 
137 57 
6 106 
139 93 
15 101 
112 62 
31 45 
61 120 
132 64 
69 42 
168 59 
51 158 
148 38 
8 149 
130 37 
59 81 
114 150 
49 104 
75 117 
5 87 
2 131 
134 47 
158 16 
138 33 
89 157 
147 57 
48 101 
134 69 
100 12 
73 156 
158 142 
70 102 
97 19 
139 98 
21 142 
148 32 
98 141 
132 22 
137 120 
152 16 
87 116 
108 138 
164 142 
13 40 
59 128 
85 167 
91 141 
1 40 
13 5 
107 67 
101 135 
42 61 
95 14 
138 54 
110 19 
82 68 
5 61 
156 10 
161 128 
20 125 
118 146 
131 10 
140 108 
34 141 
86 131 
153 120 
48 140 
144 8 
28 98 
63 131 
114 44 
140 10 
23 29 
154 22 
82 74 
98 126 
12 49 
63 17 
12 86 
92 136 
18 167 
138 156 
23 2 
154 140 
93 127 
121 42 
154 159 
20 116 
142 119 
129 119 
73 162 
128 131 
69 90 
133 110 
100 151 
110 85 
92 5 
85 79 
12 63 
109 130 
146 50 
66 121 
2 166 
92 149 
18 36 
162 106 
159 34 
144 94 
56 66 
72 161 
51 59 
34 26 
108 132 
168 116 
3 128 
82 70 
139 3 
10 127 
122 96 
7 145 
144 50 
49 163 
22 92 
155 153 
52 111 
55 116 
141 52 
1 68 
139 38 
164 106 
16 1 
67 97 
84 41 
49 75 
125 105 
18 164 
147 96 
129 54 
101 123 
148 68 
28 113 
12 101 
3 135 
145 37 
163 128 
84 136 
27 150 
98 30 
162 152 
44 60 
99 103 
27 101 
39 135 
130 102 
162 74 
104 47 
152 121 
166 101 
154 15 
10 24 
136 129 
32 38 
111 57 
123 100 
97 7 
44 91 
90 16 
167 166 
164 14 
137 64 
100 90 
47 138 
48 73 
116 75 
158 107 
140 55 
137 151 
104 40 
75 104 
153 156 
73 128 
124 142 
18 65 
134 119 
98 64 
65 67 
145 109 
76 41 
101 136 
30 146 
27 43 
132 152 
131 91 
76 97 
46 78 
113 132 
32 65 
138 59 
121 150 
154 142 
115 74 
65 19 
21 157 
134 146 
134 66 
131 100 
102 135 
90 71 
23 97 
20 56 
123 34 
110 157 
108 42 
90 72 
14 98 
85 92 
55 62 
116 128 
70 59 
38 79 
112 137 
38 11 
6 44 
110 17 
16 128 
132 147 
97 125 
51 68 
24 133 
142 155 
92 127 
6 66 
10 49 
58 166 
142 16 
135 97 
120 92 
129 70 
28 10 
35 153 
65 46 
19 152 
49 96 
61 94 
96 164 
9 161 
80 19 
1 6 
59 57 
150 84 
116 59 
2 53 
60 127 
82 9 
72 84 
109 103 
58 131 
30 62 
62 46 
147 157 
165 23 
159 60 
123 47 
66 20 
92 34 
138 39 
39 124 
152 158 
113 2 
109 74 
165 151 
162 71 
22 1 
15 64 
55 57 
156 18 
157 165 
100 149 
142 79 
104 148 
126 139 
30 115 
131 5 
79 154 
107 111 
142 30 
142 73 
67 105 
16 23 
75 37 
159 21 
157 50 
167 13 
66 99 
15 82 
75 122 
36 158 
156 134 
122 59 
11 125 
150 157 
27 1 
65 137 
13 116 
111 28 
99 138 
88 54 
119 21 
145 6 
141 130 
154 2 
165 26 
55 123 
60 125 
49 107 
132 42 
3 6 
118 150 
131 24 
84 6 
11 94 
104 162 
115 24 
140 124 
134 18 
63 167 
100 150 
50 119 
22 28 
113 14 
7 114 
103 131 
48 33 
114 11 
74 72 
159 90 
150 72 
97 55 
47 42 
159 143 
53 74 
65 121 
60 154 
139 80 
118 49 
60 5 
32 138 
67 19 
45 51 
127 19 
16 62 
31 138 
55 11 
95 141 
56 46 
15 76 
52 54 
80 74 
89 95 
111 145 
47 118 
123 142 
61 137 
105 82 
71 76 
13 104 
74 38 
26 33 
1 112 
155 54 
29 154 
7 155 
93 100 
27 19 
135 70 
156 47 
9 104 
55 72 
141 58 
32 22 
161 24 
19 94 
98 66 
32 99 
147 36 
17 167 
103 134 
86 117 
23 89 
88 60 
28 166 
11 76 
40 160 
13 48 
118 28 
36 74 
160 116 
32 76 
29 8 
49 80 
71 24 
164 92 
44 61 
161 163 
95 140 
80 60 
10 138 
33 118 
116 48 
149 125 
80 39 
92 107 
80 152 
107 140 
118 152 
106 42 
72 96 
127 152 
19 10 
147 142 
133 91 
159 91 
48 104 
124 127 
120 162 
38 7 
105 166 
118 45 
59 1 
24 62 
55 161 
77 56 
100 28 
68 21 
61 73 
75 92 
110 44 
155 88 
102 101 
87 17 
54 106 
29 32 
73 160 
11 159 
36 132 
42 134 
3 26 
66 16 
84 137 
138 148 
53 147 
3 134 
118 80 
132 138 
120 78 
86 136 
134 82 
101 98 
128 151 
84 34 
72 114 
2 22 
94 33 
141 168 
150 10 
121 122 
115 66 
79 54 
25 135 
163 104 
59 48 
98 44 
55 164 
114 10 
7 111 
153 87 
25 53 
38 100 
11 105 
55 44 
66 44 
89 77 
92 90 
131 112 
110 49 
44 147 
143 163 
113 119 
133 16 
152 48 
113 40 
12 134 
2 138 
115 54 
164 119 
108 31 
44 43 
27 24 
6 69 
36 110 
157 112 
24 91 
138 106 
68 111 
11 39 
158 69 
139 9 
83 36 
47 90 
137 99 
60 32 
16 37 
68 119 
22 88 
43 118 
106 16 
121 1 
111 142 
110 131 
135 111 
86 168 
157 34 
168 6 
81 73 
46 117 
63 72 
40 39 
155 138 
168 143 
85 114 
140 135 
131 164 
161 114 
74 104 
119 106 
130 108 
98 65 
124 49 
74 81 
154 81 
100 97 
31 126 
162 5 
63 67 
163 118 
55 81 
144 22 
88 16 
9 167 
152 122 
83 65 
20 143 
50 149 
85 117 
55 118 
69 33 
115 79 
148 99 
155 97 
139 15 
104 4 
162 158 
58 97 
56 13 
82 161 
160 52 
45 105 
88 113 
36 56 
146 142 
148 14 
102 20 
163 59 
116 150 
104 70 
8 162 
98 73 
131 73 
43 100 
165 131 
37 97 
158 25 
117 123 
126 102 
61 119 
40 164 
167 144 
28 133 
115 52 
121 85 
112 36 
47 7 
164 144 
149 52 
166 56 
151 29 
48 108 
20 88 
121 142 
86 3 
142 67 
117 81 
68 55 
68 140 
36 95 
7 116 
157 59 
158 134 
167 11 
114 13 
14 79 
47 97 
137 106 
55 141 
168 33 
73 148 
66 77 
87 48 
70 163 
124 165 
15 18 
68 103 
14 150 
75 129 
5 72 
152 66 
114 95 
31 64 
75 90 
10 9 
24 90 
22 160 
115 157 
72 11 
2 55 
30 32 
16 92 
87 168 
73 38 
82 13 
166 118 
29 126 
104 113 
151 122 
24 99 
127 12 
116 106 
109 113 
68 81 
38 151 
54 19 
87 10 
33 4 
126 94 
59 129 
41 83 
117 147 
21 70 
91 51 
128 90 
87 68 
82 112 
152 91 
145 30 
8 10 
54 2 
8 141 
137 139 
42 161 
55 149 
37 168 
147 143 
153 34 
162 103 
46 106 
167 71 
35 111 
140 26 
15 81 
105 160 
70 147 
124 70 
114 5 
25 114 
79 49 
39 167 
94 163 
152 116 
42 160 
71 164 
83 100 
151 84 
101 152 
20 7 
24 124 
114 86 
123 166 
110 70 
89 142 
55 91 
75 56 
111 165 
59 22 
84 103 
159 46 
87 111 
17 65 
106 111 
31 80 
145 105 
8 5 
43 54 
139 33 
110 121 
161 89 
41 33 
111 11 
12 143 
23 84 
95 65 
162 115 
133 151 
75 142 
35 168 
14 80 
128 105 
72 99 
15 85 
130 27 
65 113 
84 45 
164 80 
123 162 
10 112 
35 144 
65 43 
91 28 
77 149 
49 99 
166 32 
75 150 
156 2 
41 120 
63 20 
104 128 
144 60 
158 141 
94 110 
124 104 
14 158 
4 3 
134 101 
66 130 
55 51 
83 96 
81 86 
4 25 
44 52 
10 40 
129 132 
8 49 
25 9 
89 107 
140 163 
118 121 
87 126 
81 136 
66 93 
96 39 
158 1 
77 144 
82 44 
107 109 
101 37 
25 31 
141 148 
7 32 
43 75 
33 163 
5 9 
90 126 
17 20 
106 121 
26 99 
30 164 
95 107 
79 25 
49 71 
32 31 
66 110 
46 81 
60 73 
98 5 
127 164 
127 70 
136 124 
125 103 
103 164 
33 39 
131 119 
163 150 
97 121 
155 34 
1 72 
27 23 
76 22 
73 108 
123 16 
16 117 
67 79 
45 7 
61 133 
86 84 
129 82 
142 159 
100 120 
8 154 
91 153 
64 13 
164 38 
96 115 
84 139 
166 96 
22 136 
59 141 
159 50 
162 167 
150 143 
129 78 
138 20 
129 121 
110 111 
15 96 
136 168 
168 51 
23 132 
61 51 
154 102 
1 107 
13 109 
84 98 
89 24 
150 90 
42 151 
127 102 
139 120 
101 120 
145 26 
64 130 
117 94 
19 119 
23 56 
18 24 
108 38 
166 130 
77 168 
120 11 
61 1 
100 124 
67 147 
21 106 
97 52 
87 40 
95 106 
98 147 
164 166 
143 33 
131 162 
24 39 
63 42 
123 152 
88 112 
66 50 
1 56 
81 139 
35 56 
162 31 
134 21 
93 116 
84 132 
58 136 
20 112 
68 117 
73 3 
26 41 
40 131 
49 86 
55 107 
66 21 
92 82 
31 119 
113 62 
52 25 
34 135 
2 56 
132 82 
63 82 
167 8 
155 27 
119 51 
118 76 
141 72 
8 72 
68 74 
146 126 
83 74 
89 4 
95 64 
96 121 
161 164 
21 31 
18 52 
40 58 
14 99 
47 26 
67 5 
159 89 
64 91 
70 158 
93 145 
9 156 
95 35 
109 131 
161 146 
22 142 
15 136 
125 106 
1 54 
41 13 
37 27 
15 8 
18 47 
77 78 
146 53 
142 144 
100 2 
29 129 
49 134 
35 118 
24 28 
109 43 
29 3 
129 114 
43 104 
129 63 
79 32 
36 41 
158 123 
161 16 
137 42 
76 57 
136 26 
102 105 
42 2 
38 122 
154 82 
51 111 
160 158 
43 98 
112 39 
136 93 
143 29 
160 33 
101 50 
163 129 
153 84 
39 29 
68 162 
105 76 
88 95 
103 121 
107 126 
2 90 
11 143 
88 149 
86 88 
98 140 
79 149 
142 5 
42 41 
51 95 
58 32 
33 100 
149 94 
91 121 
162 101 
157 111 
129 16 
48 21 
138 51 
24 154 
114 122 
87 154 
22 162 
158 118 
10 144 
91 73 
86 115 
108 93 
106 75 
61 21 
166 48 
126 42 
95 24 
39 123 
73 152 
57 127 
120 96 
128 12 
42 65 
103 112 
139 112 
42 68 
1 99 
102 84 
71 59 
35 47 
20 100 
66 43 
149 4 
92 111 
167 152 
58 102 
80 57 
4 142 
148 157 
21 143 
127 100 
41 63 
125 100 
128 19 
159 147 
21 12 
116 85 
113 59 
155 24 
72 167 
127 37 
127 161 
167 32 
31 137 
156 104 
161 7 
3 96 
48 113 
115 121 
145 10 
39 110 
114 80 
100 135 
126 50 
121 168 
12 137 
16 13 
112 8 
28 60 
78 81 
122 74 
123 19 
25 105 
141 76 
59 85 
69 10 
157 152 
84 101 
16 78 
24 87 
112 48 
153 162 
101 57 
166 17 
99 166 
45 139 
130 153 
11 7 
24 98 
40 26 
19 45 
158 85 
120 50 
19 74 
149 82 
154 34 
163 136 
136 51 
116 29 
152 71 
50 107 
118 109 
106 65 
35 49 
29 54 
35 166 
27 28 
153 25 
33 22 
155 43 
88 49 
58 124 
123 113 
130 44 
123 75 
151 160 
42 130 
158 119 
29 50 
23 162 
12 152 
69 15 
62 1 
121 82 
134 29 
166 132 
48 14 
162 6 
152 130 
167 60 
82 11 
144 56 
1 100 
118 113 
19 50 
106 8 
164 84 
65 69 
59 2 
161 65 
90 28 
47 128 
165 114 
112 98 
84 57 
17 1 
12 124 
29 63 
69 30 
11 62 
19 140 
74 89 
5 15 
155 72 
110 43 
29 132 
75 83 
138 94 
132 94 
7 78 
34 90 
135 27 
124 108 
64 20 
16 45 
99 25 
121 151 
9 130 
37 120 
77 133 
84 29 
47 93 
73 8 
62 159 
17 120 
34 7 
145 23 
85 37 
126 157 
110 147 
138 16 
30 72 
28 58 
121 117 
36 103 
80 26 
101 41 
125 137 
57 113 
154 70 
71 41 
5 94 
25 146 
59 37 
144 85 
55 159 
22 110 
41 162 
53 17 
102 162 
79 122 
57 110 
75 112 
106 140 
34 50 
119 151 
70 30 
18 113 
123 94 
5 148 
46 13 
40 44 
80 102 
85 42 
144 53 
9 68 
98 123 
96 99 
105 141 
74 161 
37 13 
127 31 
45 25 
80 81 
108 16 
155 25 
165 115 
147 4 
153 29 
48 157 
82 100 
53 18 
36 166 
105 1 
120 131 
4 121 
80 117 
20 161 
45 121 
104 46 
26 134 
155 92 
148 101 
88 154 
111 85 
105 110 
167 75 
59 140 
19 38 
166 107 
168 52 
136 76 
102 76 
55 20 
43 131 
37 108 
95 90 
58 92 
56 85 
8 38 
145 17 
156 33 
76 138 
121 90 
124 129 
76 25 
72 45 
91 1 
142 118 
36 139 
125 36 
31 106 
143 107 
148 16 
94 127 
11 153 
56 146 
93 152 
120 155 
168 72 
115 9 
71 78 
109 142 
86 55 
137 118 
35 148 
139 2 
95 142 
25 138 
151 81 
113 56 
132 60 
69 163 
43 47 
14 39 
92 14 
10 163 
132 16 
52 22 
8 166 
47 69 
152 68 
114 154 
134 72 
122 95 
7 159 
14 86 
135 60 
142 108 
123 82 
4 54 
4 30 
69 124 
57 121 
53 126 
116 32 
92 64 
59 101 
65 123 
94 59 
67 132 
92 139 
63 65 
88 133 
36 163 
42 30 
19 72 
13 115 
128 132 
24 38 
134 143 
64 28 
28 137 
163 43 
134 91 
50 8 
50 11 
107 54 
11 26 
45 38 
2 1 
160 130 
57 38 
37 4 
150 56 
26 54 
127 98 
53 9 
1 97 
64 153 
75 105 
76 78 
150 44 
127 50 
72 18 
38 70 
21 13 
84 123 
8 37 
11 17 
9 118 
29 111 
14 97 
165 156 
78 122 
83 37 
134 102 
124 38 
74 136 
10 119 
60 75 
104 135 
117 88 
75 96 
43 30 
37 153 
7 50 
103 159 
2 43 
7 94 
20 154 
17 139 
162 163 
31 88 
33 14 
166 110 
151 80 
153 134 
87 93 
99 11 
98 19 
119 144 
73 59 
17 39 
84 20 
159 162 
150 69 
70 73 
36 67 
68 108 
19 153 
66 47 
23 108 
47 29 
153 46 
9 55 
134 35 
145 127 
152 105 
142 42 
61 76 
1 110 
84 152 
106 17 
14 22 
1 86 
164 59 
93 16 
109 78 
2 148 
4 96 
23 76 
79 135 
130 22 
130 148 
109 105 
123 105 
131 134 
157 70 
2 29 
18 28 
140 23 
131 67 
147 94 
146 12 
3 58 
6 73 
166 143 
57 157 
13 129 
52 46 
125 48 
61 33 
67 2 
124 147 
131 140 
130 94 
132 39 
33 49 
138 89 
58 88 
80 138 
98 77 
45 81 
120 77 
133 39 
97 90 
124 126 
161 108 
165 99 
156 3 
54 114 
43 12 
117 51 
100 53 
71 120 
145 158 
3 129 
134 139 
71 23 
144 159 
26 9 
100 84 
7 143 
109 149 
117 72 
113 68 
28 146 
85 123 
130 68 
42 84 
113 154 
43 150 
49 160 
39 27 
39 81 
7 130 
94 36 
33 126 
72 89 
142 161 
30 119 
72 160 
141 163 
168 61 
29 114 
86 36 
16 48 
133 53 
114 93 
103 13 
25 154 
2 95 
163 120 
39 63 
72 113 
121 87 
128 117 
114 18 
71 3 
31 5 
95 137 
117 49 
55 7 
93 149 
55 32 
95 55 
100 134 
155 150 
113 5 
160 118 
77 74 
31 107 
100 4 
40 14 
21 5 
23 134 
66 42 
6 26 
153 15 
112 85 
52 126 
154 98 
102 144 
86 65 
158 20 
82 18 
140 13 
157 131 
2 44 
7 108 
84 88 
64 5 
118 20 
21 140 
30 3 
18 131 
168 18 
61 58 
5 18 
22 40 
10 121 
57 162 
48 88 
35 151 
157 56 
137 143 
152 153 
36 20 
29 125 
74 54 
142 152 
113 15 
108 83 
95 26 
94 164 
108 128 
118 17 
107 135 
160 1 
21 147 
87 82 
7 23 
69 50 
141 43 
43 49 
45 17 
153 113 
164 139 
83 21 
98 11 
156 80 
17 132 
73 40 
96 90 
130 135 
27 9 
113 125 
21 135 
13 81 
87 120 
72 75 
53 163 
112 136 
32 28 
81 66 
103 98 
158 165 
30 90 
8 61 
18 95 
41 153 
115 81 
24 119 
119 33 
16 4 
135 151 
67 117 
100 77 
101 159 
126 28 
80 136 
44 141 
46 128 
1 57 
143 1 
166 103 
156 45 
71 10 
131 93 
35 122 
108 10 
161 152 
1 9 
73 77 
69 59 
121 95 
67 104 
44 159 
92 49 
51 133 
92 158 
144 68 
137 108 
108 75 
80 132 
166 33 
30 64 
64 142 
140 149 
63 104 
113 3 
56 11 
135 67 
29 97 
103 92 
80 134 
49 136 
147 19 
14 144 
109 128 
32 158 
59 133 
74 149 
81 143 
148 55 
9 29 
147 78 
21 29 
57 85 
58 87 
35 110 
89 27 
81 21 
5 102 
56 112 
46 31 
142 46 
117 25 
11 30 
12 111 
24 37 
125 133 
16 162 
151 61 
110 148 
62 140 
63 7 
47 131 
156 37 
97 120 
148 103 
64 106 
69 137 
50 73 
125 163 
82 25 
93 141 
44 88 
136 52 
151 2 
136 75 
151 67 
15 10 
99 155 
37 90 
101 89 
123 138 
135 68 
16 49 
53 123 
49 64 
17 123 
7 89 
48 20 
114 81 
142 68 
111 146 
41 72 
25 55 
24 135 
29 106 
44 73 
36 141 
165 33 
73 136 
166 63 
70 39 
62 28 
94 64 
96 133 
114 47 
130 104 
107 105 
55 46 
47 30 
39 139 
114 153 
50 52 
168 120 
111 129 
112 130 
75 127 
149 3 
160 57 
117 113 
67 137 
155 36 
111 54 
159 125 
100 66 
130 4 
16 25 
95 27 
106 105 
105 3 
37 150 
41 89 
118 89 
144 151 
20 105 
43 51 
15 75 
112 83 
39 141 
41 146 
135 12 
120 108 
89 134 
167 157 
58 24 
9 149 
114 90 
25 115 
130 150 
30 120 
10 33 
166 88 
147 58 
17 162 
42 125 
64 56 
140 132 
140 72 
35 108 
17 78 
60 24 
30 147 
41 81 
29 38 
78 143 
74 51 
140 85 
38 65 
166 80 
25 103 
165 13 
119 153 
30 82 
60 82 
53 39 
57 27 
47 164 
35 36 
10 167 
146 63 
26 32 
39 84 
139 14 
107 132 
71 11 
158 150 
118 77 
168 12 
155 37 
151 148 
160 143 
69 51 
3 75 
52 112 
63 10 
69 76 
114 78 
155 62 
11 108 
151 124 
89 129 
123 10 
98 69 
73 58 
85 142 
4 116 
23 96 
81 8 
125 136 
150 47 
122 120 
84 160 
110 89 
34 139 
112 141 
108 81 
84 163 
154 51 
7 44 
130 73 
106 168 
67 140 
137 18 
122 81 
76 82 
7 119 
128 114 
77 54 
115 153 
16 145 
152 22 
93 117 
60 58 
167 98 
4 110 
156 158 
134 110 
63 32 
91 136 
46 58 
11 31 
56 29 
39 152 
115 167 
108 87 
137 41 
133 70 
16 154 
155 81 
150 48 
60 66 
66 54 
27 152 
144 134 
44 14 
4 90 
85 134 
59 88 
98 67 
154 167 
150 145 
20 4 
10 53 
41 107 
157 3 
82 27 
142 116 
166 41 
24 16 
15 40 
119 162 
127 168 
18 147 
15 60 
55 147 
129 10 
46 167 
155 78 
118 136 
155 30 
94 28 
7 90 
18 41 
96 102 
153 101 
76 145 
85 67 
48 54 
138 100 
135 40 
94 146 
75 61 
127 67 
35 9 
80 33 
143 39 
56 26 
16 107 
78 53 
51 87 
13 54 
128 50 
46 17 
103 40 
148 67 
51 106 
58 99 
104 114 
5 119 
13 39 
107 57 
100 41 
40 83 
131 23 
6 71 
49 145 
26 150 
56 62 
64 149 
157 128 
131 38 
164 151 
138 149 
14 124 
90 62 
100 130 
81 22 
119 74 
128 83 
102 25 
112 149 
104 39 
110 9 
152 31 
135 36 
118 18 
151 11 
42 82 
99 40 
64 139 
54 124 
81 132 
80 108 
37 11 
84 126 
121 16 
141 109 
16 146 
6 28 
48 136 
145 11 
92 135 
153 116 
78 35 
40 41 
150 86 
149 40 
144 78 
122 53 
148 74 
20 147 
6 118 
23 135 
36 157 
53 154 
21 102 
6 150 
6 60 
125 147 
32 101 
128 39 
102 1 
9 63 
51 60 
105 132 
118 162 
63 111 
112 127 
35 136 
95 25 
131 158 
48 165 
90 44 
168 30 
26 87 
132 45 
150 81 
96 135 
107 151 
40 137 
77 132 
96 34 
166 120 
157 26 
22 161 
145 5 
150 161 
73 117 
114 50 
145 8 
30 27 
21 53 
123 49 
68 24 
53 59 
50 45 
115 22 
73 133 
113 51 
127 123 
127 29 
49 41 
94 82 
19 1 
148 121 
159 48 
49 161 
84 111 
148 48 
140 4 
135 136 
158 49 
96 60 
47 12 
38 113 
40 119 
39 121 
133 163 
14 46 
21 131 
8 65 
66 95 
131 148 
10 148 
64 163 
145 142 
45 63 
15 87 
90 164 
129 101 
49 120 
24 72 
40 90 
154 166 
51 37 
64 96 
134 16 
147 61 
102 157 
21 33 
90 8 
123 134 
126 8 
11 112 
120 22 
47 137 
91 23 
109 100 
142 105 
75 7 
136 126 
104 129 
50 105 
120 40 
142 168 
36 55 
152 107 
167 58 
52 74 
106 157 
22 78 
168 76 
60 106 
27 117 
136 119 
165 137 
113 31 
47 17 
31 94 
138 92 
94 37 
132 122 
136 167 
130 164 
36 124 
92 93 
95 15 
9 65 
19 44 
151 88 
13 38 
163 164 
31 135 
11 91 
34 94 
125 61 
155 106 
96 138 
92 10 
148 57 
83 148 
97 21 
