135 4478 
83 89 109 98 123 243 262 99 201 210 169 211 108 124 8 58 268 198 278 163 108 286 276 35 15 175 292 63 124 229 139 1 162 15 292 206 143 85 193 46 230 291 84 103 257 156 211 171 269 130 7 139 5 174 69 264 130 108 114 268 174 86 39 184 136 46 234 17 272 66 59 9 268 63 252 66 107 30 28 25 104 67 257 36 129 263 145 298 266 229 146 111 282 183 256 69 273 33 21 280 122 192 166 159 82 267 27 204 96 71 154 255 158 63 242 103 111 38 194 283 223 153 40 273 208 202 198 159 235 285 147 73 252 271 35 
19 45 
115 112 
6 19 
13 73 
115 63 
34 130 
109 110 
124 31 
75 108 
48 2 
97 8 
24 76 
64 80 
26 43 
82 126 
3 32 
18 67 
21 12 
15 107 
89 92 
37 39 
47 17 
50 52 
1 125 
107 49 
107 25 
78 91 
41 123 
134 20 
101 46 
18 7 
15 6 
131 115 
32 42 
12 88 
101 128 
62 132 
85 9 
94 47 
13 41 
87 89 
109 131 
120 42 
114 85 
123 65 
17 96 
58 76 
104 5 
111 73 
15 2 
120 89 
123 124 
32 10 
67 111 
109 68 
26 106 
31 134 
4 106 
62 41 
99 129 
33 80 
6 90 
83 105 
75 34 
108 45 
76 32 
78 66 
25 70 
32 55 
100 83 
100 66 
121 119 
96 3 
33 62 
93 114 
50 35 
118 113 
29 15 
132 7 
107 101 
13 75 
90 36 
1 19 
104 126 
120 101 
98 60 
19 106 
95 117 
98 16 
109 6 
62 45 
85 30 
16 122 
76 23 
41 4 
24 84 
26 9 
61 23 
76 93 
89 20 
126 50 
2 50 
9 55 
72 14 
5 85 
111 36 
118 86 
66 15 
85 20 
88 39 
117 70 
101 24 
61 32 
91 108 
87 132 
99 128 
124 106 
64 28 
110 123 
123 71 
17 62 
76 80 
32 131 
131 121 
22 131 
77 29 
5 102 
70 27 
91 1 
103 119 
77 14 
71 126 
108 93 
27 15 
5 75 
69 124 
85 106 
129 85 
20 117 
25 76 
35 56 
68 123 
32 4 
100 50 
106 55 
105 62 
24 102 
41 17 
124 75 
109 46 
52 99 
77 44 
81 107 
111 49 
87 53 
78 48 
56 4 
108 76 
46 62 
97 128 
106 93 
77 9 
120 77 
87 67 
33 4 
62 126 
126 116 
77 91 
92 73 
78 10 
109 133 
39 8 
32 135 
25 88 
88 45 
85 42 
36 135 
132 130 
123 18 
40 31 
109 66 
7 67 
76 68 
7 134 
117 78 
74 43 
65 38 
47 103 
53 109 
53 126 
10 113 
132 105 
47 28 
98 36 
102 10 
29 76 
98 81 
15 110 
12 17 
118 94 
1 90 
97 120 
73 106 
82 93 
91 50 
64 8 
27 125 
27 46 
35 123 
75 66 
44 70 
115 13 
108 99 
27 63 
117 55 
38 133 
94 102 
122 112 
5 132 
92 112 
2 131 
3 108 
32 99 
35 30 
49 93 
56 49 
26 74 
4 122 
78 13 
100 119 
5 101 
118 114 
120 22 
93 5 
11 118 
99 113 
77 113 
5 49 
21 119 
90 41 
76 40 
59 81 
3 109 
6 135 
127 75 
70 17 
65 104 
80 121 
46 7 
119 38 
65 132 
45 17 
20 31 
105 120 
108 47 
127 119 
58 129 
50 112 
79 86 
73 28 
48 117 
48 74 
129 20 
133 90 
104 55 
67 43 
66 92 
32 86 
100 76 
9 2 
37 89 
111 113 
41 99 
15 87 
35 12 
112 33 
36 23 
4 135 
59 98 
124 127 
53 93 
24 105 
95 62 
14 87 
21 125 
134 93 
58 47 
81 61 
92 40 
119 129 
57 73 
78 52 
28 57 
72 87 
19 63 
63 100 
31 3 
43 97 
69 82 
71 81 
10 95 
77 54 
25 75 
90 91 
3 105 
81 38 
128 44 
4 73 
29 27 
93 91 
115 46 
53 122 
37 77 
2 58 
112 10 
71 77 
111 41 
129 43 
79 89 
24 8 
5 78 
75 115 
35 101 
122 107 
9 111 
95 38 
125 32 
39 58 
50 85 
75 112 
30 93 
78 65 
103 96 
80 105 
53 111 
87 76 
92 87 
91 60 
12 59 
108 71 
70 91 
83 87 
98 70 
45 47 
38 66 
33 132 
58 134 
45 131 
67 133 
21 32 
11 68 
111 101 
9 75 
93 4 
37 76 
28 23 
118 120 
86 109 
50 3 
58 15 
36 125 
6 119 
19 109 
17 54 
84 65 
65 15 
91 19 
127 98 
56 57 
40 42 
97 131 
70 113 
49 7 
111 130 
38 76 
17 38 
12 71 
118 23 
25 15 
53 26 
84 110 
74 2 
46 23 
61 134 
17 105 
7 100 
62 68 
73 23 
34 81 
125 26 
67 24 
97 41 
15 112 
86 63 
41 110 
35 91 
88 64 
89 84 
117 3 
10 131 
46 89 
106 88 
33 44 
55 8 
119 112 
112 24 
97 32 
12 40 
88 37 
82 42 
100 129 
26 128 
14 57 
96 45 
39 121 
10 61 
123 80 
123 74 
50 7 
45 15 
64 30 
60 45 
49 72 
93 36 
96 57 
35 72 
134 1 
82 15 
101 121 
133 86 
12 109 
49 30 
91 73 
42 116 
118 15 
20 32 
50 4 
33 127 
103 67 
104 28 
101 52 
26 45 
93 124 
91 40 
98 68 
48 23 
124 118 
130 69 
54 75 
22 55 
61 5 
25 94 
63 102 
21 54 
102 30 
30 104 
32 121 
12 92 
54 108 
109 69 
91 31 
37 114 
87 66 
114 113 
53 58 
90 46 
83 79 
20 94 
60 5 
87 5 
92 25 
55 102 
118 95 
61 119 
104 12 
77 92 
13 7 
117 2 
60 39 
95 129 
21 89 
94 89 
59 122 
28 8 
110 79 
25 99 
17 131 
9 80 
15 21 
6 102 
40 53 
132 43 
1 100 
27 48 
132 3 
10 68 
124 76 
36 33 
75 134 
75 131 
107 63 
19 53 
32 47 
89 108 
61 126 
49 68 
56 92 
110 64 
98 110 
108 50 
63 58 
100 82 
23 114 
29 97 
134 123 
36 110 
84 3 
70 107 
114 52 
85 108 
73 66 
27 117 
102 89 
30 82 
70 24 
78 9 
73 45 
57 69 
42 127 
22 114 
9 71 
132 78 
83 86 
1 101 
66 89 
130 29 
48 22 
19 5 
92 103 
17 3 
129 50 
15 70 
82 101 
106 125 
86 49 
123 58 
2 55 
9 29 
99 31 
101 122 
77 7 
88 105 
74 105 
102 29 
121 111 
6 39 
119 25 
37 83 
55 89 
73 50 
84 28 
6 89 
18 28 
89 109 
130 115 
89 39 
34 58 
41 29 
69 38 
86 81 
133 65 
111 17 
32 119 
115 93 
16 28 
37 23 
117 72 
32 109 
23 82 
30 16 
129 82 
27 89 
35 128 
15 63 
41 130 
13 132 
97 133 
52 71 
128 104 
73 93 
15 23 
82 52 
126 12 
8 105 
115 94 
80 92 
11 29 
72 98 
103 70 
126 31 
37 62 
7 70 
13 21 
31 111 
33 81 
46 49 
59 74 
129 120 
135 108 
25 10 
130 84 
79 21 
54 42 
97 118 
97 22 
122 103 
70 56 
112 72 
113 104 
81 22 
5 77 
43 71 
131 128 
26 23 
12 37 
16 15 
81 70 
16 20 
74 53 
34 48 
52 38 
93 35 
54 128 
1 8 
10 114 
43 9 
95 115 
117 99 
17 68 
67 95 
102 97 
21 132 
46 103 
39 16 
13 46 
60 16 
104 91 
65 51 
33 118 
86 117 
60 89 
37 101 
52 70 
9 112 
97 94 
80 75 
67 19 
21 73 
34 111 
72 62 
35 16 
50 83 
22 1 
95 111 
96 46 
54 55 
87 32 
2 26 
3 29 
126 134 
97 69 
70 51 
85 47 
26 121 
85 59 
63 110 
134 30 
57 22 
99 127 
32 126 
124 91 
132 63 
37 36 
67 69 
61 133 
37 6 
86 27 
93 80 
110 52 
4 105 
75 28 
41 19 
90 134 
30 56 
59 45 
114 102 
101 66 
8 98 
72 94 
101 91 
3 67 
27 124 
24 35 
33 72 
85 110 
6 66 
54 60 
47 98 
26 7 
77 33 
122 44 
22 68 
73 118 
101 92 
87 27 
49 47 
85 58 
12 132 
88 70 
40 20 
132 83 
126 15 
54 117 
58 135 
52 57 
76 65 
51 75 
48 67 
9 113 
103 91 
132 9 
40 56 
60 53 
126 67 
114 28 
46 70 
36 38 
61 22 
121 29 
53 7 
80 48 
15 133 
6 68 
75 116 
104 122 
93 99 
59 135 
35 33 
9 36 
126 88 
107 131 
77 78 
27 21 
101 47 
91 81 
117 50 
125 91 
117 68 
62 11 
22 19 
3 36 
112 18 
30 65 
31 89 
20 99 
33 14 
61 108 
135 117 
72 26 
44 80 
99 9 
2 83 
48 58 
130 109 
86 91 
130 124 
133 56 
57 102 
18 8 
52 80 
70 87 
55 76 
131 77 
13 33 
7 107 
38 132 
12 105 
6 62 
38 23 
103 63 
89 58 
28 79 
94 87 
32 110 
80 77 
73 60 
93 120 
66 77 
89 11 
4 54 
23 11 
95 34 
48 62 
20 65 
43 64 
60 4 
40 57 
99 47 
65 98 
34 39 
61 88 
99 94 
86 43 
133 69 
78 133 
10 83 
82 133 
42 111 
22 9 
73 67 
129 76 
41 50 
128 83 
89 119 
68 53 
36 44 
118 30 
132 1 
123 39 
20 61 
122 127 
127 69 
114 32 
69 71 
65 113 
16 106 
119 85 
9 68 
67 128 
131 119 
45 129 
82 75 
67 17 
129 57 
101 69 
54 130 
78 55 
31 63 
22 111 
105 68 
131 23 
10 120 
83 18 
76 18 
112 74 
31 121 
85 134 
22 31 
129 2 
131 52 
71 73 
120 122 
113 80 
69 59 
134 76 
59 2 
39 17 
82 106 
104 119 
37 96 
108 58 
8 4 
51 9 
64 105 
4 46 
123 61 
45 102 
87 65 
3 55 
13 121 
63 119 
30 127 
23 98 
20 39 
130 87 
60 100 
35 7 
99 36 
77 24 
67 59 
24 113 
118 31 
58 87 
31 27 
11 87 
51 69 
68 73 
60 38 
24 125 
46 19 
92 22 
67 91 
128 106 
98 5 
68 25 
127 135 
124 13 
90 73 
67 46 
3 28 
7 68 
53 27 
38 32 
86 103 
84 42 
102 99 
28 70 
76 67 
118 115 
97 84 
121 42 
49 108 
116 130 
110 58 
65 64 
93 97 
21 116 
68 58 
35 8 
46 113 
38 8 
42 36 
71 106 
62 13 
61 113 
91 115 
61 13 
111 134 
41 117 
88 119 
117 18 
71 2 
73 31 
48 60 
69 122 
83 42 
18 115 
105 107 
15 108 
25 9 
1 32 
108 63 
5 94 
70 121 
43 48 
71 27 
73 103 
37 99 
28 45 
76 41 
65 16 
37 28 
93 130 
126 14 
8 14 
126 9 
107 67 
28 135 
52 55 
92 41 
94 29 
89 8 
23 42 
26 92 
4 51 
108 124 
16 64 
31 79 
76 123 
101 4 
25 2 
82 56 
133 75 
8 41 
63 73 
52 133 
48 69 
34 22 
79 46 
19 85 
44 46 
68 36 
112 60 
63 95 
15 3 
51 61 
119 13 
3 5 
115 12 
2 87 
81 13 
130 121 
81 90 
90 99 
2 122 
37 73 
81 123 
25 50 
35 90 
49 118 
65 25 
62 38 
97 105 
28 7 
100 75 
124 100 
61 25 
66 106 
21 110 
49 57 
114 56 
94 78 
10 29 
77 76 
62 99 
27 28 
50 39 
88 99 
84 71 
126 44 
75 38 
14 115 
57 62 
58 83 
42 27 
10 85 
72 81 
79 77 
109 123 
126 52 
83 95 
70 71 
90 86 
2 97 
103 56 
37 121 
39 80 
64 73 
14 76 
43 70 
107 94 
114 127 
33 122 
18 24 
67 21 
130 40 
133 50 
110 39 
63 54 
14 31 
22 2 
99 80 
125 87 
94 108 
84 111 
35 84 
52 56 
133 92 
107 98 
86 25 
28 133 
100 22 
26 30 
40 100 
53 78 
97 135 
61 87 
135 51 
91 8 
46 86 
101 41 
67 64 
134 15 
122 83 
105 29 
7 115 
6 5 
133 112 
96 14 
76 57 
86 47 
134 35 
107 66 
69 64 
45 24 
58 19 
121 86 
111 29 
122 116 
55 128 
131 87 
9 17 
62 111 
27 35 
61 49 
74 51 
44 87 
98 89 
83 45 
38 127 
69 47 
40 106 
66 104 
133 20 
46 125 
2 12 
57 114 
107 114 
2 61 
83 113 
98 35 
46 56 
75 126 
68 29 
4 68 
65 14 
14 82 
87 50 
76 26 
69 110 
135 23 
79 68 
129 32 
121 25 
22 118 
74 55 
132 61 
29 88 
32 82 
68 119 
74 65 
7 44 
121 40 
92 32 
2 85 
9 91 
72 125 
68 45 
7 73 
8 75 
35 102 
123 24 
56 91 
83 84 
26 11 
11 94 
108 59 
58 65 
1 65 
1 80 
107 83 
17 52 
72 92 
12 41 
8 73 
123 8 
131 30 
10 106 
101 50 
25 120 
36 126 
76 116 
4 20 
96 8 
79 124 
104 94 
74 116 
118 53 
133 114 
30 55 
97 59 
66 26 
49 32 
119 96 
91 62 
30 69 
125 104 
121 78 
94 59 
84 44 
94 13 
134 26 
15 43 
114 99 
29 91 
107 69 
98 22 
8 61 
74 113 
120 79 
11 83 
37 106 
50 9 
57 81 
23 13 
106 29 
32 25 
41 106 
108 44 
10 38 
92 85 
28 51 
121 79 
129 64 
5 46 
42 56 
11 19 
106 61 
122 78 
118 45 
58 10 
53 31 
5 2 
50 22 
12 80 
133 17 
71 13 
18 39 
112 42 
130 127 
79 104 
99 33 
24 54 
81 48 
18 12 
70 100 
128 108 
85 81 
52 127 
57 126 
45 13 
113 38 
31 107 
5 69 
38 9 
80 119 
42 7 
64 118 
86 106 
53 103 
88 11 
33 58 
107 45 
134 69 
124 64 
120 83 
28 91 
121 116 
94 52 
14 19 
65 56 
75 118 
3 7 
87 105 
131 55 
94 88 
51 113 
6 131 
28 111 
59 84 
60 7 
116 12 
29 83 
70 61 
114 40 
63 28 
45 63 
32 48 
36 43 
42 76 
97 47 
49 127 
68 103 
134 57 
109 134 
129 24 
18 35 
73 33 
57 65 
49 119 
10 100 
44 41 
95 96 
94 85 
21 40 
74 120 
35 40 
59 100 
76 117 
42 124 
34 32 
129 132 
104 32 
98 30 
23 64 
66 9 
66 35 
44 26 
55 108 
23 62 
34 87 
4 7 
119 90 
13 42 
3 30 
41 69 
66 7 
123 86 
69 93 
37 20 
3 51 
112 104 
71 114 
87 23 
132 111 
61 79 
42 117 
57 43 
60 101 
95 61 
64 66 
66 41 
80 11 
83 4 
91 61 
31 108 
64 32 
94 33 
46 106 
17 89 
40 80 
77 74 
4 22 
26 21 
2 36 
36 34 
61 31 
46 88 
129 128 
1 15 
58 46 
68 133 
85 31 
5 110 
24 109 
14 124 
5 135 
2 126 
83 88 
76 16 
96 19 
84 112 
64 125 
80 65 
43 98 
120 23 
118 130 
112 27 
50 120 
116 115 
102 23 
124 21 
62 81 
99 75 
1 25 
103 135 
83 12 
30 48 
44 98 
30 59 
74 4 
113 6 
78 41 
115 20 
39 67 
17 79 
5 81 
28 76 
37 75 
98 135 
101 64 
108 7 
67 106 
132 57 
38 33 
17 115 
91 36 
19 66 
45 27 
78 27 
51 20 
59 4 
130 53 
13 96 
91 95 
101 123 
22 14 
30 120 
109 67 
48 90 
16 43 
4 26 
46 32 
60 83 
113 85 
92 109 
4 110 
29 42 
22 127 
33 75 
30 101 
88 30 
99 91 
65 9 
32 75 
118 122 
29 81 
11 13 
123 105 
59 78 
103 120 
108 92 
65 129 
107 100 
131 61 
50 24 
74 79 
2 130 
66 30 
8 10 
131 31 
105 77 
124 36 
111 99 
103 116 
48 49 
133 9 
75 24 
20 76 
93 104 
34 44 
79 23 
3 37 
15 69 
31 116 
19 90 
37 129 
57 133 
106 34 
25 97 
107 110 
29 22 
18 99 
29 55 
89 117 
20 93 
55 86 
61 44 
111 10 
59 105 
126 16 
127 62 
40 109 
53 128 
30 111 
109 90 
23 59 
76 103 
70 128 
98 76 
84 68 
26 54 
131 21 
69 105 
6 125 
29 128 
29 90 
16 115 
112 96 
112 7 
90 96 
77 19 
86 31 
6 49 
3 134 
127 94 
85 135 
76 22 
85 112 
24 65 
82 66 
32 5 
93 86 
59 6 
8 132 
117 13 
25 46 
28 43 
87 117 
96 61 
109 36 
70 118 
134 42 
10 92 
13 25 
34 71 
19 116 
68 19 
16 17 
48 129 
134 9 
69 90 
78 82 
10 87 
60 127 
15 79 
121 128 
116 58 
113 119 
75 69 
132 16 
38 34 
42 1 
76 105 
127 45 
38 67 
19 89 
111 51 
3 22 
11 76 
27 8 
6 123 
3 87 
95 133 
87 7 
13 89 
131 101 
128 61 
80 13 
26 57 
19 103 
19 110 
61 68 
55 1 
127 4 
9 119 
101 19 
73 133 
2 65 
110 103 
45 22 
43 76 
113 73 
54 39 
34 20 
98 12 
22 73 
94 26 
26 119 
86 96 
114 123 
105 71 
131 120 
78 2 
106 11 
107 16 
28 128 
111 6 
117 39 
59 123 
9 82 
104 67 
135 26 
134 120 
131 64 
110 6 
10 59 
61 130 
70 20 
24 69 
123 121 
129 5 
117 51 
59 110 
104 62 
125 126 
35 110 
4 39 
18 5 
129 89 
8 112 
23 44 
11 7 
133 13 
68 83 
90 33 
19 104 
10 119 
21 44 
7 32 
5 7 
66 130 
128 80 
132 50 
5 86 
70 93 
5 117 
23 85 
85 70 
56 55 
96 135 
89 65 
115 36 
84 31 
80 104 
108 70 
3 116 
37 127 
64 72 
14 62 
55 48 
117 32 
24 120 
23 115 
52 40 
113 54 
118 121 
127 67 
134 12 
97 34 
87 129 
115 92 
28 34 
6 35 
4 92 
86 22 
67 113 
121 114 
126 58 
63 118 
122 72 
127 9 
23 70 
16 111 
18 120 
100 90 
9 52 
130 32 
76 17 
73 72 
83 115 
67 100 
65 103 
104 36 
14 94 
44 101 
83 19 
114 53 
128 13 
110 16 
6 21 
47 118 
61 94 
104 121 
29 62 
25 54 
47 26 
59 29 
17 127 
34 115 
85 131 
88 34 
34 120 
47 104 
132 45 
45 12 
11 51 
117 133 
79 127 
92 107 
25 22 
38 101 
78 100 
127 128 
47 18 
98 113 
69 32 
85 74 
14 112 
28 99 
110 18 
129 6 
63 109 
116 29 
121 53 
38 61 
116 135 
95 45 
117 26 
19 28 
31 77 
103 102 
8 67 
30 77 
88 115 
39 64 
57 6 
67 34 
12 34 
35 57 
99 130 
27 7 
45 46 
120 56 
37 44 
80 16 
121 1 
132 85 
64 90 
82 13 
90 25 
34 61 
112 93 
78 128 
118 99 
109 18 
112 20 
7 30 
111 110 
9 56 
66 22 
50 127 
54 12 
61 41 
33 85 
131 8 
33 9 
114 72 
5 72 
131 28 
92 19 
103 71 
95 128 
66 122 
50 20 
122 24 
57 63 
92 65 
25 77 
68 2 
112 83 
28 49 
130 16 
29 24 
107 51 
6 32 
135 91 
112 110 
48 124 
120 113 
132 97 
20 46 
24 1 
58 20 
133 79 
107 109 
120 117 
127 41 
18 88 
56 34 
4 58 
123 84 
59 46 
117 35 
124 43 
118 107 
40 82 
58 78 
32 122 
123 106 
96 131 
81 133 
106 100 
76 104 
93 132 
27 130 
87 108 
96 93 
96 16 
15 59 
48 88 
74 19 
55 96 
20 103 
3 9 
96 1 
42 122 
6 118 
84 37 
92 13 
25 84 
133 125 
43 66 
2 98 
22 82 
9 73 
107 29 
29 117 
51 76 
74 62 
74 31 
103 26 
88 73 
69 55 
133 54 
87 95 
107 89 
56 5 
36 18 
76 131 
74 8 
110 26 
32 84 
93 12 
11 38 
73 52 
78 46 
35 105 
26 120 
133 132 
30 13 
116 95 
75 10 
32 68 
124 38 
73 122 
39 114 
129 8 
127 129 
60 43 
36 116 
110 29 
5 17 
9 110 
116 88 
16 112 
88 81 
64 29 
112 97 
72 43 
34 53 
92 119 
124 29 
114 122 
106 99 
135 119 
51 62 
84 114 
65 114 
100 97 
44 9 
49 53 
96 53 
135 80 
54 62 
65 66 
104 10 
115 42 
87 113 
56 3 
117 25 
120 63 
122 35 
118 1 
116 71 
127 59 
17 84 
9 100 
83 125 
75 48 
33 31 
56 105 
87 26 
129 106 
129 126 
117 67 
107 84 
120 4 
131 53 
31 21 
102 43 
107 104 
21 45 
25 14 
119 102 
101 22 
116 4 
89 128 
86 126 
131 46 
116 46 
133 30 
77 67 
109 7 
24 104 
59 50 
83 56 
1 43 
32 24 
75 119 
115 126 
86 107 
24 127 
96 69 
39 111 
102 96 
14 5 
30 14 
35 26 
18 25 
48 57 
32 95 
53 81 
134 87 
62 75 
116 110 
25 44 
95 28 
128 116 
34 94 
105 131 
65 60 
50 104 
89 23 
26 64 
70 1 
43 93 
66 58 
120 45 
24 121 
67 58 
77 84 
100 64 
10 126 
88 16 
28 86 
134 24 
90 5 
83 46 
125 30 
108 6 
74 88 
4 19 
78 74 
88 62 
115 109 
56 18 
18 49 
89 72 
108 110 
134 117 
68 97 
27 25 
104 49 
1 89 
8 60 
5 67 
30 84 
44 48 
29 26 
62 108 
89 81 
52 108 
42 51 
41 115 
85 16 
26 104 
1 76 
88 36 
101 49 
126 78 
70 120 
66 84 
8 17 
10 70 
7 85 
96 7 
33 55 
109 135 
113 29 
3 57 
20 38 
26 55 
39 125 
48 40 
121 48 
122 43 
52 61 
74 117 
63 42 
109 44 
101 27 
20 47 
108 102 
27 93 
86 19 
95 76 
95 97 
135 63 
74 130 
65 40 
18 33 
72 97 
56 7 
118 26 
102 113 
27 3 
82 112 
43 59 
61 12 
25 53 
19 118 
69 104 
35 45 
55 59 
37 8 
16 128 
15 95 
34 49 
102 60 
90 116 
63 124 
94 122 
48 123 
19 126 
119 12 
116 114 
105 36 
59 95 
51 127 
77 130 
63 134 
46 21 
120 135 
18 53 
84 38 
59 54 
126 63 
132 2 
22 115 
128 96 
107 116 
19 65 
83 133 
113 28 
67 54 
63 65 
38 94 
17 129 
135 48 
36 26 
108 32 
47 114 
90 49 
114 5 
135 114 
100 109 
88 53 
71 47 
134 79 
31 125 
12 135 
27 60 
86 36 
126 97 
15 22 
60 34 
18 89 
64 11 
100 32 
18 38 
20 119 
1 33 
122 5 
55 101 
124 74 
119 33 
79 9 
80 83 
102 134 
45 33 
18 75 
30 106 
43 75 
110 134 
38 48 
88 112 
84 103 
69 66 
107 124 
113 14 
68 52 
97 24 
122 27 
51 89 
100 18 
117 73 
27 97 
69 128 
92 114 
101 135 
72 8 
132 44 
131 79 
42 128 
10 30 
97 103 
95 98 
118 135 
117 111 
118 126 
34 5 
109 126 
74 76 
68 118 
71 94 
20 10 
75 111 
43 63 
53 45 
119 18 
71 49 
2 101 
67 63 
55 57 
14 128 
114 132 
62 112 
105 31 
52 118 
1 36 
110 77 
28 107 
90 98 
78 7 
89 73 
78 40 
134 66 
67 62 
49 35 
122 80 
91 49 
95 124 
116 55 
60 111 
56 129 
99 79 
35 9 
9 24 
123 118 
131 113 
101 96 
103 24 
2 72 
111 50 
61 120 
57 47 
79 57 
103 43 
81 117 
128 71 
108 111 
30 83 
40 112 
100 96 
125 17 
62 34 
122 85 
119 98 
48 53 
8 121 
4 35 
3 133 
60 125 
11 47 
95 14 
45 64 
69 83 
20 100 
134 6 
107 112 
21 36 
3 43 
11 101 
76 90 
46 43 
88 9 
126 98 
125 35 
129 28 
85 22 
50 110 
66 85 
39 19 
21 65 
51 87 
72 95 
82 48 
42 71 
121 107 
122 106 
29 80 
75 121 
134 101 
3 66 
16 66 
61 63 
100 98 
86 56 
39 55 
100 38 
128 130 
17 53 
92 46 
33 19 
8 32 
48 10 
91 55 
73 17 
86 102 
25 79 
24 132 
10 125 
1 9 
124 1 
128 12 
93 50 
103 9 
129 103 
75 50 
79 12 
105 14 
7 12 
9 40 
83 97 
61 35 
53 105 
72 134 
22 65 
135 65 
121 52 
53 101 
133 62 
41 31 
42 99 
121 117 
28 118 
86 41 
31 129 
61 69 
102 49 
119 106 
68 33 
47 2 
133 24 
93 28 
43 81 
104 90 
72 116 
12 124 
92 71 
103 74 
133 98 
120 13 
130 105 
69 45 
115 30 
81 42 
84 108 
71 14 
14 59 
45 14 
79 95 
29 78 
23 67 
131 133 
17 74 
17 100 
114 20 
66 11 
4 2 
47 78 
133 115 
21 108 
16 79 
71 82 
18 9 
120 14 
135 83 
46 14 
18 3 
42 45 
86 10 
20 126 
128 72 
89 52 
16 91 
66 98 
123 83 
79 52 
75 30 
9 121 
13 100 
100 65 
62 117 
94 10 
53 46 
113 30 
97 3 
39 79 
48 99 
68 71 
106 81 
44 66 
82 27 
60 67 
32 118 
85 117 
11 59 
43 130 
135 133 
69 94 
9 123 
113 47 
103 87 
53 69 
97 39 
105 46 
91 130 
25 110 
77 23 
36 32 
60 110 
48 56 
94 60 
119 122 
98 128 
8 26 
106 59 
64 20 
101 70 
118 109 
60 29 
49 84 
135 75 
8 21 
13 63 
14 35 
29 14 
41 121 
97 76 
81 51 
75 16 
56 24 
56 8 
111 102 
104 33 
16 4 
41 72 
14 100 
111 71 
132 112 
8 47 
134 73 
104 116 
97 35 
119 71 
29 67 
99 84 
33 74 
109 16 
101 3 
91 133 
130 60 
23 107 
93 105 
83 24 
95 85 
124 82 
61 89 
131 24 
5 12 
10 42 
44 95 
85 12 
110 62 
39 81 
89 43 
118 81 
57 66 
69 52 
74 87 
77 107 
61 54 
12 65 
31 62 
56 23 
44 114 
25 47 
107 54 
32 105 
80 36 
37 109 
20 43 
118 57 
39 75 
128 60 
132 121 
43 21 
121 110 
62 25 
51 126 
1 113 
125 11 
14 92 
30 126 
91 129 
28 50 
93 59 
38 39 
45 114 
8 118 
25 66 
129 59 
86 40 
113 106 
3 110 
22 33 
29 75 
52 19 
134 4 
63 72 
83 32 
80 68 
90 23 
98 14 
6 40 
61 80 
69 103 
1 63 
99 8 
124 110 
96 133 
9 74 
11 107 
73 58 
90 53 
30 8 
21 88 
8 63 
25 128 
28 120 
21 2 
60 37 
77 3 
50 76 
17 123 
107 17 
119 46 
56 117 
118 69 
111 19 
113 115 
24 68 
25 125 
67 101 
20 105 
102 115 
109 35 
35 32 
132 126 
45 40 
94 135 
46 100 
125 110 
45 110 
106 44 
107 113 
46 2 
6 114 
106 18 
63 51 
78 89 
74 49 
102 17 
125 15 
14 93 
26 93 
22 132 
73 104 
98 50 
59 66 
135 104 
106 20 
102 130 
27 95 
102 132 
37 30 
39 74 
103 131 
59 76 
113 25 
133 116 
109 97 
43 22 
84 22 
71 18 
82 83 
1 14 
124 16 
11 119 
126 131 
73 95 
109 87 
125 95 
111 11 
99 54 
22 125 
25 127 
74 128 
75 84 
31 122 
131 44 
27 116 
64 99 
56 87 
62 87 
98 69 
48 101 
72 53 
80 86 
95 57 
67 89 
118 14 
99 3 
21 83 
73 32 
66 91 
76 60 
53 123 
46 11 
11 122 
66 8 
7 54 
106 38 
12 47 
92 110 
64 119 
63 111 
27 132 
47 72 
76 112 
12 43 
76 44 
53 50 
80 102 
85 28 
80 32 
123 102 
30 86 
111 45 
79 130 
123 91 
90 82 
72 19 
97 54 
72 91 
12 4 
131 81 
124 126 
25 105 
1 67 
22 103 
90 108 
103 23 
78 51 
59 113 
117 79 
67 2 
2 11 
19 42 
14 17 
19 82 
96 123 
69 135 
38 117 
85 83 
73 48 
41 60 
103 123 
57 12 
91 105 
100 54 
53 91 
42 109 
7 101 
108 117 
96 79 
20 135 
79 14 
119 4 
11 132 
107 36 
16 134 
14 32 
111 65 
49 1 
116 65 
7 124 
114 19 
110 89 
21 86 
131 73 
122 102 
49 51 
72 42 
5 95 
100 45 
117 15 
114 90 
26 81 
62 21 
83 47 
134 108 
33 17 
96 9 
114 38 
78 76 
69 132 
68 86 
105 111 
93 111 
90 62 
3 128 
33 3 
14 122 
10 107 
44 62 
69 114 
76 19 
75 53 
97 64 
51 84 
6 93 
38 53 
38 92 
8 90 
89 47 
74 27 
25 129 
15 114 
50 67 
38 87 
22 42 
91 45 
24 11 
24 58 
95 55 
134 50 
40 123 
25 112 
12 8 
51 109 
7 104 
4 61 
1 109 
106 96 
133 45 
113 71 
123 56 
109 76 
95 18 
120 65 
66 79 
98 58 
45 16 
21 107 
8 122 
44 117 
112 116 
78 39 
103 14 
120 102 
113 130 
99 45 
76 115 
131 12 
41 30 
105 54 
18 32 
100 101 
55 94 
64 121 
116 124 
26 16 
11 98 
125 99 
31 90 
93 52 
76 48 
38 131 
89 77 
64 54 
126 35 
27 108 
128 111 
71 129 
33 61 
98 106 
115 35 
17 101 
129 134 
31 60 
102 66 
49 78 
1 86 
22 91 
1 120 
96 129 
129 118 
78 60 
51 31 
1 2 
17 92 
1 59 
130 119 
56 60 
27 40 
42 133 
20 33 
116 38 
66 121 
132 70 
34 74 
64 123 
131 34 
47 42 
105 89 
131 19 
56 6 
108 8 
22 87 
15 17 
130 110 
52 72 
48 131 
67 78 
132 41 
135 130 
79 13 
15 33 
70 36 
84 121 
21 35 
16 73 
4 114 
63 26 
80 2 
84 47 
61 111 
30 44 
74 98 
78 127 
72 135 
130 63 
58 28 
25 98 
118 38 
89 134 
125 76 
109 43 
27 126 
98 37 
71 86 
54 88 
122 87 
118 42 
95 99 
132 51 
18 87 
132 124 
74 129 
26 14 
14 129 
126 1 
63 74 
83 22 
90 93 
4 62 
13 76 
94 7 
76 85 
40 98 
18 79 
92 23 
18 57 
93 19 
56 79 
100 118 
10 93 
93 3 
69 18 
17 116 
50 66 
125 93 
54 30 
72 106 
81 6 
132 94 
63 24 
27 24 
70 48 
120 86 
46 129 
78 62 
110 70 
132 86 
34 84 
21 5 
35 111 
90 3 
85 98 
120 58 
40 120 
49 128 
132 26 
133 108 
50 70 
5 108 
6 72 
125 63 
101 51 
135 125 
91 118 
1 72 
38 80 
125 96 
92 111 
102 25 
54 101 
78 4 
125 43 
32 12 
4 72 
108 127 
77 41 
42 35 
32 71 
20 54 
36 25 
107 58 
42 30 
116 51 
87 46 
92 55 
127 89 
47 81 
104 3 
86 127 
135 29 
104 20 
91 37 
49 67 
120 124 
37 70 
76 63 
133 74 
1 48 
22 21 
86 15 
89 125 
96 72 
53 135 
95 46 
45 119 
132 10 
51 59 
14 51 
21 85 
103 49 
39 100 
49 79 
99 46 
97 33 
123 1 
46 42 
127 14 
48 111 
129 30 
101 16 
81 103 
84 13 
115 101 
39 69 
26 51 
80 37 
17 31 
63 116 
12 101 
70 79 
95 19 
41 129 
38 71 
94 117 
89 83 
11 77 
129 29 
79 64 
116 11 
42 91 
16 118 
84 58 
110 118 
12 75 
86 50 
22 41 
16 19 
9 19 
23 68 
91 83 
68 27 
10 67 
35 73 
20 41 
29 134 
104 58 
89 116 
11 104 
79 53 
88 14 
24 60 
28 117 
102 76 
87 25 
101 28 
132 55 
112 77 
50 49 
81 11 
91 20 
97 36 
99 29 
38 26 
53 63 
110 113 
9 76 
112 37 
119 34 
65 91 
18 103 
19 37 
120 92 
131 117 
1 40 
42 24 
41 96 
120 37 
36 49 
11 57 
39 103 
67 88 
62 3 
60 85 
7 16 
109 121 
71 36 
133 51 
10 11 
57 83 
70 68 
42 6 
92 58 
83 117 
19 21 
19 35 
120 41 
112 17 
100 30 
84 80 
41 2 
38 30 
17 34 
117 122 
32 52 
121 19 
22 37 
35 114 
110 74 
113 86 
22 18 
34 30 
64 74 
58 37 
28 10 
45 54 
2 37 
130 3 
87 13 
111 96 
3 114 
121 2 
46 35 
18 135 
82 7 
50 63 
126 112 
14 3 
40 73 
89 49 
18 29 
130 107 
121 54 
115 24 
35 77 
57 93 
57 59 
2 66 
37 9 
83 64 
128 33 
38 45 
45 41 
8 58 
99 30 
126 74 
7 34 
4 84 
109 125 
93 107 
111 103 
49 113 
39 94 
116 64 
121 135 
119 29 
67 92 
67 96 
47 67 
14 91 
130 101 
110 114 
46 38 
83 44 
75 76 
1 122 
106 5 
77 64 
46 122 
131 39 
81 18 
16 21 
55 70 
27 52 
13 19 
68 110 
4 124 
19 128 
50 77 
95 121 
19 75 
2 118 
97 57 
41 100 
107 43 
52 13 
53 9 
119 105 
22 69 
130 64 
66 52 
124 87 
20 66 
13 8 
99 103 
41 14 
9 23 
63 127 
41 68 
24 55 
71 20 
92 30 
4 80 
100 110 
94 32 
127 18 
50 106 
33 84 
90 50 
80 79 
16 78 
47 105 
104 35 
39 59 
106 36 
5 59 
47 13 
90 54 
120 123 
110 101 
116 34 
47 54 
132 47 
50 58 
126 102 
55 40 
95 26 
116 82 
80 129 
42 119 
86 75 
38 24 
71 58 
93 34 
120 67 
71 23 
54 106 
90 111 
29 20 
13 59 
68 54 
1 97 
33 60 
86 66 
111 119 
97 98 
36 41 
63 68 
94 19 
88 80 
1 128 
67 72 
18 80 
103 101 
15 26 
83 121 
78 69 
131 116 
27 41 
10 64 
26 130 
92 33 
6 36 
93 37 
55 47 
99 56 
68 13 
108 126 
40 34 
19 133 
82 11 
74 134 
119 91 
116 18 
100 116 
11 52 
92 9 
91 69 
47 9 
10 41 
66 72 
108 38 
115 66 
108 69 
59 63 
103 98 
50 37 
1 93 
121 7 
7 31 
106 22 
110 1 
86 78 
73 76 
59 111 
108 25 
35 38 
94 106 
115 40 
111 57 
23 126 
79 69 
68 5 
133 118 
24 117 
133 60 
110 106 
10 51 
58 64 
117 33 
41 114 
37 92 
122 36 
44 100 
40 51 
113 43 
100 105 
52 102 
20 107 
40 23 
58 44 
126 65 
4 52 
17 75 
134 68 
79 2 
20 27 
29 48 
96 47 
71 57 
22 129 
98 104 
33 125 
6 10 
17 1 
85 14 
72 34 
64 85 
94 50 
60 81 
25 115 
69 100 
105 5 
70 83 
52 109 
111 24 
105 106 
113 34 
85 43 
134 52 
94 35 
90 43 
77 46 
128 5 
35 129 
43 58 
62 107 
21 99 
15 135 
114 64 
57 31 
96 30 
96 132 
81 110 
23 123 
49 29 
107 55 
59 79 
78 22 
91 116 
72 130 
32 79 
22 88 
80 22 
19 132 
97 42 
123 116 
52 98 
82 121 
42 80 
129 67 
127 20 
68 101 
82 16 
84 27 
103 38 
43 96 
5 28 
88 43 
51 6 
124 10 
49 64 
128 4 
135 93 
39 82 
101 112 
135 111 
8 68 
72 3 
72 55 
53 20 
41 23 
57 16 
30 91 
118 92 
99 65 
35 127 
58 42 
40 14 
91 26 
90 4 
112 11 
36 15 
19 87 
61 46 
98 102 
10 63 
30 45 
92 113 
82 4 
59 126 
112 111 
84 118 
69 106 
117 17 
49 122 
38 37 
29 33 
91 85 
81 7 
119 22 
14 47 
50 17 
95 52 
67 61 
134 88 
117 92 
85 78 
118 131 
39 108 
17 71 
27 88 
19 78 
122 41 
94 66 
114 76 
76 106 
1 102 
98 71 
28 39 
67 74 
62 49 
46 37 
81 3 
68 47 
70 82 
67 55 
123 113 
111 38 
18 132 
5 97 
121 43 
74 97 
106 97 
74 46 
123 46 
23 57 
134 13 
50 107 
119 82 
67 16 
62 80 
64 61 
87 43 
34 135 
52 119 
3 120 
100 2 
5 24 
33 95 
20 67 
71 89 
66 93 
21 121 
29 95 
114 36 
89 48 
75 42 
118 51 
118 66 
45 70 
121 4 
26 34 
23 88 
39 132 
16 63 
56 126 
16 49 
78 54 
95 134 
28 98 
83 126 
70 30 
12 30 
41 119 
59 133 
36 60 
44 53 
29 93 
77 119 
30 124 
58 62 
77 57 
44 42 
53 2 
54 131 
110 115 
69 115 
3 11 
120 47 
107 1 
112 103 
37 40 
91 107 
19 27 
39 130 
60 6 
17 130 
120 81 
43 118 
68 87 
99 66 
127 73 
105 109 
109 101 
115 85 
62 22 
112 54 
106 121 
59 28 
59 36 
7 95 
88 109 
135 39 
14 73 
87 41 
6 117 
20 19 
1 23 
40 62 
104 54 
18 97 
2 70 
26 114 
51 134 
85 89 
12 20 
27 59 
120 133 
13 65 
123 19 
56 71 
44 69 
29 89 
81 20 
77 32 
113 31 
53 33 
82 134 
84 45 
84 90 
67 110 
91 57 
52 113 
6 105 
107 79 
107 39 
33 135 
23 127 
74 96 
36 39 
24 7 
53 133 
95 94 
47 129 
131 92 
61 105 
41 71 
133 70 
45 85 
23 130 
39 40 
81 15 
21 123 
10 71 
34 128 
44 72 
83 92 
18 48 
105 21 
109 57 
44 50 
53 92 
82 53 
9 122 
37 41 
7 90 
70 92 
24 47 
47 66 
111 133 
81 100 
106 107 
70 65 
26 40 
97 62 
81 80 
131 26 
85 40 
90 85 
102 4 
85 1 
97 99 
25 81 
109 117 
46 22 
61 59 
112 108 
83 116 
68 99 
73 94 
48 7 
71 133 
105 133 
15 24 
51 93 
43 119 
123 60 
79 1 
109 28 
25 12 
117 4 
8 126 
85 39 
51 92 
104 124 
35 85 
57 39 
98 111 
90 32 
94 131 
90 79 
134 8 
3 8 
118 13 
89 44 
66 24 
56 124 
97 61 
62 118 
91 38 
97 85 
12 55 
115 106 
108 74 
54 111 
49 54 
1 34 
130 8 
81 74 
16 104 
47 62 
69 85 
19 107 
74 122 
68 92 
104 48 
18 107 
50 105 
10 76 
84 115 
99 59 
56 10 
113 58 
116 117 
104 39 
125 45 
90 88 
33 76 
93 85 
95 112 
88 15 
72 37 
72 59 
25 116 
2 34 
109 20 
96 21 
1 71 
126 34 
131 112 
51 66 
96 104 
50 121 
104 114 
104 127 
100 102 
1 35 
66 17 
70 130 
114 1 
49 106 
69 6 
132 68 
46 130 
93 87 
128 64 
69 7 
34 82 
27 69 
130 103 
131 114 
86 17 
116 13 
84 126 
89 16 
119 65 
80 125 
50 60 
97 107 
131 135 
41 3 
98 17 
55 45 
122 97 
87 119 
71 61 
72 70 
86 33 
19 38 
59 91 
132 37 
125 117 
80 25 
102 121 
70 11 
48 13 
61 65 
63 48 
117 100 
127 43 
11 92 
120 126 
115 53 
44 123 
49 115 
114 126 
43 19 
108 36 
48 134 
68 104 
108 22 
44 91 
24 13 
10 57 
124 71 
93 78 
41 1 
49 114 
90 60 
34 85 
58 25 
105 60 
84 16 
71 72 
84 109 
52 2 
76 86 
22 134 
44 113 
90 52 
42 70 
12 66 
36 130 
57 110 
15 7 
20 77 
49 13 
70 12 
80 6 
122 30 
99 61 
20 18 
114 2 
52 65 
48 109 
28 54 
6 33 
44 27 
57 13 
81 36 
28 46 
109 41 
81 45 
24 3 
15 101 
82 51 
72 113 
40 89 
33 51 
99 124 
22 70 
56 33 
48 86 
31 120 
70 84 
49 69 
14 74 
116 106 
105 23 
55 23 
92 47 
95 48 
47 51 
88 72 
52 117 
135 7 
104 72 
68 114 
64 22 
106 6 
6 17 
49 97 
32 66 
16 34 
26 113 
18 27 
123 3 
110 54 
5 80 
114 87 
135 62 
30 89 
43 78 
89 124 
85 48 
60 124 
90 67 
21 30 
27 80 
71 78 
26 78 
128 84 
21 112 
107 73 
105 11 
121 44 
67 44 
32 70 
10 97 
54 57 
125 73 
60 74 
28 125 
41 102 
71 63 
18 58 
72 120 
13 114 
39 27 
6 31 
23 35 
9 84 
3 44 
36 17 
23 34 
9 107 
124 28 
123 125 
2 104 
106 9 
47 70 
129 75 
54 93 
101 118 
134 53 
40 69 
23 91 
57 72 
30 107 
13 31 
5 79 
48 118 
79 65 
100 95 
60 19 
127 87 
27 123 
32 37 
86 11 
103 58 
134 33 
91 47 
32 51 
62 69 
108 60 
59 16 
97 40 
80 72 
14 78 
59 65 
45 36 
87 9 
5 118 
6 54 
6 18 
24 124 
25 31 
33 27 
96 25 
55 83 
134 45 
63 40 
12 129 
75 49 
95 74 
117 115 
125 115 
56 38 
109 120 
32 58 
15 93 
86 34 
109 77 
52 91 
135 113 
58 97 
128 76 
86 92 
51 88 
1 104 
3 23 
57 30 
112 19 
82 45 
75 120 
1 58 
15 31 
80 133 
8 57 
103 64 
125 61 
62 55 
43 55 
135 41 
53 21 
54 98 
92 60 
120 39 
94 42 
57 86 
114 97 
3 122 
110 119 
87 110 
10 130 
28 40 
110 27 
64 68 
49 126 
52 49 
4 57 
25 52 
94 101 
81 16 
54 114 
38 22 
66 88 
15 4 
128 73 
133 119 
77 132 
64 107 
36 52 
133 100 
2 17 
93 47 
103 61 
2 20 
80 100 
79 34 
96 33 
75 73 
111 74 
104 99 
105 43 
64 35 
130 50 
5 53 
101 31 
126 94 
71 37 
72 58 
127 115 
21 47 
56 36 
40 96 
42 43 
84 106 
121 72 
131 56 
7 88 
72 60 
110 104 
114 30 
56 78 
75 83 
75 67 
12 87 
10 53 
58 79 
4 113 
85 51 
77 97 
52 81 
50 31 
99 63 
21 50 
68 121 
72 31 
114 29 
79 78 
128 46 
100 43 
39 116 
36 64 
11 71 
21 103 
40 74 
133 48 
65 44 
10 128 
116 49 
65 48 
117 36 
18 30 
45 90 
1 6 
61 57 
11 39 
91 5 
18 44 
131 7 
44 54 
88 131 
55 21 
114 51 
77 13 
26 73 
21 41 
95 66 
66 48 
114 94 
92 7 
109 71 
48 84 
7 106 
12 90 
14 89 
74 15 
113 33 
35 135 
79 101 
26 18 
70 13 
105 98 
5 22 
49 109 
64 122 
130 6 
33 123 
1 44 
76 61 
91 43 
101 117 
134 36 
72 110 
118 78 
123 135 
82 65 
106 112 
113 132 
134 11 
110 88 
124 5 
118 4 
59 53 
76 82 
31 87 
21 120 
66 42 
95 69 
68 127 
34 45 
42 11 
95 53 
35 100 
117 93 
78 75 
22 123 
43 25 
85 32 
87 8 
17 97 
16 108 
93 9 
71 53 
99 74 
105 84 
64 93 
62 85 
135 16 
27 5 
3 74 
4 69 
127 31 
92 129 
48 125 
94 21 
23 69 
85 55 
47 35 
39 106 
93 109 
43 83 
1 29 
62 86 
95 75 
50 1 
36 27 
20 8 
126 121 
95 132 
11 27 
101 84 
90 72 
37 51 
127 131 
85 72 
102 46 
16 99 
71 51 
133 44 
22 113 
84 116 
13 20 
103 134 
46 54 
123 126 
86 54 
6 67 
26 22 
105 30 
3 61 
121 57 
80 3 
31 65 
121 103 
133 129 
67 80 
115 1 
61 11 
17 59 
83 127 
124 23 
131 43 
42 25 
35 99 
29 56 
74 90 
5 70 
48 107 
76 70 
13 10 
18 104 
48 94 
31 42 
10 90 
101 10 
5 26 
111 79 
118 37 
129 66 
78 111 
114 16 
52 103 
105 122 
48 12 
123 92 
43 77 
113 23 
102 105 
85 99 
118 90 
9 32 
26 84 
20 56 
113 64 
90 34 
72 107 
132 106 
133 26 
68 43 
34 63 
95 108 
108 66 
24 98 
30 29 
71 131 
87 45 
8 84 
31 49 
134 34 
102 64 
86 6 
82 29 
11 65 
71 117 
73 109 
110 66 
113 116 
20 130 
80 50 
105 10 
44 103 
49 92 
107 59 
117 16 
100 21 
103 2 
133 77 
113 76 
84 21 
91 7 
45 65 
9 42 
122 56 
73 79 
118 76 
49 65 
74 114 
63 123 
110 93 
82 5 
127 40 
100 130 
81 2 
98 51 
128 85 
47 48 
133 14 
56 32 
45 103 
31 81 
134 113 
31 68 
37 87 
30 71 
65 81 
44 10 
115 81 
90 106 
65 41 
83 6 
44 16 
87 99 
40 11 
60 113 
45 37 
82 84 
56 130 
110 76 
122 131 
32 45 
21 75 
115 121 
109 31 
44 125 
126 113 
93 2 
75 47 
102 135 
129 9 
118 59 
68 77 
82 79 
42 2 
30 116 
54 48 
44 47 
114 89 
31 66 
49 37 
67 11 
133 29 
49 132 
83 53 
48 119 
58 102 
65 35 
112 59 
34 55 
114 46 
118 46 
4 11 
25 131 
45 80 
77 61 
81 64 
134 43 
106 3 
31 110 
81 41 
79 122 
92 99 
16 36 
45 10 
89 113 
111 116 
5 23 
17 21 
132 66 
25 38 
97 123 
26 97 
5 96 
36 96 
99 71 
57 29 
10 80 
50 78 
113 127 
82 86 
19 29 
18 68 
69 9 
82 21 
15 12 
86 38 
10 91 
99 112 
1 83 
59 19 
58 56 
11 14 
123 32 
44 127 
55 120 
93 127 
5 133 
39 41 
111 118 
62 2 
124 44 
129 18 
6 55 
135 17 
121 100 
101 61 
62 16 
109 124 
66 131 
135 126 
91 51 
56 1 
131 3 
67 32 
14 39 
37 94 
28 66 
113 75 
78 99 
60 68 
135 82 
10 116 
79 109 
76 130 
71 48 
66 128 
113 19 
43 101 
108 114 
95 114 
97 52 
80 35 
22 27 
11 20 
37 35 
15 55 
21 58 
99 96 
116 80 
45 2 
122 89 
22 36 
69 46 
64 92 
23 132 
76 4 
89 12 
111 44 
38 55 
75 132 
116 15 
78 36 
24 25 
99 119 
128 20 
104 77 
63 18 
1 135 
1 87 
24 4 
79 26 
71 31 
3 85 
83 13 
32 124 
8 11 
21 9 
74 45 
124 6 
132 120 
115 44 
50 34 
129 110 
120 87 
114 91 
42 135 
126 37 
108 65 
21 56 
87 24 
42 4 
67 122 
109 11 
129 49 
130 126 
7 84 
4 6 
75 85 
62 28 
47 117 
52 84 
90 13 
106 51 
60 117 
38 121 
47 46 
58 118 
123 72 
48 9 
113 128 
106 126 
47 107 
46 31 
97 28 
107 103 
75 89 
24 19 
38 99 
116 120 
45 72 
126 90 
22 71 
12 56 
18 46 
61 93 
65 34 
89 101 
28 6 
16 87 
2 107 
86 7 
96 114 
8 80 
27 75 
27 50 
52 23 
31 18 
81 21 
99 110 
5 13 
35 89 
109 50 
92 104 
72 18 
23 49 
8 127 
37 31 
85 120 
14 42 
72 38 
4 1 
118 10 
113 27 
128 107 
22 12 
49 81 
17 30 
15 128 
97 80 
10 98 
3 102 
35 76 
52 132 
64 98 
22 30 
33 111 
78 68 
6 100 
84 29 
110 120 
44 60 
58 122 
66 117 
102 59 
100 120 
117 21 
53 14 
111 47 
80 54 
64 117 
1 21 
123 94 
77 62 
107 13 
34 78 
109 114 
72 10 
22 110 
71 46 
39 99 
52 45 
78 15 
70 9 
91 75 
131 15 
15 124 
19 102 
2 49 
81 58 
87 77 
33 83 
25 109 
127 125 
16 116 
101 126 
54 127 
134 32 
10 35 
121 36 
127 96 
5 40 
108 113 
15 48 
4 49 
10 39 
65 67 
82 1 
27 109 
35 88 
119 83 
44 57 
80 21 
109 78 
135 56 
103 25 
17 110 
