137 3746 
1 52 4 44 173 5 3 18 34 7 177 192 35 200 73 112 217 133 244 28 130 26 256 44 109 26 200 164 231 236 205 140 133 77 15 195 156 21 37 150 168 75 219 75 259 278 153 76 26 282 81 64 14 99 284 196 72 28 255 194 300 174 124 10 243 170 232 138 3 214 151 5 271 177 114 25 265 31 128 243 135 104 292 194 210 30 3 42 61 60 89 243 125 81 232 17 235 169 170 157 15 150 15 73 161 35 98 93 233 92 212 171 226 203 55 225 261 41 229 286 210 25 139 19 121 16 96 170 56 72 127 103 13 228 143 155 107 
31 109 
116 127 
47 132 
49 92 
84 62 
49 43 
7 45 
107 109 
113 4 
104 7 
13 38 
135 19 
57 83 
29 84 
105 59 
137 64 
93 40 
34 4 
43 13 
17 114 
39 128 
37 21 
47 19 
62 19 
12 93 
56 106 
61 23 
7 17 
70 100 
22 87 
1 115 
93 17 
26 80 
35 31 
35 111 
21 28 
115 88 
79 42 
100 126 
39 56 
4 96 
3 135 
30 108 
10 54 
116 103 
53 88 
108 97 
57 32 
7 70 
83 28 
133 95 
128 129 
43 95 
32 100 
35 46 
125 53 
75 110 
130 113 
69 49 
40 48 
127 83 
53 134 
42 40 
9 12 
109 18 
24 4 
76 56 
8 74 
67 61 
32 83 
69 68 
28 62 
16 34 
122 42 
124 45 
50 90 
52 116 
129 109 
12 106 
118 12 
57 91 
73 101 
97 79 
103 87 
78 133 
85 112 
29 133 
90 43 
105 6 
133 31 
133 132 
63 1 
109 122 
39 108 
14 65 
43 106 
18 6 
118 87 
112 135 
130 126 
65 40 
131 123 
33 16 
78 23 
104 103 
124 3 
12 107 
76 70 
112 17 
96 124 
46 77 
20 54 
73 120 
12 30 
26 67 
107 84 
14 62 
114 8 
2 134 
35 66 
21 116 
4 75 
78 100 
21 14 
18 121 
51 11 
33 79 
84 61 
50 89 
28 134 
59 28 
18 16 
37 98 
53 65 
34 118 
89 131 
69 107 
41 23 
36 48 
136 44 
61 112 
40 27 
124 41 
105 93 
18 7 
30 111 
108 63 
62 67 
58 109 
99 20 
15 58 
58 82 
101 31 
105 70 
94 117 
77 64 
134 8 
42 95 
103 60 
103 82 
47 116 
99 60 
85 125 
64 21 
33 53 
105 21 
105 91 
62 106 
33 68 
109 59 
44 74 
108 114 
64 95 
107 87 
128 66 
63 64 
82 46 
115 72 
42 75 
22 18 
7 46 
49 36 
22 104 
22 42 
128 119 
78 118 
86 98 
103 40 
108 9 
91 16 
75 24 
115 2 
21 46 
135 122 
49 56 
133 58 
68 119 
1 86 
24 30 
13 75 
20 2 
44 57 
16 35 
114 60 
44 106 
19 43 
67 66 
109 49 
42 1 
112 28 
126 98 
133 45 
3 85 
88 34 
56 19 
18 4 
129 84 
17 57 
52 56 
62 137 
26 43 
90 60 
53 93 
18 89 
30 122 
93 99 
136 106 
48 66 
95 97 
20 96 
89 4 
35 40 
114 11 
75 109 
4 117 
133 82 
44 104 
26 52 
131 80 
135 28 
74 5 
120 62 
22 125 
41 71 
77 37 
49 124 
53 77 
25 36 
32 37 
137 69 
79 78 
75 66 
25 48 
42 46 
66 107 
23 19 
89 51 
94 43 
62 92 
134 117 
20 52 
101 38 
73 72 
8 128 
117 45 
94 85 
64 54 
70 124 
18 23 
92 40 
27 84 
19 86 
102 127 
18 31 
101 58 
105 82 
114 45 
99 43 
7 126 
5 41 
18 41 
107 72 
46 78 
100 116 
125 29 
93 15 
129 73 
137 7 
47 107 
76 90 
83 135 
111 25 
36 136 
107 17 
37 39 
131 25 
78 65 
15 28 
99 86 
53 32 
85 51 
57 127 
63 116 
47 74 
36 79 
44 3 
76 115 
49 70 
85 107 
14 98 
21 120 
55 107 
77 11 
135 9 
131 133 
25 96 
41 97 
108 132 
102 93 
68 86 
66 17 
135 18 
136 69 
72 61 
64 42 
112 137 
73 26 
15 49 
47 73 
53 111 
15 61 
65 81 
69 63 
133 70 
127 77 
18 95 
72 36 
53 127 
82 21 
51 76 
3 80 
12 32 
117 74 
40 53 
130 48 
105 114 
27 6 
25 63 
110 87 
131 81 
96 110 
6 7 
71 125 
108 84 
14 78 
11 89 
127 32 
90 73 
115 47 
40 29 
85 20 
120 132 
23 48 
9 45 
129 101 
13 47 
19 129 
37 40 
7 2 
39 74 
91 31 
117 66 
1 59 
80 19 
12 119 
65 128 
34 52 
7 35 
120 49 
55 132 
132 81 
117 83 
46 126 
107 5 
112 123 
63 34 
118 10 
103 113 
91 132 
101 80 
26 96 
68 106 
72 124 
8 106 
11 130 
54 59 
86 93 
127 22 
33 91 
128 89 
124 109 
91 5 
72 18 
15 70 
84 14 
29 76 
2 114 
19 28 
17 74 
70 122 
95 118 
16 66 
6 29 
85 25 
41 131 
112 64 
35 126 
42 51 
72 134 
109 74 
77 98 
117 132 
45 1 
75 17 
55 26 
104 35 
35 114 
32 63 
41 129 
110 72 
96 74 
5 106 
90 23 
15 4 
49 98 
137 45 
119 24 
106 45 
98 8 
113 128 
40 10 
103 66 
73 36 
98 90 
115 120 
9 13 
17 77 
113 36 
52 71 
14 106 
52 31 
106 42 
80 17 
23 97 
119 18 
131 87 
45 98 
113 100 
47 121 
40 102 
90 5 
126 104 
26 75 
90 10 
4 2 
123 100 
130 36 
27 68 
50 69 
84 98 
26 116 
12 135 
90 41 
82 73 
28 44 
11 60 
98 29 
117 73 
119 53 
23 101 
50 102 
47 15 
37 93 
51 46 
12 19 
19 81 
116 126 
69 23 
103 69 
119 133 
132 123 
57 121 
58 132 
75 1 
77 115 
34 8 
79 34 
78 40 
3 69 
75 72 
85 87 
41 60 
65 11 
27 54 
75 55 
61 131 
119 9 
57 10 
83 15 
1 24 
81 73 
53 104 
129 6 
21 121 
89 16 
80 45 
36 103 
128 76 
64 86 
16 40 
23 113 
22 136 
82 51 
15 55 
137 129 
14 64 
126 125 
84 50 
112 113 
101 40 
1 108 
77 24 
135 20 
82 43 
24 123 
39 43 
72 65 
65 3 
22 106 
63 97 
1 18 
20 127 
86 38 
83 64 
128 43 
98 105 
25 39 
63 118 
18 46 
20 69 
37 85 
135 40 
50 6 
54 11 
55 54 
108 128 
59 100 
45 69 
25 38 
94 119 
36 59 
4 128 
130 77 
16 1 
120 20 
104 122 
11 3 
69 14 
124 115 
2 93 
22 13 
26 50 
25 57 
111 129 
101 108 
137 80 
33 133 
135 1 
41 14 
43 21 
61 14 
3 70 
123 62 
105 99 
13 134 
12 91 
50 105 
119 47 
101 27 
92 19 
92 30 
102 49 
112 46 
132 14 
121 135 
22 60 
22 34 
74 19 
80 79 
13 97 
100 63 
32 129 
25 59 
31 8 
137 111 
102 33 
62 57 
21 96 
115 14 
98 127 
53 101 
109 111 
70 59 
59 47 
86 115 
50 24 
127 23 
56 80 
100 54 
76 42 
94 83 
123 93 
133 79 
83 137 
47 46 
102 14 
91 79 
126 47 
69 44 
84 95 
66 56 
87 75 
29 24 
48 99 
71 107 
9 62 
81 66 
116 42 
79 11 
33 124 
137 67 
3 116 
35 69 
39 8 
110 17 
43 34 
15 14 
122 59 
137 40 
80 50 
6 22 
37 133 
92 9 
126 57 
25 49 
14 121 
15 68 
9 27 
55 99 
82 116 
117 31 
136 125 
6 59 
111 68 
35 70 
74 15 
63 31 
82 66 
77 42 
64 8 
58 16 
98 87 
108 76 
19 76 
115 127 
115 48 
110 84 
4 52 
38 73 
22 3 
97 83 
116 97 
134 132 
92 27 
106 87 
52 17 
124 75 
123 64 
2 12 
71 130 
46 81 
54 102 
111 84 
77 120 
1 129 
118 75 
26 135 
1 28 
68 107 
47 48 
60 85 
49 72 
7 73 
82 1 
91 123 
121 59 
8 6 
126 78 
131 14 
92 14 
120 88 
1 36 
85 35 
84 77 
70 63 
28 39 
69 125 
109 17 
17 48 
121 137 
90 117 
6 35 
94 24 
94 125 
135 36 
29 44 
128 24 
84 74 
112 130 
98 28 
92 101 
37 110 
136 42 
32 125 
79 58 
130 13 
63 5 
96 55 
14 57 
83 59 
129 42 
44 84 
117 26 
19 93 
66 124 
1 117 
62 118 
55 70 
30 4 
4 105 
10 4 
123 16 
59 126 
41 83 
3 43 
39 81 
4 35 
118 112 
27 10 
75 89 
97 47 
90 48 
12 95 
85 18 
78 32 
131 47 
79 119 
28 120 
3 92 
32 7 
39 31 
126 29 
98 33 
111 131 
69 2 
41 11 
121 69 
132 92 
33 14 
18 21 
67 112 
56 6 
9 107 
35 28 
83 30 
50 127 
57 75 
42 59 
17 88 
96 66 
2 103 
29 43 
58 65 
41 68 
26 125 
97 49 
70 67 
135 48 
123 61 
47 77 
106 86 
51 105 
116 29 
17 129 
25 89 
41 42 
3 104 
72 16 
76 5 
96 127 
56 7 
2 59 
124 22 
35 62 
27 67 
137 27 
47 3 
102 62 
64 76 
125 90 
111 56 
36 16 
89 7 
55 46 
18 105 
12 53 
133 99 
131 98 
127 54 
11 74 
74 82 
44 99 
2 23 
101 57 
39 110 
16 64 
104 108 
6 63 
86 51 
123 6 
122 26 
34 102 
67 31 
1 81 
96 112 
62 127 
135 136 
135 8 
102 125 
89 106 
72 132 
27 77 
53 118 
33 28 
73 28 
88 26 
18 35 
88 60 
92 112 
74 57 
4 20 
134 50 
65 119 
28 41 
7 29 
132 75 
37 57 
117 21 
7 27 
128 123 
77 67 
121 51 
30 72 
110 3 
36 93 
24 62 
23 82 
50 121 
131 7 
38 108 
105 27 
72 122 
86 90 
46 57 
106 24 
135 5 
62 21 
122 13 
75 48 
94 127 
101 66 
44 113 
1 41 
107 61 
110 53 
100 10 
64 45 
57 134 
65 111 
53 108 
26 100 
16 61 
62 2 
38 42 
77 22 
137 132 
104 94 
48 13 
26 68 
99 40 
23 85 
57 85 
116 75 
75 99 
94 16 
28 97 
95 46 
72 133 
4 28 
79 77 
59 76 
68 49 
42 105 
15 50 
73 78 
132 48 
137 81 
37 22 
116 77 
13 93 
136 103 
64 4 
97 57 
58 27 
59 115 
89 126 
30 93 
27 134 
112 129 
69 81 
15 52 
75 84 
30 113 
51 116 
59 34 
52 102 
4 42 
41 112 
77 9 
92 129 
37 33 
129 64 
9 11 
84 116 
84 88 
121 132 
1 26 
60 32 
123 25 
122 116 
129 90 
51 50 
117 44 
58 89 
133 30 
92 131 
78 96 
34 27 
87 39 
105 67 
71 66 
55 71 
100 89 
24 112 
34 67 
118 49 
7 26 
14 128 
108 50 
111 112 
100 56 
50 67 
85 83 
73 17 
106 13 
38 105 
6 51 
51 19 
40 126 
118 119 
102 116 
45 107 
59 78 
43 86 
10 37 
126 82 
37 27 
9 53 
59 5 
71 59 
29 21 
60 58 
36 109 
123 117 
135 10 
120 19 
62 103 
104 60 
16 107 
24 59 
72 129 
34 97 
38 69 
2 15 
114 80 
133 81 
114 106 
27 69 
13 68 
52 55 
20 57 
58 116 
109 42 
48 113 
71 48 
73 4 
4 97 
8 136 
96 126 
79 1 
78 29 
12 71 
76 28 
134 83 
99 62 
127 11 
25 4 
122 76 
3 99 
81 103 
83 6 
108 105 
127 35 
98 19 
127 4 
83 110 
25 67 
104 123 
64 9 
82 33 
21 89 
27 121 
120 31 
125 13 
61 42 
85 21 
107 15 
120 11 
65 95 
2 40 
50 92 
103 41 
35 38 
30 74 
8 9 
1 76 
30 79 
124 106 
23 4 
10 102 
128 130 
72 86 
76 73 
21 57 
76 14 
47 96 
73 6 
9 7 
93 70 
25 28 
122 92 
64 88 
89 48 
82 111 
119 14 
56 55 
78 121 
47 50 
104 116 
56 89 
12 16 
93 59 
125 79 
51 72 
125 92 
12 83 
42 110 
27 132 
2 131 
93 136 
54 123 
87 133 
86 96 
22 33 
135 58 
113 53 
73 34 
60 110 
57 60 
67 100 
123 13 
29 48 
77 85 
47 75 
3 89 
52 127 
19 90 
107 93 
38 10 
71 97 
80 136 
104 50 
35 45 
132 52 
58 71 
22 117 
122 96 
134 100 
90 69 
105 35 
68 123 
20 9 
108 51 
97 102 
31 27 
69 34 
65 46 
136 107 
50 3 
45 30 
103 3 
43 130 
119 135 
33 49 
44 33 
20 89 
16 14 
74 65 
23 13 
82 36 
99 68 
25 98 
123 87 
31 51 
39 78 
98 56 
61 94 
6 28 
57 73 
29 55 
28 36 
78 127 
32 18 
36 124 
12 88 
98 135 
40 109 
2 136 
109 10 
100 117 
62 82 
5 23 
18 124 
31 29 
135 37 
42 74 
87 17 
127 92 
79 86 
52 1 
16 47 
88 117 
3 68 
63 137 
73 15 
73 56 
51 96 
39 100 
53 91 
105 23 
63 28 
17 89 
95 112 
80 30 
46 117 
126 66 
94 84 
17 54 
95 68 
117 17 
121 119 
113 122 
104 82 
40 46 
97 24 
66 94 
32 106 
4 45 
26 95 
6 9 
133 61 
42 68 
38 7 
30 123 
72 70 
28 18 
127 10 
97 50 
130 100 
92 87 
118 18 
6 23 
62 30 
41 45 
20 122 
94 33 
36 47 
103 131 
111 44 
38 127 
116 90 
41 44 
131 31 
123 76 
1 89 
99 132 
95 125 
122 44 
67 7 
126 71 
22 30 
117 60 
21 2 
1 116 
55 120 
71 76 
100 23 
15 122 
98 111 
18 50 
7 120 
102 85 
38 88 
32 35 
137 88 
110 25 
38 89 
31 106 
38 131 
23 29 
68 16 
14 46 
93 67 
131 43 
122 65 
108 122 
29 30 
123 126 
30 121 
111 72 
136 30 
119 131 
17 4 
16 63 
127 56 
37 8 
118 135 
8 85 
105 10 
73 59 
116 65 
129 75 
59 124 
125 127 
35 71 
23 116 
37 34 
36 14 
131 42 
8 22 
4 60 
126 50 
6 78 
39 104 
14 87 
27 13 
7 107 
21 122 
21 27 
90 18 
121 87 
63 3 
81 87 
126 122 
86 13 
30 28 
87 97 
71 129 
7 10 
57 6 
32 3 
25 14 
99 29 
15 94 
102 104 
135 92 
80 87 
40 66 
41 46 
34 40 
105 5 
41 32 
19 108 
101 30 
39 21 
27 26 
42 9 
89 15 
74 64 
64 29 
135 6 
48 7 
77 57 
108 26 
100 107 
24 3 
18 134 
126 101 
99 33 
100 43 
47 104 
102 136 
4 59 
124 19 
56 114 
39 97 
118 26 
2 17 
88 24 
69 54 
6 37 
55 45 
42 112 
12 112 
89 63 
79 95 
74 25 
122 133 
82 86 
45 65 
51 25 
19 123 
120 102 
94 70 
108 91 
89 111 
108 40 
85 123 
19 95 
40 134 
40 63 
119 101 
15 43 
96 41 
18 136 
53 75 
101 61 
80 128 
50 32 
45 61 
26 44 
124 31 
124 99 
130 93 
108 65 
99 95 
31 127 
87 77 
49 136 
27 87 
11 122 
8 76 
118 134 
39 83 
85 136 
32 86 
8 120 
80 132 
103 26 
86 74 
56 58 
119 127 
133 74 
104 76 
117 112 
129 93 
50 77 
107 73 
135 104 
108 11 
65 24 
119 70 
60 130 
100 3 
23 24 
137 35 
12 56 
60 115 
20 58 
72 33 
51 3 
61 130 
83 29 
57 112 
90 94 
67 122 
136 114 
85 34 
73 91 
40 91 
40 28 
95 131 
99 94 
59 61 
121 133 
85 5 
3 19 
127 48 
122 90 
46 50 
87 47 
11 15 
92 137 
29 82 
51 101 
37 103 
121 85 
116 130 
16 48 
56 27 
12 73 
116 31 
114 127 
38 39 
49 19 
125 112 
56 61 
73 25 
129 59 
69 82 
24 60 
134 110 
14 31 
123 82 
131 15 
73 100 
106 53 
107 103 
95 55 
104 34 
126 53 
36 21 
114 137 
63 57 
47 20 
95 104 
102 126 
42 91 
112 108 
106 29 
79 3 
131 120 
54 23 
13 114 
9 111 
48 56 
116 7 
24 72 
129 55 
28 71 
119 108 
68 32 
110 128 
114 88 
34 131 
77 1 
102 35 
109 88 
51 114 
126 91 
46 96 
93 116 
80 75 
85 17 
112 86 
80 40 
41 87 
56 31 
5 88 
37 48 
25 34 
21 137 
6 124 
19 5 
134 127 
1 7 
112 107 
2 19 
35 101 
88 36 
103 130 
40 76 
131 125 
135 99 
59 123 
42 31 
79 56 
116 62 
132 50 
4 122 
56 54 
95 10 
13 7 
132 76 
47 14 
86 3 
69 28 
92 57 
103 90 
47 91 
24 126 
39 93 
106 23 
68 136 
60 95 
135 107 
121 37 
1 44 
14 81 
119 25 
4 72 
89 31 
98 63 
123 40 
102 74 
89 44 
104 1 
102 1 
37 131 
83 61 
25 42 
96 62 
49 96 
17 103 
79 76 
134 39 
28 114 
83 19 
6 132 
33 64 
48 111 
3 109 
16 96 
71 99 
99 83 
110 130 
37 129 
21 51 
15 10 
45 24 
64 110 
87 101 
112 122 
42 3 
126 23 
27 88 
80 13 
110 28 
100 52 
8 66 
92 51 
29 50 
65 25 
126 18 
108 2 
95 81 
56 120 
52 2 
126 95 
51 79 
128 35 
5 31 
135 57 
37 12 
104 16 
130 38 
117 131 
46 27 
62 43 
65 37 
20 134 
61 105 
131 46 
45 8 
135 88 
114 7 
48 49 
122 31 
102 129 
127 70 
114 131 
131 74 
18 86 
39 11 
91 56 
72 117 
20 19 
25 37 
8 122 
55 22 
67 17 
91 34 
9 63 
89 136 
74 38 
5 39 
6 53 
89 72 
14 66 
15 40 
95 49 
132 129 
136 66 
16 70 
126 58 
31 15 
85 63 
52 120 
3 82 
48 128 
60 109 
123 58 
77 70 
86 119 
54 13 
106 81 
18 30 
124 44 
23 58 
4 94 
105 58 
90 17 
116 123 
14 67 
69 56 
29 32 
136 55 
32 76 
95 71 
122 46 
61 93 
55 50 
109 28 
121 123 
77 82 
86 84 
58 22 
130 102 
5 113 
103 32 
133 38 
137 110 
107 25 
120 117 
36 50 
40 19 
81 50 
80 7 
25 117 
41 115 
75 38 
125 6 
8 16 
58 67 
134 86 
84 34 
8 132 
17 81 
96 121 
17 92 
67 83 
90 45 
8 17 
50 25 
134 38 
96 69 
64 109 
80 123 
52 114 
3 118 
115 21 
113 94 
19 16 
97 124 
131 28 
110 33 
47 80 
50 60 
75 83 
24 134 
126 16 
24 118 
109 89 
93 22 
122 19 
47 136 
57 16 
3 52 
114 93 
136 46 
93 126 
132 115 
46 98 
65 27 
125 86 
116 72 
5 55 
25 66 
76 57 
17 127 
90 78 
100 74 
86 94 
66 3 
99 35 
21 56 
8 131 
62 4 
35 124 
106 82 
47 117 
54 38 
135 79 
74 85 
3 55 
55 94 
55 124 
116 113 
1 25 
100 33 
108 70 
137 53 
110 59 
131 134 
16 97 
115 129 
134 88 
15 119 
107 26 
121 129 
80 9 
32 131 
34 38 
129 29 
46 12 
43 60 
95 22 
60 64 
38 136 
62 52 
6 19 
106 104 
57 129 
100 37 
48 120 
41 101 
20 43 
66 113 
12 44 
14 137 
106 28 
136 1 
68 90 
119 42 
20 114 
119 17 
49 54 
57 89 
37 87 
82 48 
44 49 
46 86 
27 108 
62 10 
89 73 
23 45 
102 101 
29 122 
120 109 
97 77 
11 43 
53 94 
39 57 
71 43 
3 136 
11 102 
123 37 
101 32 
96 10 
20 62 
119 116 
81 58 
5 10 
2 83 
114 72 
10 19 
100 104 
64 3 
112 20 
99 102 
7 106 
17 18 
28 115 
28 127 
118 33 
56 9 
41 69 
99 123 
6 26 
8 40 
45 119 
45 44 
102 84 
11 98 
57 114 
93 113 
63 92 
42 19 
86 89 
28 100 
10 75 
24 69 
80 115 
105 30 
72 95 
7 79 
22 78 
35 129 
122 89 
50 78 
69 120 
99 2 
76 75 
36 119 
31 103 
16 55 
33 66 
61 58 
50 112 
94 2 
132 4 
65 7 
104 29 
107 24 
63 103 
106 2 
100 35 
88 43 
133 64 
104 41 
54 71 
23 125 
66 6 
95 134 
84 70 
53 25 
87 57 
21 63 
90 133 
28 75 
21 106 
54 109 
83 3 
104 61 
34 99 
75 58 
52 91 
114 118 
5 134 
125 75 
114 104 
25 62 
28 86 
72 137 
36 121 
91 121 
50 130 
56 30 
73 108 
60 78 
4 87 
111 39 
120 123 
44 125 
89 8 
98 115 
73 2 
42 43 
8 24 
58 43 
96 91 
81 84 
49 74 
108 109 
24 42 
18 106 
46 62 
129 96 
47 45 
24 87 
133 5 
105 122 
91 54 
29 11 
35 29 
118 40 
98 55 
135 116 
85 106 
49 75 
22 70 
120 33 
90 70 
94 51 
9 131 
54 2 
89 10 
75 3 
64 80 
71 77 
2 58 
65 21 
99 87 
137 102 
87 9 
96 132 
84 93 
65 62 
83 51 
32 69 
13 41 
112 127 
72 112 
9 132 
110 21 
106 84 
39 75 
42 101 
112 56 
121 39 
60 97 
53 78 
101 104 
63 136 
105 22 
100 14 
84 114 
102 57 
96 135 
5 46 
55 73 
121 83 
95 20 
59 60 
129 81 
82 65 
102 12 
24 64 
70 58 
85 98 
117 118 
19 72 
37 31 
48 57 
135 50 
6 72 
1 65 
60 77 
33 132 
126 32 
23 53 
50 118 
84 67 
104 74 
69 94 
80 111 
44 123 
107 124 
24 44 
33 131 
91 28 
14 26 
37 70 
4 8 
46 92 
131 13 
112 13 
37 71 
105 32 
11 1 
67 44 
134 137 
45 42 
33 116 
71 23 
83 25 
87 30 
63 78 
134 105 
11 124 
102 44 
130 117 
82 128 
99 57 
25 121 
7 83 
85 89 
14 116 
4 115 
56 64 
20 46 
10 94 
14 63 
51 34 
113 12 
49 99 
136 131 
10 136 
128 28 
34 31 
9 54 
67 104 
30 75 
28 77 
19 34 
104 65 
51 115 
97 12 
86 49 
103 38 
97 30 
54 76 
107 119 
19 4 
88 126 
74 45 
4 51 
106 125 
63 74 
95 36 
54 114 
64 26 
26 46 
93 72 
6 71 
107 27 
114 94 
125 39 
85 126 
126 27 
15 88 
63 44 
67 99 
75 62 
98 44 
96 54 
95 24 
16 83 
93 47 
12 54 
127 84 
129 70 
33 27 
72 69 
52 101 
124 25 
70 45 
9 102 
90 75 
115 69 
13 3 
92 67 
45 32 
20 101 
77 103 
93 20 
93 46 
96 39 
48 97 
30 128 
95 47 
105 83 
37 4 
86 21 
3 12 
13 126 
82 94 
31 30 
28 81 
108 82 
92 88 
38 3 
12 52 
11 25 
80 84 
103 73 
5 110 
29 34 
38 71 
56 15 
34 13 
66 31 
61 5 
91 74 
80 121 
120 17 
11 69 
8 26 
56 104 
51 20 
92 35 
23 92 
125 99 
17 35 
34 24 
133 6 
115 62 
119 91 
97 35 
61 128 
57 40 
82 42 
10 114 
82 95 
62 121 
122 33 
83 62 
94 19 
38 129 
36 12 
112 35 
101 125 
13 83 
6 91 
23 109 
75 60 
127 90 
121 16 
3 62 
62 72 
58 99 
137 71 
56 50 
105 109 
94 14 
61 79 
132 17 
23 98 
79 136 
12 110 
46 97 
55 118 
56 43 
18 56 
4 65 
89 105 
78 131 
28 125 
15 91 
6 82 
120 98 
83 114 
15 109 
106 129 
35 39 
112 93 
72 79 
39 105 
12 10 
55 81 
1 37 
88 4 
2 45 
74 21 
59 74 
10 36 
115 82 
11 17 
125 77 
7 121 
137 28 
132 125 
65 105 
86 27 
17 115 
41 65 
34 135 
6 80 
11 70 
17 104 
113 84 
127 100 
104 2 
95 123 
126 114 
39 77 
117 91 
30 2 
21 4 
86 110 
25 56 
132 136 
18 82 
94 98 
123 111 
13 46 
33 136 
102 56 
28 101 
47 89 
60 45 
56 36 
46 76 
90 92 
68 12 
131 44 
126 134 
3 5 
42 114 
29 4 
10 49 
23 91 
40 22 
127 130 
97 113 
53 39 
113 120 
113 64 
125 93 
52 93 
34 71 
129 7 
83 4 
105 60 
104 107 
85 127 
80 108 
21 134 
93 124 
123 46 
52 81 
12 70 
72 71 
92 70 
35 103 
6 12 
80 42 
48 42 
134 56 
50 57 
124 131 
1 30 
35 14 
37 115 
110 65 
55 79 
33 1 
123 107 
108 110 
24 28 
114 61 
58 131 
118 80 
70 126 
5 53 
38 66 
91 58 
17 136 
113 89 
57 28 
39 4 
63 61 
121 58 
118 127 
82 87 
31 115 
33 23 
71 131 
108 102 
85 88 
115 43 
125 57 
116 110 
104 128 
3 133 
130 21 
35 52 
18 112 
7 127 
1 5 
69 98 
112 32 
102 71 
3 35 
84 3 
120 81 
86 103 
82 8 
125 70 
85 95 
80 85 
26 39 
48 30 
7 132 
95 25 
55 61 
119 51 
112 132 
104 26 
75 100 
78 55 
47 44 
40 54 
121 61 
20 37 
53 114 
50 109 
57 53 
79 62 
1 53 
132 13 
100 11 
109 51 
37 120 
46 53 
92 16 
112 104 
39 68 
2 81 
28 9 
98 80 
75 102 
80 61 
25 29 
103 129 
29 134 
71 69 
33 69 
120 32 
60 17 
131 105 
83 88 
28 119 
93 110 
29 131 
110 112 
107 20 
10 71 
11 112 
137 43 
122 94 
113 51 
136 127 
66 15 
40 36 
36 34 
13 64 
38 96 
89 137 
96 23 
93 29 
35 123 
15 65 
26 33 
34 10 
80 122 
32 96 
59 64 
2 14 
35 26 
13 29 
99 119 
73 111 
48 102 
7 41 
54 61 
8 3 
111 45 
12 11 
110 62 
124 43 
80 83 
59 26 
11 109 
118 102 
129 127 
75 22 
37 113 
114 121 
57 132 
88 21 
18 8 
102 90 
31 1 
7 54 
20 34 
19 87 
113 29 
53 47 
114 59 
86 69 
130 89 
135 100 
113 137 
93 51 
29 56 
84 92 
135 84 
75 82 
10 13 
94 41 
44 62 
125 84 
90 22 
130 123 
85 49 
64 49 
26 32 
116 73 
116 24 
120 119 
96 3 
5 129 
83 21 
132 39 
41 2 
108 90 
132 21 
72 40 
102 89 
43 69 
12 101 
108 61 
72 126 
67 40 
90 7 
36 54 
121 45 
37 52 
19 64 
58 54 
64 93 
39 73 
111 122 
98 61 
137 68 
15 18 
23 123 
133 46 
65 97 
26 3 
15 38 
48 54 
110 51 
71 85 
78 80 
136 82 
136 52 
41 135 
96 81 
89 59 
4 66 
3 57 
76 72 
99 108 
118 43 
103 91 
31 20 
117 41 
76 12 
46 28 
123 5 
59 18 
27 62 
38 114 
43 57 
115 93 
19 114 
125 67 
115 94 
23 67 
128 131 
56 119 
28 16 
70 50 
113 129 
41 22 
8 36 
126 55 
133 51 
44 93 
107 42 
20 17 
72 38 
132 30 
52 84 
20 133 
29 60 
53 117 
106 127 
101 81 
45 131 
48 21 
84 119 
63 125 
134 32 
72 43 
80 12 
125 111 
2 98 
130 20 
54 112 
128 16 
73 87 
14 72 
18 36 
72 45 
24 131 
78 123 
71 111 
61 17 
11 104 
88 72 
57 128 
125 120 
38 63 
24 57 
71 61 
121 12 
126 12 
128 15 
44 109 
21 15 
103 50 
31 26 
9 50 
105 124 
122 34 
123 70 
32 9 
51 10 
117 82 
112 133 
90 97 
8 78 
22 68 
5 84 
39 80 
22 81 
30 60 
22 51 
56 32 
67 121 
1 92 
36 97 
88 132 
95 130 
107 76 
111 41 
53 11 
37 59 
42 134 
11 99 
8 121 
93 103 
61 136 
72 53 
35 75 
118 93 
16 13 
81 100 
21 99 
27 20 
52 96 
109 55 
4 111 
85 68 
30 119 
96 33 
46 121 
115 29 
113 72 
85 65 
91 68 
81 88 
88 108 
86 61 
93 21 
97 59 
101 68 
15 121 
120 137 
93 73 
82 35 
80 14 
96 59 
118 48 
125 27 
135 89 
20 59 
71 56 
55 82 
35 53 
92 86 
31 123 
116 55 
75 9 
34 21 
56 124 
108 87 
46 3 
94 108 
81 56 
34 49 
126 3 
16 21 
10 67 
133 32 
15 135 
44 25 
58 122 
107 13 
115 89 
64 68 
15 113 
76 50 
122 32 
108 115 
20 66 
1 122 
23 15 
124 76 
40 3 
29 119 
125 38 
93 122 
22 32 
94 50 
130 53 
49 57 
8 115 
119 76 
78 117 
40 77 
124 4 
26 70 
7 72 
110 2 
121 120 
107 65 
120 72 
69 58 
127 3 
74 34 
71 94 
110 26 
10 69 
95 32 
35 84 
80 102 
1 64 
13 135 
10 55 
118 14 
39 15 
6 10 
76 97 
2 95 
132 56 
136 118 
67 56 
130 46 
99 9 
114 134 
112 116 
135 62 
94 121 
6 43 
52 68 
35 78 
90 112 
27 112 
128 127 
79 69 
83 131 
129 66 
27 97 
56 51 
123 10 
54 90 
128 49 
41 109 
37 73 
54 37 
1 131 
120 12 
87 23 
112 4 
61 113 
105 15 
87 66 
47 17 
57 86 
130 44 
42 15 
18 44 
129 45 
3 29 
46 9 
84 123 
6 85 
124 111 
22 24 
113 79 
82 13 
30 99 
44 91 
84 24 
3 9 
97 11 
135 108 
30 91 
19 97 
26 120 
21 87 
79 120 
128 5 
94 129 
81 10 
109 61 
128 92 
6 90 
24 124 
128 135 
40 21 
66 125 
83 9 
101 50 
124 38 
30 21 
7 68 
115 68 
102 21 
52 76 
84 63 
103 53 
69 106 
100 96 
99 127 
33 35 
5 100 
18 40 
69 123 
128 1 
40 44 
95 17 
88 19 
11 38 
50 44 
73 49 
8 41 
73 99 
4 43 
107 30 
72 103 
36 117 
12 94 
107 88 
16 4 
90 15 
124 98 
47 60 
123 57 
72 85 
117 49 
38 17 
32 13 
127 91 
26 61 
63 106 
132 128 
65 48 
20 30 
40 6 
109 80 
12 103 
66 72 
123 114 
71 49 
132 40 
59 69 
58 114 
96 60 
63 71 
4 1 
94 93 
73 21 
137 38 
60 79 
51 88 
55 106 
110 111 
75 86 
137 122 
21 5 
89 104 
122 98 
40 106 
52 30 
4 63 
130 119 
108 124 
117 136 
44 68 
50 98 
49 40 
61 12 
40 117 
41 57 
112 109 
42 5 
27 136 
135 54 
5 12 
39 32 
125 114 
48 55 
38 56 
8 14 
50 49 
22 29 
134 60 
70 42 
63 45 
20 49 
54 119 
115 55 
95 31 
125 24 
78 125 
3 72 
117 48 
46 85 
6 131 
89 53 
117 10 
76 25 
102 98 
106 115 
93 91 
93 5 
123 28 
102 78 
39 84 
102 55 
74 9 
95 87 
59 8 
13 95 
98 7 
105 40 
7 103 
101 9 
62 112 
50 41 
15 7 
117 86 
113 22 
113 32 
85 7 
37 26 
70 98 
80 51 
20 121 
29 20 
124 79 
75 61 
10 61 
117 32 
4 92 
50 37 
104 42 
131 101 
107 83 
100 110 
48 63 
107 48 
9 68 
41 132 
105 86 
32 67 
56 68 
99 137 
63 119 
28 84 
113 73 
81 62 
65 50 
119 93 
45 105 
120 114 
121 63 
22 94 
27 59 
20 117 
136 109 
36 66 
14 27 
99 15 
104 9 
66 134 
24 46 
27 131 
84 87 
87 52 
86 40 
101 25 
65 115 
53 27 
92 2 
106 113 
9 117 
71 18 
44 38 
26 66 
81 71 
135 109 
65 22 
62 136 
44 20 
134 63 
23 73 
48 9 
64 39 
77 78 
39 82 
15 8 
125 73 
127 135 
65 129 
72 41 
128 105 
63 51 
12 1 
129 47 
54 47 
95 4 
56 92 
67 16 
22 62 
115 128 
136 119 
60 5 
5 92 
51 27 
103 125 
57 81 
1 99 
51 70 
110 133 
134 65 
17 55 
39 46 
80 72 
100 106 
19 18 
74 56 
12 42 
70 114 
60 56 
54 120 
109 102 
7 75 
64 89 
109 119 
58 5 
99 63 
131 36 
34 90 
1 126 
10 58 
110 61 
116 111 
4 14 
61 53 
13 113 
110 7 
112 43 
131 85 
108 66 
126 39 
17 19 
49 66 
17 125 
17 31 
75 81 
92 100 
3 113 
118 4 
91 22 
70 44 
48 126 
100 132 
121 89 
92 76 
31 104 
117 7 
62 68 
92 97 
114 49 
89 52 
77 108 
39 127 
108 3 
30 82 
63 131 
71 14 
122 18 
92 24 
47 94 
93 24 
62 15 
135 32 
84 43 
121 66 
9 43 
57 51 
54 62 
124 30 
93 135 
39 17 
60 48 
80 119 
116 134 
132 95 
81 35 
23 115 
121 32 
128 63 
25 133 
77 8 
99 107 
59 113 
119 88 
29 58 
36 11 
95 37 
24 100 
51 104 
61 135 
125 108 
101 46 
22 9 
95 83 
125 123 
115 38 
112 1 
109 137 
17 79 
5 98 
24 73 
33 93 
17 106 
14 40 
19 70 
12 49 
51 55 
127 8 
15 127 
46 33 
12 81 
43 104 
55 121 
118 1 
9 98 
128 60 
112 126 
59 85 
50 42 
66 42 
35 51 
56 41 
4 101 
32 55 
74 137 
101 132 
50 93 
38 52 
27 83 
14 99 
106 26 
7 5 
103 10 
13 11 
19 13 
117 56 
9 128 
72 39 
76 65 
93 26 
81 90 
96 57 
137 26 
6 113 
113 52 
92 77 
108 4 
13 21 
70 121 
105 112 
24 26 
9 84 
113 71 
111 79 
28 49 
125 115 
136 13 
104 52 
118 2 
39 86 
102 19 
23 62 
44 19 
12 89 
77 3 
64 92 
130 57 
126 21 
91 41 
135 90 
24 12 
86 73 
99 56 
96 12 
71 53 
135 51 
136 19 
130 125 
22 16 
100 105 
65 80 
98 68 
47 40 
87 26 
50 88 
105 3 
95 78 
17 97 
126 33 
128 13 
113 86 
116 128 
78 129 
3 60 
77 75 
90 113 
40 133 
130 62 
73 88 
121 56 
22 31 
134 49 
110 40 
34 116 
82 44 
82 78 
6 116 
118 57 
92 111 
81 26 
91 60 
93 76 
127 69 
109 87 
59 9 
59 7 
34 35 
43 12 
127 42 
31 4 
51 123 
82 89 
88 71 
125 65 
86 70 
115 53 
91 125 
126 135 
7 136 
60 34 
126 4 
122 136 
137 97 
15 132 
65 34 
82 70 
96 56 
128 34 
11 16 
64 28 
128 55 
88 82 
133 126 
135 87 
45 52 
44 85 
77 29 
127 132 
31 33 
15 5 
110 44 
93 6 
132 26 
16 82 
79 18 
102 88 
92 89 
127 34 
28 37 
32 10 
32 84 
74 130 
49 112 
2 84 
61 126 
36 63 
36 126 
38 23 
3 117 
4 136 
83 125 
118 76 
49 47 
33 67 
121 122 
18 65 
83 113 
40 9 
21 114 
113 65 
65 89 
72 97 
34 106 
109 104 
5 82 
33 10 
34 70 
5 127 
112 114 
84 4 
129 27 
51 30 
126 56 
14 42 
71 104 
89 49 
20 10 
127 64 
69 124 
128 83 
38 67 
54 88 
34 28 
132 59 
126 79 
61 103 
18 68 
48 88 
99 6 
62 50 
29 110 
67 109 
36 62 
103 127 
84 117 
36 74 
127 137 
126 80 
11 44 
13 30 
91 69 
131 104 
12 45 
34 111 
53 69 
124 114 
126 22 
127 60 
19 82 
70 101 
81 77 
42 57 
9 5 
9 110 
48 129 
54 113 
106 27 
92 18 
23 59 
10 137 
26 23 
133 76 
121 26 
132 93 
136 41 
16 109 
3 58 
130 12 
111 28 
136 77 
128 74 
99 81 
66 34 
76 113 
91 133 
92 79 
12 14 
10 99 
103 24 
74 13 
6 32 
101 74 
91 135 
97 69 
30 85 
89 9 
89 83 
129 133 
21 81 
62 49 
66 83 
31 9 
51 129 
121 72 
43 48 
81 123 
125 40 
54 72 
75 41 
74 50 
55 113 
10 124 
33 101 
109 1 
133 117 
122 6 
107 14 
112 78 
125 87 
29 130 
49 46 
129 100 
36 76 
104 132 
102 17 
82 37 
47 120 
87 69 
6 109 
42 102 
53 92 
6 16 
59 44 
7 39 
7 55 
78 37 
129 30 
56 131 
40 121 
59 99 
71 29 
114 55 
107 125 
112 15 
137 118 
32 4 
46 1 
60 136 
70 88 
2 128 
68 37 
15 9 
65 106 
82 135 
108 129 
132 113 
54 35 
83 70 
32 124 
43 123 
78 45 
3 36 
34 56 
9 57 
119 41 
108 20 
56 116 
44 88 
66 41 
51 39 
29 10 
58 134 
57 116 
39 115 
112 124 
63 76 
51 62 
52 109 
110 35 
47 11 
80 20 
59 13 
6 68 
37 74 
11 94 
17 116 
18 91 
55 35 
2 16 
110 41 
1 84 
85 90 
17 41 
105 11 
132 49 
57 45 
101 69 
106 72 
121 5 
105 118 
76 100 
5 20 
120 135 
119 126 
62 93 
119 98 
47 29 
56 5 
72 50 
2 36 
63 65 
69 40 
48 91 
132 68 
69 17 
111 54 
133 127 
46 59 
64 108 
130 37 
93 31 
137 47 
129 104 
110 106 
115 99 
41 43 
80 16 
10 133 
61 41 
36 13 
46 37 
7 20 
45 11 
63 66 
12 78 
99 24 
15 86 
2 38 
107 58 
133 71 
34 137 
103 43 
62 63 
103 49 
64 69 
137 37 
71 32 
111 26 
36 122 
89 129 
28 133 
73 16 
31 71 
95 102 
47 113 
101 95 
127 37 
97 133 
98 42 
31 78 
13 103 
117 18 
129 122 
8 104 
24 121 
89 91 
51 32 
68 118 
54 79 
34 86 
25 114 
2 107 
45 62 
134 125 
6 81 
94 135 
56 88 
28 70 
96 133 
96 6 
127 121 
15 57 
27 133 
20 12 
94 77 
72 108 
119 77 
40 104 
114 77 
112 60 
31 49 
11 55 
37 72 
5 136 
135 31 
130 129 
97 136 
118 104 
85 115 
94 118 
38 65 
124 94 
117 6 
61 7 
46 105 
68 97 
89 23 
68 25 
40 33 
13 100 
52 134 
81 18 
27 11 
129 91 
109 21 
15 80 
27 32 
4 12 
110 80 
84 120 
90 3 
58 72 
89 60 
97 26 
103 30 
6 17 
136 101 
104 10 
13 12 
125 124 
86 45 
70 131 
17 26 
133 106 
39 88 
71 67 
120 118 
43 32 
1 87 
25 61 
90 123 
120 29 
41 134 
61 11 
39 123 
5 47 
129 33 
113 95 
3 59 
81 49 
115 91 
56 46 
40 95 
71 45 
30 19 
20 14 
30 77 
92 44 
110 98 
97 107 
127 120 
31 32 
8 116 
6 121 
54 87 
135 68 
71 20 
100 103 
91 37 
123 33 
81 111 
119 114 
117 107 
107 95 
85 2 
40 38 
6 33 
48 64 
51 14 
106 11 
129 95 
61 102 
116 60 
1 114 
105 80 
86 8 
13 109 
66 12 
123 42 
48 85 
21 55 
11 135 
106 83 
62 66 
109 70 
80 124 
75 136 
17 124 
12 17 
109 68 
38 12 
4 27 
122 131 
130 40 
52 48 
10 111 
90 14 
90 101 
111 102 
126 118 
4 137 
18 77 
84 12 
136 90 
31 94 
13 118 
78 36 
111 6 
111 76 
16 50 
124 71 
82 132 
5 94 
61 43 
89 29 
101 39 
56 11 
96 103 
10 84 
38 82 
35 122 
4 57 
131 113 
90 66 
99 109 
128 42 
46 113 
34 103 
83 35 
87 88 
71 30 
71 105 
79 45 
49 111 
102 18 
61 100 
13 85 
32 25 
12 33 
103 64 
49 108 
108 71 
123 15 
19 85 
38 90 
124 86 
23 108 
11 85 
52 32 
24 53 
76 67 
98 106 
63 15 
98 1 
15 114 
54 73 
86 77 
62 131 
65 68 
16 43 
126 92 
132 118 
39 131 
64 36 
54 84 
60 18 
110 103 
3 121 
130 124 
3 49 
20 102 
21 76 
65 132 
112 33 
51 17 
64 10 
