199 3156 
250 176 248 63 273 242 182 252 181 139 133 267 82 33 169 170 172 110 223 169 33 275 115 146 251 88 68 141 267 125 264 46 269 184 262 155 179 132 95 60 42 126 87 236 125 263 227 117 251 276 199 197 159 56 268 138 154 248 108 119 60 59 253 261 128 226 38 283 91 124 62 116 111 22 139 78 180 300 223 215 299 20 192 136 105 134 147 207 32 236 29 268 111 1 182 101 148 250 250 69 288 10 194 288 182 110 33 217 175 11 74 287 174 211 22 284 81 238 162 188 108 236 168 98 118 173 271 265 58 98 36 159 152 233 210 130 174 17 131 98 259 239 36 49 3 88 80 223 161 20 144 30 291 296 104 85 283 270 222 15 29 285 145 175 57 212 80 5 259 48 232 212 28 207 227 193 186 16 192 225 5 112 290 207 72 104 230 266 81 15 253 161 283 74 128 213 259 258 234 
28 196 
76 160 
41 190 
53 48 
165 48 
65 18 
150 143 
164 107 
126 168 
137 18 
126 43 
111 75 
160 159 
85 144 
56 152 
1 88 
74 69 
124 155 
168 170 
162 114 
36 158 
173 12 
34 91 
40 76 
64 161 
106 199 
162 29 
13 111 
79 149 
167 81 
18 178 
178 44 
154 186 
100 53 
64 56 
90 46 
93 35 
34 69 
67 150 
71 42 
102 11 
31 143 
125 91 
106 144 
103 142 
175 67 
14 39 
50 4 
83 79 
177 71 
19 101 
155 13 
153 83 
106 6 
6 186 
55 117 
148 198 
199 156 
164 86 
125 96 
112 7 
110 10 
62 186 
8 30 
5 156 
180 109 
178 62 
197 169 
165 23 
100 105 
27 60 
111 156 
24 104 
163 40 
83 177 
56 187 
81 4 
133 164 
135 182 
158 62 
98 181 
180 136 
125 22 
157 24 
189 93 
153 61 
126 29 
74 104 
30 97 
50 152 
6 134 
10 76 
84 146 
125 15 
14 8 
44 71 
196 134 
86 187 
68 178 
43 57 
66 13 
198 115 
191 53 
90 79 
81 98 
106 108 
158 95 
92 70 
4 49 
63 109 
22 196 
110 87 
173 127 
36 63 
3 121 
19 31 
37 166 
89 172 
19 98 
104 156 
182 9 
107 139 
69 175 
101 124 
48 126 
33 77 
94 17 
48 71 
106 115 
58 182 
148 47 
110 107 
2 98 
149 92 
129 10 
81 42 
153 56 
146 190 
82 175 
115 122 
92 59 
64 151 
94 97 
169 41 
138 66 
24 57 
125 128 
192 162 
125 139 
125 172 
16 90 
136 29 
46 42 
88 73 
85 187 
164 16 
118 78 
183 176 
151 1 
22 65 
44 160 
41 16 
131 49 
150 124 
8 127 
130 99 
16 91 
122 30 
111 77 
82 76 
36 6 
195 168 
99 192 
22 17 
95 92 
28 50 
4 65 
97 5 
190 84 
141 47 
137 115 
77 95 
127 110 
34 143 
102 94 
160 75 
49 54 
130 121 
65 38 
193 16 
20 138 
66 5 
81 164 
55 7 
61 80 
40 15 
21 13 
55 13 
68 85 
132 154 
87 27 
114 50 
86 59 
38 103 
166 193 
120 102 
196 113 
11 93 
122 7 
9 114 
165 125 
21 10 
59 191 
52 155 
53 67 
37 74 
174 35 
113 121 
85 12 
1 2 
42 86 
182 184 
126 199 
165 183 
20 8 
194 37 
13 26 
127 3 
111 29 
104 84 
110 170 
173 13 
27 10 
66 94 
136 167 
36 140 
118 98 
185 66 
37 77 
11 187 
22 7 
45 16 
153 111 
169 130 
67 124 
48 104 
171 188 
16 7 
73 61 
23 25 
177 48 
50 177 
59 73 
77 2 
137 172 
44 59 
81 157 
109 62 
180 57 
84 49 
125 43 
91 166 
170 171 
24 51 
78 102 
131 97 
130 165 
77 173 
141 95 
71 25 
40 107 
77 30 
155 167 
109 182 
123 3 
49 37 
176 57 
81 196 
111 85 
112 33 
15 131 
140 171 
31 187 
142 127 
171 108 
9 36 
157 98 
65 82 
97 13 
140 42 
53 140 
157 135 
118 184 
175 99 
168 25 
190 61 
193 62 
121 81 
149 186 
127 51 
11 115 
114 129 
71 50 
15 58 
66 166 
149 190 
80 165 
23 177 
174 28 
160 127 
174 133 
120 77 
1 15 
80 60 
51 66 
12 62 
178 58 
90 132 
90 57 
12 83 
173 149 
17 103 
84 143 
25 38 
40 153 
8 128 
16 52 
113 139 
195 58 
11 173 
71 5 
115 110 
73 70 
144 28 
3 115 
171 106 
76 163 
194 9 
72 85 
80 160 
1 69 
8 186 
153 100 
170 129 
129 130 
5 145 
191 142 
164 34 
162 14 
7 86 
11 118 
107 8 
32 195 
88 47 
88 91 
152 8 
73 9 
75 159 
18 165 
48 91 
181 11 
118 27 
94 194 
52 168 
20 78 
143 20 
82 70 
154 20 
78 161 
99 184 
61 184 
77 151 
145 173 
93 66 
156 191 
3 67 
171 182 
11 29 
86 11 
170 196 
76 77 
49 123 
2 194 
23 100 
125 64 
5 76 
172 90 
59 89 
77 5 
140 44 
145 144 
74 159 
171 112 
58 81 
15 114 
143 54 
5 117 
131 96 
69 60 
16 27 
15 41 
145 191 
90 27 
62 8 
131 74 
56 189 
74 98 
97 60 
125 168 
195 120 
78 182 
159 12 
40 121 
17 4 
78 175 
5 164 
103 21 
117 188 
37 163 
107 45 
21 93 
67 52 
43 52 
177 72 
185 69 
174 57 
89 39 
168 190 
75 161 
79 25 
192 104 
163 77 
118 35 
36 169 
110 89 
97 100 
187 123 
45 42 
119 61 
17 162 
36 60 
138 78 
79 38 
95 70 
32 64 
123 99 
188 58 
35 197 
179 134 
65 8 
11 41 
19 143 
184 170 
56 130 
155 70 
24 76 
181 35 
79 82 
102 107 
30 25 
3 66 
65 160 
164 144 
134 100 
192 43 
105 44 
181 127 
64 52 
164 89 
130 192 
161 169 
127 123 
147 132 
111 140 
64 34 
167 147 
45 76 
74 105 
45 27 
164 72 
180 170 
33 156 
133 41 
148 118 
61 197 
139 3 
130 41 
172 88 
120 111 
149 178 
185 47 
83 180 
40 58 
83 115 
96 91 
47 198 
172 173 
184 190 
120 168 
2 49 
33 90 
11 123 
30 144 
179 164 
117 35 
182 169 
98 28 
181 183 
113 116 
146 155 
1 126 
34 57 
157 169 
93 174 
161 45 
160 144 
49 57 
80 185 
183 199 
114 69 
91 193 
18 57 
18 103 
118 174 
189 181 
190 65 
80 147 
99 73 
18 15 
103 54 
165 16 
10 32 
9 55 
164 27 
118 49 
164 57 
145 140 
75 31 
3 35 
47 132 
128 44 
27 171 
74 122 
130 37 
26 98 
137 69 
199 44 
113 154 
49 178 
163 74 
102 197 
132 54 
118 199 
33 190 
12 155 
86 83 
145 84 
103 121 
65 148 
91 54 
194 68 
173 49 
33 10 
189 78 
25 16 
59 26 
94 7 
8 53 
166 187 
185 82 
47 9 
55 92 
51 30 
110 197 
169 35 
129 159 
61 126 
20 18 
159 116 
179 110 
69 158 
100 141 
128 139 
77 161 
74 96 
73 62 
162 110 
31 163 
110 1 
21 6 
144 2 
146 187 
179 26 
97 40 
199 59 
106 95 
80 8 
56 49 
121 154 
19 85 
101 4 
81 130 
52 25 
99 50 
161 74 
87 155 
195 85 
40 174 
71 9 
175 131 
63 147 
25 50 
5 73 
84 119 
149 63 
50 123 
114 89 
92 120 
136 43 
145 59 
168 157 
11 10 
139 170 
81 85 
168 81 
111 42 
93 91 
18 148 
126 35 
93 193 
27 138 
175 195 
198 14 
93 126 
162 71 
105 18 
46 166 
165 35 
120 55 
90 167 
85 56 
114 16 
130 140 
14 125 
120 196 
161 184 
180 55 
8 41 
102 141 
16 127 
43 73 
58 101 
142 76 
190 137 
18 52 
40 34 
184 167 
86 182 
137 164 
198 100 
39 124 
89 1 
88 9 
145 150 
107 50 
2 119 
139 56 
196 136 
113 44 
160 88 
92 98 
14 146 
138 144 
138 16 
43 5 
131 37 
129 3 
78 176 
11 146 
58 110 
134 139 
100 5 
159 72 
11 17 
90 193 
161 14 
166 89 
38 153 
35 58 
42 69 
71 155 
126 24 
191 73 
34 56 
58 94 
155 6 
180 106 
108 64 
133 46 
91 70 
126 112 
165 88 
4 78 
118 195 
190 160 
199 121 
112 99 
149 163 
100 180 
75 14 
13 130 
167 2 
33 173 
141 171 
197 170 
157 14 
27 132 
115 8 
139 164 
5 47 
119 161 
6 54 
147 59 
33 142 
55 119 
114 78 
80 44 
165 26 
142 140 
45 195 
20 80 
27 13 
3 173 
7 92 
188 98 
28 191 
85 30 
63 199 
82 14 
185 177 
55 25 
173 39 
134 68 
98 114 
74 3 
199 123 
154 11 
62 55 
25 185 
33 1 
170 83 
129 197 
142 114 
177 181 
130 160 
186 144 
126 196 
56 131 
48 197 
16 70 
8 168 
86 18 
169 118 
163 67 
28 135 
81 86 
30 59 
36 178 
177 169 
68 5 
176 133 
50 117 
169 15 
187 60 
123 103 
34 141 
126 155 
150 160 
123 78 
140 152 
46 115 
14 155 
38 7 
174 5 
22 56 
93 24 
189 66 
30 89 
73 180 
137 193 
108 78 
87 50 
15 31 
16 35 
18 161 
194 166 
135 136 
136 11 
19 154 
189 52 
170 191 
78 89 
176 41 
68 91 
166 164 
166 21 
37 4 
105 66 
121 160 
124 163 
138 77 
68 146 
136 39 
10 12 
175 187 
70 40 
85 49 
130 17 
51 187 
117 52 
26 131 
154 136 
112 97 
127 99 
59 183 
93 192 
175 65 
186 114 
190 186 
148 8 
56 119 
139 121 
111 91 
69 57 
124 116 
18 159 
166 184 
75 23 
8 52 
125 155 
35 9 
187 44 
6 57 
19 193 
94 48 
9 175 
2 90 
177 69 
56 3 
94 67 
86 41 
26 104 
115 189 
136 77 
113 50 
59 101 
154 192 
184 132 
184 141 
2 78 
136 45 
32 174 
94 165 
77 188 
13 12 
69 121 
128 190 
20 49 
15 106 
45 1 
94 107 
101 40 
150 144 
92 156 
160 67 
128 74 
94 86 
19 73 
28 59 
24 186 
109 73 
115 121 
81 66 
160 162 
1 135 
167 160 
140 8 
121 61 
193 47 
95 127 
124 172 
155 80 
22 84 
172 17 
151 146 
26 141 
85 51 
24 148 
37 32 
109 32 
22 110 
1 42 
145 21 
70 99 
131 21 
169 78 
21 7 
42 137 
173 97 
88 100 
101 136 
180 117 
183 39 
138 170 
185 23 
60 183 
94 20 
61 140 
156 17 
36 58 
40 18 
88 79 
42 136 
196 144 
121 73 
119 19 
135 134 
93 50 
25 106 
124 149 
64 136 
25 7 
30 49 
87 82 
21 89 
148 165 
173 161 
162 166 
65 186 
198 27 
192 160 
95 146 
147 156 
127 182 
119 196 
173 193 
181 113 
118 167 
15 16 
27 30 
34 187 
30 184 
25 104 
62 79 
12 165 
61 89 
152 179 
27 191 
73 182 
30 50 
70 114 
191 16 
160 155 
158 122 
142 176 
185 116 
118 58 
21 196 
91 62 
97 162 
11 94 
99 48 
186 196 
157 60 
156 86 
85 25 
154 133 
23 150 
55 113 
59 16 
112 120 
152 195 
186 98 
109 7 
110 88 
79 93 
69 88 
128 157 
86 95 
171 176 
98 62 
110 109 
63 83 
126 136 
13 83 
174 150 
86 175 
78 168 
95 181 
120 151 
62 162 
155 99 
37 3 
7 124 
82 132 
198 182 
170 163 
132 114 
14 92 
12 90 
174 12 
188 164 
8 160 
108 156 
177 38 
181 164 
147 109 
195 106 
183 56 
99 57 
156 128 
186 19 
131 70 
144 163 
28 79 
50 175 
71 20 
171 139 
109 129 
58 169 
139 166 
62 29 
193 8 
41 53 
76 119 
108 47 
40 165 
119 155 
198 175 
196 78 
80 94 
48 14 
163 75 
168 51 
18 138 
146 117 
188 192 
1 82 
116 168 
73 82 
83 158 
30 177 
192 34 
186 34 
116 30 
162 151 
132 71 
20 96 
5 59 
50 172 
194 6 
101 24 
17 55 
161 106 
63 21 
6 136 
46 84 
137 66 
130 191 
33 103 
73 130 
163 143 
77 198 
165 192 
156 168 
6 52 
69 98 
128 58 
161 9 
73 89 
41 85 
75 72 
195 137 
193 82 
2 13 
185 95 
126 26 
115 81 
147 8 
21 118 
155 114 
181 20 
35 27 
116 187 
86 20 
10 164 
193 59 
166 186 
181 96 
39 17 
12 28 
176 85 
160 29 
104 178 
193 85 
121 141 
153 3 
17 148 
169 103 
49 183 
185 130 
28 197 
136 128 
143 112 
34 45 
145 152 
139 168 
156 36 
110 8 
69 53 
72 77 
164 138 
156 192 
184 142 
179 72 
91 73 
105 125 
102 68 
57 195 
186 87 
122 75 
85 191 
22 69 
40 4 
87 189 
14 27 
109 94 
172 144 
56 157 
132 29 
34 121 
21 147 
48 131 
91 5 
138 58 
106 36 
119 94 
19 60 
110 119 
103 93 
110 62 
149 143 
43 186 
26 162 
120 136 
15 9 
66 1 
76 16 
11 148 
45 77 
129 121 
179 73 
193 129 
176 192 
84 83 
57 160 
181 199 
159 77 
4 145 
177 13 
23 198 
178 55 
68 99 
55 172 
41 180 
169 17 
171 77 
137 123 
68 73 
64 77 
81 88 
185 40 
154 91 
10 15 
17 196 
119 44 
89 42 
197 55 
41 18 
131 2 
60 54 
178 184 
89 116 
181 195 
39 140 
105 2 
49 10 
70 144 
83 108 
42 153 
8 58 
141 161 
123 154 
140 154 
195 157 
121 189 
169 127 
92 65 
83 188 
198 139 
105 121 
105 144 
149 85 
71 85 
80 115 
184 23 
160 132 
68 14 
188 191 
114 33 
15 38 
68 119 
73 189 
81 17 
170 25 
121 42 
186 74 
119 108 
148 122 
3 43 
53 161 
130 150 
190 117 
194 95 
168 14 
132 150 
127 36 
152 189 
3 100 
122 87 
112 170 
185 192 
34 19 
150 191 
191 199 
9 195 
50 128 
123 7 
47 65 
47 140 
94 145 
70 107 
194 196 
172 139 
8 10 
148 34 
190 71 
102 5 
10 91 
11 133 
171 92 
75 114 
90 10 
190 165 
13 126 
121 110 
12 166 
3 102 
44 163 
25 19 
14 148 
142 72 
139 127 
110 184 
123 81 
198 160 
128 68 
49 72 
47 134 
11 144 
8 43 
88 70 
177 152 
120 167 
34 89 
91 179 
82 124 
89 165 
17 32 
52 102 
161 52 
185 85 
13 1 
184 125 
122 63 
104 191 
2 96 
154 100 
69 46 
27 31 
20 197 
181 48 
170 132 
33 50 
81 13 
156 77 
110 55 
183 123 
26 2 
135 141 
174 59 
95 26 
28 54 
91 98 
146 152 
119 83 
57 84 
173 143 
72 180 
168 161 
161 21 
155 139 
71 147 
191 106 
23 157 
179 142 
47 50 
41 27 
3 120 
176 148 
68 145 
20 146 
66 175 
31 155 
184 131 
86 173 
66 7 
48 144 
115 182 
122 162 
193 162 
130 178 
56 123 
114 52 
176 27 
58 80 
28 44 
162 81 
14 21 
2 174 
181 191 
113 19 
93 61 
144 4 
123 15 
113 7 
136 68 
158 99 
114 30 
86 71 
144 82 
9 93 
106 131 
114 154 
47 199 
101 69 
115 116 
188 93 
11 79 
194 184 
106 185 
127 61 
199 8 
86 61 
20 31 
193 105 
71 159 
113 90 
174 137 
40 13 
4 44 
159 46 
104 177 
12 126 
191 64 
174 193 
178 94 
60 150 
2 108 
15 159 
116 76 
46 41 
94 26 
24 99 
11 170 
88 55 
153 29 
58 55 
169 16 
11 135 
100 50 
38 72 
149 5 
144 75 
39 63 
81 100 
190 51 
34 86 
4 165 
22 74 
167 199 
66 108 
80 27 
11 125 
103 67 
44 111 
62 187 
162 177 
32 7 
128 147 
169 196 
39 153 
195 159 
172 109 
14 19 
115 199 
185 178 
117 22 
95 81 
175 24 
97 113 
95 55 
114 147 
147 36 
3 25 
99 106 
174 136 
56 71 
145 162 
185 176 
52 175 
48 30 
76 65 
105 141 
97 27 
46 81 
149 158 
134 71 
113 163 
96 165 
109 148 
62 144 
10 194 
92 8 
188 52 
160 43 
59 38 
135 175 
98 168 
117 65 
115 124 
95 94 
102 69 
85 61 
93 171 
100 138 
75 30 
127 109 
67 62 
196 96 
173 192 
62 15 
128 92 
180 150 
142 162 
190 187 
98 66 
194 134 
141 119 
163 13 
112 73 
169 183 
194 92 
190 15 
102 8 
103 15 
197 91 
54 129 
82 151 
161 22 
115 76 
90 123 
77 23 
9 126 
191 8 
43 23 
112 44 
149 106 
88 193 
153 57 
13 73 
164 134 
85 70 
170 43 
153 15 
50 56 
199 130 
73 157 
168 197 
126 164 
98 190 
47 29 
9 64 
124 77 
130 44 
189 21 
114 179 
138 42 
99 10 
14 66 
162 109 
161 93 
96 94 
98 154 
120 193 
117 58 
194 104 
134 175 
47 136 
105 52 
198 28 
51 135 
179 161 
67 34 
180 107 
16 36 
199 108 
139 42 
130 139 
70 195 
112 89 
74 142 
51 189 
10 180 
97 141 
172 155 
113 172 
183 141 
187 3 
150 54 
112 31 
115 57 
193 127 
113 193 
99 145 
177 81 
21 30 
179 89 
152 107 
112 156 
47 98 
127 18 
186 112 
33 6 
162 53 
119 122 
23 83 
37 153 
179 157 
106 26 
18 12 
54 108 
122 48 
49 189 
28 173 
10 185 
169 20 
107 198 
196 52 
168 28 
163 72 
32 172 
52 47 
16 84 
179 85 
69 104 
143 15 
62 182 
177 183 
184 138 
6 166 
63 31 
134 172 
16 32 
188 29 
148 43 
40 170 
197 174 
159 65 
15 178 
115 133 
18 114 
150 94 
96 120 
188 116 
171 148 
3 2 
32 21 
157 67 
95 88 
118 68 
104 128 
123 42 
196 25 
23 72 
99 66 
82 136 
149 140 
158 32 
145 70 
44 8 
8 169 
195 19 
12 80 
146 92 
154 129 
80 34 
7 36 
41 173 
175 133 
164 159 
84 33 
86 45 
195 38 
31 150 
161 89 
188 74 
2 94 
121 94 
47 46 
195 71 
160 71 
70 36 
167 17 
153 106 
95 175 
185 120 
95 179 
94 136 
108 168 
125 177 
96 17 
154 178 
116 153 
119 126 
149 81 
148 189 
72 54 
97 77 
22 118 
46 29 
49 99 
87 53 
157 190 
15 101 
37 147 
195 64 
191 90 
41 172 
41 196 
77 18 
148 135 
80 189 
80 42 
30 73 
115 55 
20 176 
182 136 
29 31 
129 32 
166 131 
72 6 
195 1 
131 91 
109 170 
171 193 
159 90 
125 189 
106 12 
146 8 
145 23 
77 165 
186 28 
93 57 
62 60 
63 50 
149 177 
24 3 
12 169 
119 168 
197 196 
20 113 
158 63 
104 153 
123 61 
138 4 
118 107 
148 5 
72 18 
41 37 
127 81 
124 81 
42 141 
38 75 
3 133 
76 161 
75 96 
189 62 
160 133 
77 103 
146 55 
26 31 
113 56 
81 143 
173 155 
161 147 
123 143 
95 66 
71 182 
146 81 
144 92 
112 116 
156 165 
184 53 
16 23 
169 90 
114 174 
112 163 
171 74 
34 43 
199 111 
76 152 
41 183 
194 197 
164 155 
86 154 
169 102 
117 13 
131 60 
78 124 
151 45 
91 104 
145 65 
11 40 
128 98 
114 95 
131 39 
50 159 
132 12 
148 16 
30 69 
165 11 
86 52 
44 98 
186 188 
78 21 
15 61 
1 80 
78 33 
33 132 
30 107 
114 111 
33 141 
73 86 
198 155 
101 118 
99 90 
180 31 
120 94 
19 188 
158 111 
191 109 
129 196 
157 156 
171 127 
78 160 
24 12 
113 65 
170 66 
106 46 
81 159 
31 140 
187 172 
99 101 
85 177 
159 188 
27 120 
76 185 
47 165 
153 186 
163 133 
180 144 
176 139 
30 74 
87 154 
39 103 
77 172 
139 30 
174 72 
189 37 
183 18 
9 84 
75 132 
131 181 
163 42 
189 65 
154 161 
99 146 
140 85 
179 57 
105 47 
46 51 
136 44 
6 18 
156 149 
54 57 
16 85 
145 151 
90 63 
3 161 
107 167 
51 8 
159 68 
77 35 
134 111 
135 129 
177 115 
94 42 
193 92 
197 1 
187 113 
193 146 
24 121 
40 100 
127 14 
104 151 
110 103 
85 13 
9 156 
120 160 
108 118 
51 56 
153 43 
147 9 
196 20 
151 101 
196 24 
176 103 
77 68 
9 193 
191 75 
37 134 
69 190 
33 187 
48 116 
15 46 
137 60 
99 120 
33 57 
140 95 
197 41 
33 69 
136 59 
30 56 
48 39 
18 177 
147 4 
156 38 
143 27 
124 83 
46 23 
41 26 
56 25 
149 147 
85 150 
94 28 
21 80 
115 191 
32 110 
103 151 
47 168 
55 169 
165 109 
59 69 
182 122 
45 55 
164 84 
88 139 
106 11 
2 24 
113 149 
120 163 
115 90 
48 173 
173 198 
193 30 
90 36 
194 167 
131 32 
91 199 
92 167 
112 41 
197 70 
3 31 
61 175 
5 124 
140 100 
91 19 
113 35 
176 92 
3 130 
23 158 
47 27 
141 74 
179 143 
143 116 
60 23 
103 52 
26 125 
193 45 
15 185 
105 24 
100 96 
135 107 
41 177 
192 147 
73 50 
95 118 
120 123 
144 91 
120 125 
142 87 
121 96 
77 47 
92 122 
176 16 
44 138 
2 47 
6 16 
152 9 
167 77 
136 18 
199 30 
7 185 
104 75 
139 153 
63 91 
8 82 
114 159 
74 183 
86 62 
85 157 
148 151 
125 114 
31 175 
107 146 
63 168 
160 6 
165 177 
22 68 
192 157 
61 9 
141 59 
194 189 
109 47 
190 112 
76 74 
193 123 
40 24 
112 165 
80 76 
115 114 
73 93 
107 182 
33 31 
5 114 
42 66 
99 174 
191 40 
135 186 
175 11 
82 143 
52 133 
87 66 
91 105 
68 123 
30 170 
36 160 
32 45 
113 39 
147 188 
6 94 
133 166 
199 174 
96 186 
146 130 
165 146 
150 146 
88 90 
56 2 
108 27 
104 77 
119 183 
72 20 
196 58 
63 89 
133 23 
129 134 
160 194 
99 105 
190 150 
70 199 
20 198 
114 160 
80 137 
184 160 
94 47 
75 133 
17 163 
194 7 
79 102 
55 31 
43 99 
89 131 
40 148 
64 192 
169 164 
188 144 
181 23 
143 79 
18 24 
139 118 
49 51 
170 193 
13 181 
33 89 
186 148 
100 94 
175 107 
87 187 
168 54 
135 142 
19 56 
121 109 
54 9 
113 73 
82 2 
173 123 
36 23 
118 87 
168 57 
180 17 
120 19 
8 47 
146 139 
31 72 
3 78 
135 97 
1 67 
115 111 
67 167 
53 70 
136 80 
104 176 
143 184 
40 113 
188 130 
98 100 
198 159 
63 130 
146 172 
159 59 
83 11 
172 43 
198 178 
109 151 
134 106 
111 69 
136 192 
74 190 
121 6 
64 10 
175 123 
165 138 
48 63 
94 135 
30 181 
174 96 
141 168 
2 52 
180 114 
74 118 
145 183 
43 90 
151 65 
186 141 
64 91 
106 21 
75 67 
15 26 
6 171 
60 188 
164 42 
92 182 
160 189 
18 39 
58 142 
141 32 
82 26 
50 145 
73 138 
91 109 
41 44 
192 53 
75 120 
137 141 
41 166 
23 160 
137 33 
109 157 
13 125 
73 192 
28 45 
31 194 
1 62 
132 77 
139 174 
73 168 
133 143 
59 100 
109 3 
163 84 
111 103 
62 77 
182 53 
156 167 
112 132 
89 182 
132 191 
19 49 
47 33 
33 71 
30 39 
171 34 
89 76 
165 59 
81 111 
78 188 
147 47 
91 86 
176 28 
7 27 
83 58 
117 81 
144 156 
165 54 
104 49 
108 190 
170 90 
29 183 
52 172 
122 85 
77 91 
197 195 
170 131 
53 51 
96 82 
138 40 
85 169 
20 106 
33 75 
117 107 
197 47 
91 69 
150 131 
39 61 
157 96 
120 172 
104 130 
65 132 
61 53 
124 66 
54 44 
4 179 
155 117 
193 56 
80 195 
77 73 
144 46 
34 85 
192 50 
3 183 
62 166 
40 192 
164 162 
52 104 
100 179 
168 97 
20 90 
21 114 
50 141 
126 8 
118 192 
45 13 
86 75 
93 54 
36 118 
184 179 
181 124 
104 62 
94 167 
87 13 
199 57 
20 99 
168 151 
27 91 
192 25 
127 42 
20 147 
128 34 
169 136 
80 18 
69 19 
95 169 
180 86 
183 196 
94 142 
118 5 
77 196 
139 31 
23 88 
126 122 
20 81 
141 69 
97 121 
183 120 
154 62 
184 165 
79 18 
22 9 
5 182 
5 6 
159 36 
127 124 
192 52 
150 111 
84 7 
74 164 
25 130 
197 128 
98 136 
21 41 
55 133 
83 135 
189 142 
132 133 
73 156 
73 76 
32 1 
183 2 
18 96 
185 67 
181 151 
91 183 
99 30 
182 114 
157 118 
86 77 
90 17 
52 110 
166 75 
179 197 
84 32 
29 110 
74 48 
159 117 
79 162 
159 185 
173 40 
144 40 
133 27 
160 178 
129 118 
68 192 
42 20 
18 133 
9 111 
173 175 
24 11 
143 175 
109 54 
136 109 
109 92 
96 80 
57 60 
145 71 
107 27 
184 76 
49 3 
47 35 
24 70 
21 192 
172 5 
50 23 
48 62 
119 81 
182 46 
54 116 
111 165 
114 37 
184 140 
171 169 
66 187 
37 64 
131 13 
155 140 
152 170 
106 166 
52 182 
67 182 
108 100 
83 51 
42 26 
145 69 
80 107 
97 42 
22 180 
160 129 
147 61 
105 84 
123 64 
58 167 
98 61 
145 62 
32 13 
121 58 
107 141 
160 158 
81 180 
30 106 
78 156 
120 66 
121 43 
29 92 
40 33 
89 8 
48 4 
108 18 
83 48 
197 82 
196 154 
18 184 
118 96 
115 91 
48 45 
163 28 
59 162 
196 6 
49 185 
8 81 
101 150 
196 37 
95 58 
123 89 
172 130 
38 180 
80 158 
183 34 
78 117 
55 151 
194 157 
104 94 
112 68 
189 57 
101 77 
155 189 
138 80 
84 29 
193 157 
172 152 
134 168 
157 137 
109 128 
136 147 
77 160 
166 113 
187 97 
152 168 
179 29 
89 74 
20 79 
2 191 
68 189 
159 176 
199 20 
113 188 
186 85 
144 198 
77 189 
193 154 
184 38 
131 118 
110 150 
154 158 
56 120 
75 84 
80 194 
66 16 
54 19 
16 87 
58 120 
107 189 
188 114 
163 153 
18 50 
1 73 
93 142 
139 4 
132 101 
28 36 
2 114 
125 122 
156 198 
1 54 
66 139 
47 87 
137 12 
181 141 
17 91 
18 38 
33 184 
35 133 
42 196 
59 166 
68 52 
86 5 
60 119 
107 99 
164 121 
171 103 
153 68 
23 65 
90 82 
11 138 
13 191 
45 142 
61 188 
19 27 
176 2 
121 127 
53 143 
7 147 
154 185 
189 143 
15 194 
64 90 
66 19 
91 51 
23 137 
7 24 
38 122 
160 52 
50 79 
32 198 
156 46 
72 196 
105 19 
145 86 
197 162 
186 91 
112 34 
58 186 
72 11 
151 180 
112 117 
25 35 
120 131 
19 8 
21 47 
3 22 
58 127 
137 30 
62 63 
70 33 
34 173 
79 183 
113 110 
141 133 
105 36 
9 38 
102 74 
73 104 
85 168 
164 90 
58 192 
47 82 
173 179 
68 16 
169 34 
114 76 
6 23 
182 174 
178 147 
12 158 
66 165 
50 39 
124 21 
95 132 
179 147 
78 95 
146 60 
8 134 
191 92 
72 167 
69 23 
116 193 
82 111 
103 160 
91 75 
66 35 
61 151 
81 29 
10 17 
186 1 
117 1 
130 147 
2 134 
194 187 
197 163 
87 8 
128 23 
113 48 
129 147 
70 60 
67 168 
109 154 
61 56 
65 110 
84 95 
42 156 
112 64 
125 150 
120 130 
126 89 
138 196 
180 165 
148 85 
61 36 
191 151 
8 124 
111 166 
191 71 
198 31 
64 173 
61 117 
84 91 
53 121 
119 103 
80 25 
108 49 
40 181 
80 111 
151 154 
88 25 
5 36 
123 74 
90 77 
82 49 
132 48 
50 9 
51 178 
20 73 
11 18 
134 118 
35 26 
130 101 
35 46 
152 169 
142 131 
9 141 
148 113 
120 7 
73 18 
1 190 
191 159 
142 132 
39 44 
143 120 
48 184 
140 50 
76 148 
120 190 
121 106 
100 14 
65 167 
120 104 
51 18 
48 120 
128 113 
135 155 
105 62 
186 95 
2 80 
27 183 
41 81 
91 147 
123 166 
36 125 
121 116 
109 192 
37 20 
134 138 
129 122 
122 97 
21 187 
44 176 
148 68 
22 171 
88 86 
96 28 
46 132 
69 11 
134 76 
177 163 
92 90 
112 176 
119 35 
108 125 
46 75 
3 7 
122 71 
100 49 
38 95 
41 45 
34 70 
46 190 
89 91 
152 183 
95 129 
72 50 
3 20 
188 138 
26 118 
190 62 
62 87 
52 169 
9 134 
75 167 
107 77 
184 39 
25 152 
92 141 
110 80 
169 54 
30 19 
113 8 
169 31 
17 38 
100 145 
115 35 
43 144 
129 67 
15 42 
18 147 
68 45 
145 77 
193 36 
55 35 
193 128 
106 91 
102 194 
109 88 
76 23 
129 163 
195 52 
73 186 
83 162 
183 166 
43 162 
196 19 
16 192 
160 193 
129 139 
95 79 
10 166 
145 137 
143 17 
104 155 
122 94 
141 149 
22 32 
35 61 
75 180 
17 72 
13 54 
197 188 
90 165 
22 97 
36 46 
21 125 
184 191 
131 16 
181 135 
70 7 
67 99 
115 123 
84 108 
55 168 
145 197 
46 117 
81 190 
74 184 
191 24 
168 2 
150 38 
176 140 
118 104 
5 31 
119 195 
89 38 
133 177 
186 12 
69 193 
66 134 
93 150 
39 21 
55 64 
55 196 
32 140 
131 102 
185 105 
88 97 
14 182 
66 176 
12 49 
7 197 
103 75 
118 138 
58 27 
188 14 
47 178 
128 195 
93 106 
34 193 
97 111 
161 192 
192 170 
27 5 
174 34 
51 41 
142 77 
80 99 
94 196 
34 95 
139 33 
103 164 
187 58 
123 119 
122 58 
146 184 
30 129 
60 180 
115 79 
42 82 
137 73 
96 95 
2 32 
96 173 
18 155 
112 129 
36 151 
61 169 
172 62 
192 8 
21 157 
68 107 
79 180 
75 83 
184 34 
106 82 
47 64 
159 20 
88 178 
72 185 
117 47 
164 98 
141 159 
83 191 
195 141 
132 105 
135 16 
52 176 
46 71 
125 103 
148 53 
125 23 
86 121 
120 2 
77 193 
37 40 
70 58 
77 92 
128 110 
153 90 
176 6 
85 22 
120 165 
86 152 
181 72 
41 71 
55 163 
168 15 
43 91 
18 44 
53 149 
4 15 
99 39 
13 128 
172 132 
152 125 
134 107 
96 109 
123 188 
15 122 
31 8 
185 3 
90 136 
177 137 
94 70 
6 157 
118 186 
179 46 
59 196 
96 43 
167 190 
37 14 
197 116 
78 96 
122 43 
7 186 
136 37 
125 136 
31 192 
115 30 
166 73 
105 7 
167 71 
164 141 
51 14 
71 163 
27 117 
29 120 
110 140 
112 67 
31 193 
181 84 
105 140 
152 80 
134 49 
45 35 
72 172 
120 137 
163 148 
27 71 
141 71 
69 117 
130 43 
103 56 
125 182 
146 145 
186 139 
154 89 
137 196 
169 65 
132 179 
184 77 
129 168 
5 99 
59 45 
125 138 
15 124 
13 101 
89 134 
48 77 
31 6 
101 176 
176 163 
67 119 
181 121 
194 105 
139 97 
159 135 
17 141 
50 80 
168 24 
7 103 
90 84 
124 44 
189 129 
71 192 
6 123 
158 190 
156 194 
192 120 
175 25 
128 101 
151 167 
161 117 
164 100 
151 113 
187 151 
61 20 
127 26 
72 112 
193 110 
126 62 
175 16 
52 116 
185 32 
138 194 
37 39 
104 16 
171 38 
198 72 
7 160 
198 9 
140 87 
123 35 
137 1 
130 45 
104 124 
33 17 
193 112 
188 152 
139 6 
70 132 
35 95 
176 19 
14 194 
75 34 
170 92 
179 174 
21 60 
115 131 
119 137 
1 19 
19 182 
133 95 
194 131 
28 164 
70 171 
182 6 
189 16 
65 111 
62 13 
38 172 
30 123 
33 183 
95 72 
69 172 
155 32 
85 39 
65 115 
74 112 
124 103 
70 29 
123 17 
114 28 
83 54 
172 194 
32 102 
98 116 
118 177 
158 13 
179 62 
135 67 
38 11 
33 194 
127 94 
106 111 
136 4 
60 30 
51 69 
45 180 
73 117 
58 198 
189 85 
127 164 
178 150 
124 65 
100 187 
151 112 
181 172 
10 39 
119 12 
131 30 
86 126 
46 99 
43 44 
45 9 
18 67 
191 138 
101 48 
150 71 
52 99 
23 135 
15 173 
186 167 
191 185 
175 166 
84 198 
12 52 
39 167 
131 161 
30 136 
110 147 
85 43 
139 117 
106 86 
147 140 
181 2 
89 163 
82 169 
151 115 
126 91 
124 108 
84 175 
131 130 
39 154 
67 22 
98 80 
60 9 
98 7 
53 33 
198 6 
127 148 
119 133 
101 57 
106 33 
61 109 
111 73 
35 4 
111 180 
127 192 
110 163 
8 162 
61 189 
93 117 
131 40 
179 23 
134 48 
163 123 
137 135 
120 6 
185 96 
152 117 
177 37 
77 12 
136 34 
135 96 
114 118 
65 90 
65 41 
4 199 
139 111 
70 61 
154 122 
54 181 
165 71 
12 141 
65 118 
91 140 
62 16 
11 143 
148 180 
109 146 
166 18 
73 155 
95 134 
183 61 
95 8 
84 51 
185 107 
76 37 
91 174 
90 108 
36 80 
89 68 
58 176 
179 87 
146 195 
185 65 
149 84 
139 81 
94 50 
24 113 
8 2 
71 93 
115 109 
189 183 
89 130 
59 27 
65 31 
132 153 
181 160 
68 27 
39 155 
96 31 
52 122 
184 71 
98 16 
45 137 
186 115 
51 198 
121 71 
171 84 
52 164 
107 66 
154 157 
5 119 
65 123 
125 58 
53 49 
152 44 
5 12 
153 64 
41 126 
165 39 
107 76 
11 33 
162 187 
165 44 
28 66 
24 15 
194 32 
144 159 
116 158 
131 111 
133 25 
199 90 
116 73 
131 33 
41 157 
110 94 
149 120 
61 192 
