158 4887 
169 134 248 15 106 182 211 175 135 101 48 281 66 171 116 226 299 114 38 215 215 41 289 156 146 76 129 275 125 42 180 199 201 34 100 54 197 60 177 237 103 29 146 241 222 92 69 62 164 109 209 256 87 300 286 100 274 25 16 281 197 206 218 90 278 56 132 11 38 48 32 116 30 80 209 273 172 135 99 282 30 175 103 283 119 47 202 230 204 278 159 237 117 210 124 81 75 249 296 285 88 255 120 89 257 281 109 26 82 8 112 214 7 64 156 165 298 114 162 66 191 294 202 61 249 73 8 228 200 26 183 132 8 58 91 272 75 168 269 138 286 180 300 291 198 109 223 79 239 87 61 137 4 271 6 176 157 76 
51 5 
55 16 
83 137 
129 43 
144 19 
11 88 
102 44 
137 43 
27 5 
145 120 
145 2 
56 83 
15 10 
51 110 
114 86 
35 40 
52 141 
95 123 
155 36 
17 35 
87 153 
108 53 
9 36 
98 145 
151 12 
141 96 
41 116 
101 65 
147 131 
118 55 
156 95 
145 73 
84 152 
19 96 
150 122 
8 73 
25 90 
96 29 
37 136 
141 23 
23 133 
106 23 
6 40 
10 78 
117 23 
107 136 
83 36 
23 140 
19 71 
114 5 
62 13 
65 117 
88 130 
94 33 
100 101 
10 40 
116 89 
115 12 
14 141 
52 136 
9 90 
73 102 
153 19 
143 124 
104 152 
145 115 
14 3 
21 113 
83 70 
100 116 
75 8 
58 137 
9 46 
120 148 
156 34 
136 154 
20 147 
148 142 
29 6 
56 71 
101 74 
50 38 
132 157 
81 146 
85 43 
31 136 
88 24 
145 130 
15 69 
129 66 
63 141 
142 15 
101 76 
21 155 
57 147 
73 106 
29 147 
124 2 
2 88 
42 54 
96 70 
125 89 
109 22 
57 95 
26 135 
132 99 
64 88 
110 138 
20 39 
104 97 
10 67 
98 103 
119 99 
26 93 
73 134 
30 40 
49 95 
136 128 
25 22 
136 153 
146 129 
101 61 
57 114 
133 149 
3 39 
104 24 
135 93 
89 79 
6 112 
45 68 
135 86 
48 139 
157 156 
139 131 
75 104 
37 129 
128 15 
6 68 
17 11 
40 157 
42 46 
99 109 
74 71 
147 130 
82 22 
47 107 
48 64 
73 128 
145 127 
126 17 
20 98 
41 128 
32 19 
40 59 
153 110 
63 88 
62 28 
117 69 
97 136 
72 118 
87 97 
74 46 
145 79 
114 4 
158 11 
20 64 
142 82 
105 10 
1 156 
55 145 
32 108 
135 79 
52 17 
65 23 
12 55 
6 5 
38 107 
65 149 
27 25 
48 12 
113 136 
18 28 
99 103 
15 55 
146 51 
128 153 
78 80 
17 95 
157 116 
41 91 
90 107 
76 32 
67 46 
25 38 
151 3 
70 95 
19 111 
100 14 
102 67 
118 48 
83 140 
61 88 
40 58 
19 157 
86 84 
2 51 
145 146 
132 18 
23 62 
103 74 
44 28 
4 119 
38 123 
32 14 
30 21 
101 91 
61 126 
69 44 
152 43 
46 4 
31 67 
33 76 
60 91 
141 152 
15 37 
151 103 
108 93 
98 48 
93 3 
119 79 
132 147 
9 48 
66 138 
107 75 
109 12 
65 32 
53 36 
90 139 
47 44 
121 26 
136 18 
33 90 
72 140 
91 63 
65 118 
103 16 
84 18 
149 91 
10 63 
53 128 
47 34 
34 52 
58 66 
119 61 
141 49 
95 64 
126 153 
84 54 
26 43 
98 49 
156 73 
139 146 
55 50 
10 97 
18 87 
30 95 
26 52 
92 58 
138 5 
17 47 
102 86 
88 138 
151 29 
131 99 
102 118 
8 9 
105 115 
153 80 
10 109 
135 30 
134 44 
105 147 
43 147 
132 51 
20 77 
73 55 
11 109 
40 129 
25 93 
5 1 
64 96 
44 73 
21 121 
107 102 
41 98 
97 132 
119 89 
92 81 
63 23 
72 54 
22 153 
9 40 
100 73 
104 119 
153 53 
135 15 
100 26 
64 138 
83 50 
13 80 
140 147 
100 29 
52 87 
99 4 
57 51 
58 19 
126 24 
72 67 
124 44 
82 6 
148 52 
16 71 
20 89 
44 117 
82 143 
128 66 
22 156 
27 122 
59 15 
149 112 
94 101 
123 31 
91 49 
1 131 
26 150 
79 112 
49 62 
100 30 
28 155 
61 55 
134 85 
95 86 
8 125 
11 74 
106 76 
38 98 
103 78 
148 137 
8 121 
77 114 
68 134 
72 25 
72 1 
29 149 
104 122 
37 128 
102 111 
128 62 
34 132 
44 5 
142 65 
81 114 
54 50 
131 53 
140 99 
61 94 
143 138 
74 132 
129 50 
54 124 
126 142 
139 20 
59 9 
153 41 
98 111 
80 124 
100 64 
71 118 
32 52 
102 32 
33 42 
102 120 
92 103 
123 78 
147 121 
26 140 
86 149 
46 52 
76 64 
31 152 
21 119 
116 138 
152 76 
48 138 
81 55 
147 8 
96 7 
66 10 
130 69 
86 93 
39 113 
16 119 
100 104 
1 90 
130 83 
13 128 
22 108 
52 41 
103 28 
146 108 
127 103 
118 156 
46 102 
158 100 
55 119 
122 26 
134 113 
153 86 
41 131 
114 92 
91 47 
133 119 
28 77 
41 75 
38 22 
99 154 
25 5 
4 92 
82 154 
132 15 
42 53 
95 89 
94 62 
55 59 
129 82 
141 114 
69 37 
18 139 
14 82 
90 47 
147 53 
121 7 
40 51 
72 128 
141 46 
132 39 
141 132 
58 71 
83 3 
141 2 
124 91 
30 59 
31 15 
82 58 
110 143 
61 103 
49 57 
88 65 
58 106 
141 147 
11 86 
72 36 
120 18 
34 33 
90 30 
119 70 
74 25 
108 47 
44 31 
150 138 
152 107 
122 46 
127 91 
104 93 
126 133 
151 112 
46 49 
136 51 
78 85 
87 141 
88 96 
68 158 
8 86 
47 109 
105 20 
65 74 
37 36 
22 1 
113 97 
156 2 
126 30 
15 11 
108 70 
126 110 
3 32 
102 54 
28 101 
119 100 
70 51 
107 12 
42 149 
101 139 
67 47 
90 120 
125 104 
125 4 
134 34 
143 98 
127 55 
70 138 
5 100 
53 96 
130 35 
62 144 
11 24 
79 85 
150 53 
90 17 
123 51 
36 88 
59 120 
54 120 
76 125 
14 53 
20 27 
49 122 
140 117 
155 117 
85 142 
122 66 
139 123 
118 138 
121 49 
40 66 
109 60 
9 1 
134 65 
78 14 
107 108 
112 23 
69 86 
38 64 
84 156 
99 78 
79 57 
70 11 
88 54 
81 51 
36 60 
99 148 
13 156 
51 65 
108 92 
15 26 
113 65 
17 30 
96 105 
44 118 
141 68 
126 121 
41 141 
69 30 
25 71 
113 73 
131 151 
66 28 
109 68 
124 36 
67 119 
16 108 
62 8 
140 61 
57 72 
41 99 
120 33 
22 130 
97 64 
148 44 
60 132 
34 37 
153 129 
151 9 
143 101 
45 72 
85 133 
41 71 
70 2 
48 78 
80 131 
157 133 
23 12 
106 126 
120 152 
110 38 
46 12 
45 134 
125 83 
67 112 
104 5 
134 89 
102 113 
107 104 
155 109 
13 125 
88 154 
61 134 
126 49 
132 25 
7 72 
41 125 
97 66 
51 141 
36 151 
121 82 
134 51 
34 90 
157 91 
103 22 
142 111 
110 115 
130 158 
80 125 
70 124 
83 12 
107 141 
59 10 
51 27 
60 157 
28 37 
10 120 
65 103 
20 114 
79 49 
61 27 
49 123 
123 144 
1 154 
38 140 
51 32 
140 6 
126 67 
72 112 
22 79 
132 43 
38 135 
103 90 
93 89 
11 157 
151 15 
108 157 
12 28 
10 153 
139 95 
15 57 
121 131 
5 147 
67 108 
87 66 
43 62 
16 133 
60 48 
116 105 
2 115 
90 49 
128 122 
152 142 
37 123 
12 146 
94 146 
52 144 
148 37 
90 6 
49 93 
28 22 
19 85 
92 51 
98 97 
4 129 
48 134 
84 154 
35 150 
57 10 
105 78 
41 111 
124 64 
145 118 
146 116 
74 116 
145 107 
61 8 
94 22 
73 148 
131 153 
40 26 
55 82 
115 11 
9 113 
122 156 
68 120 
85 121 
91 4 
41 5 
33 27 
42 30 
48 16 
68 1 
148 107 
81 74 
152 41 
27 153 
123 102 
77 9 
148 16 
31 144 
80 62 
4 86 
17 23 
78 59 
29 19 
109 146 
148 153 
93 147 
109 89 
39 8 
77 88 
136 155 
73 7 
54 36 
142 146 
151 43 
27 47 
138 131 
39 157 
13 114 
36 21 
135 112 
55 29 
115 137 
49 116 
35 63 
18 36 
135 142 
153 138 
104 90 
109 57 
10 7 
94 152 
39 96 
104 48 
69 76 
37 105 
59 11 
82 104 
96 22 
73 76 
13 29 
34 39 
69 134 
28 9 
10 91 
93 45 
79 61 
123 118 
21 129 
127 14 
81 44 
71 35 
24 54 
131 54 
121 139 
15 136 
84 111 
147 91 
74 142 
10 82 
113 84 
7 53 
108 44 
83 53 
81 43 
96 86 
107 79 
85 143 
126 5 
91 92 
137 28 
26 77 
130 108 
24 21 
141 88 
90 149 
156 133 
147 101 
9 33 
47 75 
93 132 
71 84 
79 50 
135 150 
143 152 
74 40 
125 34 
9 147 
125 118 
92 60 
23 5 
158 2 
15 99 
89 130 
71 137 
128 23 
98 60 
108 75 
4 124 
17 91 
139 58 
143 74 
78 54 
121 72 
153 44 
20 35 
141 55 
72 110 
25 80 
34 146 
141 3 
63 152 
126 120 
42 156 
111 17 
80 148 
62 141 
1 15 
81 101 
84 29 
43 57 
122 130 
24 115 
122 68 
72 29 
53 144 
115 28 
52 117 
14 92 
147 149 
69 137 
122 120 
40 117 
12 125 
11 137 
155 153 
59 51 
41 67 
82 36 
29 61 
149 78 
95 73 
154 112 
158 147 
46 41 
51 12 
61 66 
110 82 
56 110 
105 148 
111 6 
110 10 
149 115 
93 85 
142 72 
6 125 
56 80 
110 81 
134 119 
97 109 
48 150 
24 151 
39 62 
133 42 
109 116 
72 92 
158 15 
50 76 
52 72 
134 58 
113 46 
22 20 
103 11 
145 110 
139 115 
11 54 
58 25 
95 146 
113 131 
22 43 
113 67 
150 133 
136 49 
112 81 
62 77 
71 141 
83 86 
85 44 
140 156 
135 50 
89 61 
109 133 
19 118 
135 12 
5 140 
150 44 
154 30 
157 17 
57 97 
58 39 
37 103 
1 132 
134 149 
122 33 
72 93 
95 12 
122 19 
124 126 
156 21 
81 49 
54 39 
42 93 
128 7 
77 66 
126 117 
49 52 
23 105 
117 132 
126 111 
91 33 
73 85 
86 101 
112 137 
10 145 
117 110 
38 78 
120 31 
96 149 
132 127 
20 10 
100 94 
11 82 
30 124 
118 98 
87 108 
41 33 
63 110 
130 20 
7 142 
127 44 
28 96 
146 35 
153 104 
112 105 
34 148 
80 72 
54 142 
137 129 
5 150 
118 121 
43 95 
87 104 
132 89 
130 133 
92 73 
89 31 
108 137 
105 79 
111 101 
120 129 
108 13 
153 124 
4 20 
154 9 
25 18 
42 120 
78 6 
157 107 
25 107 
5 102 
71 31 
89 66 
127 73 
141 146 
53 37 
144 137 
132 90 
155 135 
55 28 
36 31 
38 12 
5 110 
32 40 
140 104 
129 62 
35 32 
127 61 
112 68 
50 46 
33 92 
106 84 
156 85 
25 121 
152 19 
25 126 
146 74 
97 60 
56 127 
114 62 
90 115 
157 6 
70 48 
111 46 
103 100 
64 70 
29 38 
57 132 
42 125 
103 31 
129 27 
50 49 
134 116 
92 141 
131 40 
92 99 
156 107 
132 62 
9 131 
81 130 
4 16 
95 114 
30 132 
125 100 
40 60 
157 81 
133 39 
73 88 
145 99 
86 142 
95 145 
84 69 
80 95 
115 21 
142 144 
86 20 
93 101 
29 95 
122 55 
21 127 
153 83 
54 100 
28 123 
115 19 
77 61 
155 103 
126 32 
103 49 
5 14 
157 114 
149 41 
139 130 
1 27 
1 129 
76 29 
9 120 
72 148 
1 136 
18 70 
93 133 
39 90 
70 29 
137 45 
96 4 
18 51 
90 72 
154 142 
6 87 
38 143 
35 156 
74 131 
123 47 
131 13 
93 111 
58 36 
111 116 
130 129 
134 107 
118 81 
28 98 
139 9 
79 44 
58 116 
71 122 
61 74 
137 51 
108 9 
95 96 
6 122 
64 3 
66 121 
111 18 
137 67 
157 109 
13 152 
93 123 
103 153 
36 141 
15 63 
143 58 
81 102 
130 138 
35 134 
100 45 
137 111 
3 100 
137 30 
38 97 
47 126 
61 34 
138 119 
42 25 
10 144 
141 35 
153 106 
43 3 
1 26 
72 71 
101 102 
89 42 
124 37 
149 30 
33 103 
72 78 
119 144 
1 25 
10 123 
103 156 
102 110 
68 154 
99 18 
13 23 
64 24 
55 26 
46 35 
93 90 
36 6 
37 21 
114 137 
26 58 
88 144 
158 18 
93 53 
51 85 
69 23 
151 10 
87 154 
121 150 
101 38 
75 149 
108 2 
6 71 
117 145 
66 57 
151 75 
17 58 
78 58 
108 134 
67 158 
142 13 
131 106 
81 56 
145 1 
87 38 
158 43 
48 63 
78 122 
64 130 
41 56 
82 19 
114 54 
153 111 
157 153 
57 144 
105 15 
71 70 
3 114 
41 150 
125 25 
66 142 
148 7 
24 49 
28 4 
154 55 
20 129 
124 133 
75 16 
98 69 
59 79 
117 154 
83 46 
87 86 
67 79 
135 145 
111 156 
8 6 
16 83 
109 156 
71 22 
158 155 
102 98 
158 80 
148 110 
31 111 
120 157 
148 157 
111 45 
54 92 
128 85 
92 151 
41 57 
67 64 
53 32 
133 5 
94 80 
66 147 
107 122 
79 34 
85 90 
63 122 
85 61 
102 112 
31 30 
106 116 
97 47 
21 157 
96 15 
121 130 
7 34 
121 5 
114 112 
125 88 
112 156 
89 65 
26 141 
54 147 
125 72 
49 72 
103 152 
7 52 
103 139 
156 60 
143 121 
61 87 
133 132 
78 28 
29 30 
131 55 
12 121 
107 21 
30 84 
45 105 
104 14 
138 125 
40 108 
92 125 
11 68 
45 2 
20 45 
88 91 
111 44 
102 147 
123 57 
133 43 
70 158 
94 102 
3 158 
144 105 
146 134 
135 119 
30 77 
151 59 
6 66 
76 88 
77 16 
2 39 
144 76 
23 43 
2 118 
8 24 
118 15 
135 52 
132 91 
153 154 
104 20 
13 34 
19 137 
154 98 
65 151 
78 65 
127 83 
70 155 
19 21 
140 73 
56 112 
116 96 
69 100 
51 69 
136 96 
65 20 
96 91 
54 85 
68 95 
20 31 
117 62 
103 47 
63 148 
30 50 
88 68 
69 78 
150 3 
101 137 
138 87 
65 106 
43 14 
102 6 
30 48 
41 126 
9 103 
39 109 
38 68 
21 124 
122 85 
8 15 
140 42 
14 94 
143 133 
109 84 
82 39 
12 61 
152 151 
10 5 
80 24 
110 133 
132 16 
21 150 
137 3 
114 53 
79 98 
42 94 
153 146 
5 109 
1 91 
58 73 
126 50 
22 10 
27 78 
90 46 
105 150 
103 108 
14 79 
14 153 
152 156 
4 144 
154 128 
130 103 
124 10 
75 50 
64 53 
17 12 
8 141 
101 124 
145 103 
107 82 
125 113 
90 66 
104 88 
147 52 
20 74 
42 112 
24 135 
28 109 
43 64 
12 66 
132 80 
55 14 
48 67 
1 12 
152 133 
66 109 
7 130 
22 29 
1 55 
111 90 
146 55 
77 134 
27 124 
19 112 
117 104 
114 31 
140 123 
153 63 
37 112 
49 42 
17 140 
156 54 
84 108 
143 33 
93 96 
4 104 
121 45 
16 63 
102 76 
88 50 
44 142 
45 41 
15 73 
148 38 
41 21 
14 121 
1 134 
79 12 
58 115 
62 36 
48 121 
91 139 
53 62 
31 19 
47 71 
74 106 
64 10 
118 96 
118 132 
11 12 
148 124 
66 154 
16 147 
149 97 
70 74 
120 104 
150 9 
60 133 
67 150 
92 78 
110 1 
99 137 
76 96 
120 76 
137 118 
23 76 
90 52 
81 20 
4 21 
24 91 
126 125 
133 52 
98 158 
14 112 
82 88 
77 137 
12 67 
94 24 
38 4 
73 3 
15 40 
13 79 
64 9 
21 68 
86 65 
1 62 
136 39 
120 36 
142 3 
27 72 
21 87 
79 19 
60 128 
148 20 
34 112 
89 82 
64 79 
10 112 
19 64 
80 146 
85 58 
122 58 
153 4 
93 155 
149 34 
98 125 
58 141 
27 114 
41 132 
65 126 
17 16 
110 111 
127 147 
26 19 
57 26 
63 49 
78 124 
5 92 
118 73 
24 102 
25 145 
139 16 
45 75 
84 12 
123 69 
112 84 
141 22 
73 154 
157 119 
6 59 
152 147 
144 127 
79 35 
14 114 
85 82 
8 49 
147 18 
97 68 
23 119 
39 69 
11 32 
73 75 
126 40 
21 44 
123 58 
68 65 
94 121 
108 68 
46 16 
119 63 
128 143 
61 11 
100 21 
62 156 
109 70 
21 50 
127 158 
147 72 
79 158 
33 8 
79 95 
17 133 
53 92 
104 26 
116 79 
101 127 
14 147 
109 62 
129 30 
63 21 
120 79 
153 17 
88 113 
122 64 
118 10 
68 20 
51 19 
17 137 
90 158 
15 13 
143 62 
80 128 
14 96 
153 156 
36 35 
81 134 
76 51 
75 53 
22 157 
147 109 
10 2 
56 115 
136 2 
118 56 
15 82 
120 85 
135 154 
117 86 
109 153 
137 126 
151 119 
116 29 
152 5 
119 37 
129 79 
101 84 
38 126 
37 60 
28 67 
157 95 
7 31 
27 21 
48 2 
60 15 
84 22 
79 72 
13 109 
137 131 
92 11 
21 69 
29 110 
104 38 
105 71 
78 1 
43 24 
156 123 
92 86 
34 107 
74 53 
42 67 
86 26 
99 108 
60 30 
17 2 
155 131 
119 82 
131 83 
48 102 
51 29 
28 48 
127 77 
79 11 
157 32 
13 151 
113 42 
136 8 
124 85 
112 3 
56 33 
156 110 
129 96 
25 43 
58 67 
41 119 
14 80 
43 47 
134 152 
97 153 
70 26 
73 141 
105 113 
120 52 
78 154 
10 107 
151 8 
32 90 
46 99 
115 30 
55 134 
39 112 
101 153 
54 90 
80 67 
144 149 
123 130 
127 33 
25 8 
121 55 
118 153 
3 86 
110 142 
78 146 
78 42 
22 131 
62 82 
144 25 
49 94 
111 112 
153 102 
56 60 
109 138 
104 146 
91 65 
91 83 
43 40 
90 45 
86 78 
48 106 
47 7 
53 126 
22 151 
116 76 
149 77 
136 44 
103 46 
121 86 
47 141 
73 121 
142 52 
127 134 
78 35 
65 15 
31 27 
45 14 
26 82 
56 59 
152 119 
77 68 
143 154 
122 29 
34 72 
115 143 
137 93 
150 101 
15 88 
41 54 
116 19 
3 128 
46 97 
90 125 
9 121 
18 88 
44 52 
123 43 
151 133 
31 32 
92 121 
13 119 
142 35 
48 117 
59 88 
67 94 
4 7 
46 10 
70 77 
152 83 
144 126 
2 22 
47 94 
86 115 
125 128 
158 142 
72 95 
45 29 
13 154 
80 27 
19 99 
111 42 
10 127 
111 146 
59 107 
75 141 
121 11 
50 51 
44 11 
46 106 
54 45 
114 37 
82 133 
27 134 
99 142 
138 42 
135 49 
134 36 
21 136 
73 90 
74 150 
82 108 
135 94 
58 70 
32 98 
24 58 
112 124 
38 30 
114 105 
89 60 
4 134 
107 101 
112 69 
116 147 
7 23 
101 105 
3 69 
90 138 
116 4 
85 75 
145 84 
19 109 
10 147 
145 86 
18 59 
30 57 
21 60 
121 149 
150 38 
130 84 
62 113 
100 40 
49 26 
1 101 
6 11 
89 9 
101 54 
83 10 
101 146 
54 157 
69 32 
152 42 
144 33 
63 125 
84 137 
158 136 
62 42 
127 38 
81 144 
64 65 
155 78 
3 124 
18 100 
26 127 
8 80 
69 138 
85 140 
3 97 
152 121 
139 52 
137 62 
14 155 
108 59 
91 62 
151 115 
44 137 
129 80 
52 73 
138 104 
23 89 
155 46 
121 20 
28 84 
64 27 
154 5 
151 127 
54 155 
44 155 
105 157 
3 70 
153 57 
14 87 
15 114 
59 53 
67 52 
110 127 
107 77 
36 84 
6 155 
38 119 
106 51 
95 61 
9 23 
6 151 
97 85 
58 138 
86 73 
16 18 
92 145 
4 126 
16 136 
148 116 
58 158 
93 136 
59 16 
3 31 
43 143 
92 76 
23 71 
21 148 
157 129 
76 157 
155 124 
7 71 
55 32 
68 99 
36 64 
7 48 
148 78 
125 99 
64 146 
73 17 
149 73 
43 110 
129 65 
61 92 
71 117 
150 64 
121 43 
81 25 
117 47 
2 110 
48 71 
93 122 
51 54 
87 42 
32 33 
33 112 
146 112 
33 52 
131 150 
82 144 
63 32 
52 38 
93 29 
107 15 
98 132 
121 93 
92 26 
83 146 
95 133 
83 109 
83 119 
108 133 
87 98 
37 11 
54 27 
152 157 
158 10 
92 27 
74 96 
136 156 
35 22 
157 86 
147 153 
125 81 
30 14 
105 9 
7 50 
9 22 
158 99 
34 25 
34 3 
117 61 
21 12 
90 109 
100 132 
103 64 
9 97 
52 56 
25 92 
91 9 
73 114 
16 65 
16 93 
6 23 
4 76 
56 158 
148 30 
82 91 
145 47 
82 71 
84 60 
63 52 
32 120 
41 6 
115 102 
122 87 
60 99 
98 71 
96 3 
104 143 
72 59 
68 70 
4 89 
106 143 
147 36 
82 138 
141 112 
72 66 
136 139 
75 64 
117 63 
54 8 
74 86 
150 148 
156 17 
141 140 
128 92 
158 7 
59 45 
53 13 
99 73 
28 139 
152 52 
111 147 
138 2 
10 141 
81 77 
89 101 
63 155 
118 4 
21 59 
113 6 
109 143 
48 20 
8 95 
55 36 
23 59 
125 84 
158 146 
47 137 
74 102 
157 13 
152 69 
47 133 
7 103 
90 145 
113 121 
85 145 
79 149 
2 4 
56 45 
70 88 
149 20 
41 90 
89 76 
62 9 
111 145 
122 75 
33 134 
16 124 
87 67 
14 77 
107 33 
68 83 
28 69 
14 31 
26 20 
110 123 
59 66 
19 108 
83 157 
150 28 
120 48 
141 115 
53 88 
58 42 
127 71 
126 148 
17 148 
158 84 
27 58 
108 110 
135 54 
90 29 
152 145 
130 117 
23 146 
152 146 
126 100 
93 107 
74 58 
105 142 
100 63 
15 78 
69 114 
47 99 
124 115 
16 113 
86 148 
113 53 
65 153 
104 158 
60 71 
70 127 
112 139 
146 22 
158 29 
56 21 
26 53 
30 158 
71 81 
32 47 
65 87 
134 122 
33 61 
68 12 
18 121 
122 152 
80 119 
110 144 
141 128 
135 108 
50 70 
25 6 
23 60 
79 103 
12 134 
154 7 
138 126 
101 7 
14 8 
42 144 
46 100 
45 91 
138 39 
72 44 
22 49 
32 36 
6 135 
97 116 
113 116 
2 75 
63 58 
108 121 
156 92 
139 1 
107 62 
144 75 
45 18 
138 77 
59 94 
96 132 
30 35 
23 28 
18 97 
30 143 
48 47 
38 36 
133 115 
53 84 
79 86 
137 41 
41 73 
128 119 
57 61 
157 35 
88 111 
57 47 
44 103 
12 105 
3 111 
157 50 
95 15 
107 63 
34 17 
23 36 
44 3 
3 19 
47 15 
66 52 
69 60 
58 9 
7 2 
146 67 
83 128 
80 37 
130 132 
91 145 
29 140 
44 135 
140 132 
97 148 
153 133 
88 90 
32 97 
128 67 
53 120 
91 120 
126 28 
21 91 
130 9 
120 81 
47 98 
53 21 
57 69 
145 24 
54 106 
39 31 
108 69 
58 75 
6 126 
148 108 
55 54 
31 65 
69 135 
137 10 
143 55 
157 141 
57 22 
36 56 
112 40 
151 144 
51 140 
3 144 
39 128 
97 124 
116 30 
75 93 
10 13 
65 135 
140 158 
86 68 
34 87 
45 36 
136 63 
61 5 
59 105 
78 110 
136 10 
152 17 
57 121 
7 15 
8 22 
11 22 
97 67 
17 103 
51 154 
35 56 
33 137 
119 43 
60 94 
127 2 
149 127 
52 124 
121 34 
68 82 
56 139 
158 74 
21 139 
37 133 
63 97 
82 9 
82 49 
78 117 
132 148 
59 106 
39 80 
8 139 
64 12 
42 146 
35 122 
125 137 
101 113 
94 145 
51 122 
8 105 
151 141 
21 114 
47 39 
13 55 
86 37 
41 8 
48 129 
99 26 
31 78 
73 30 
42 26 
3 79 
76 17 
93 78 
78 66 
145 9 
66 43 
115 156 
105 51 
156 61 
25 30 
99 129 
84 51 
123 59 
39 121 
43 5 
59 2 
143 54 
41 143 
78 18 
35 43 
75 52 
30 113 
125 94 
117 25 
134 84 
36 144 
32 115 
60 6 
112 99 
51 94 
17 59 
61 133 
94 136 
33 73 
46 21 
77 118 
78 17 
131 38 
68 25 
22 59 
132 61 
20 12 
131 112 
111 134 
28 31 
31 127 
133 81 
5 72 
75 119 
112 150 
144 28 
137 152 
62 138 
95 122 
141 37 
130 113 
65 24 
88 33 
65 141 
70 46 
125 115 
67 107 
8 99 
105 67 
62 50 
31 91 
145 29 
68 29 
50 2 
24 68 
58 88 
141 129 
6 33 
123 147 
31 158 
6 130 
29 74 
127 24 
55 136 
14 134 
117 87 
120 35 
8 4 
44 58 
72 22 
7 19 
68 90 
8 103 
13 147 
53 138 
121 151 
53 8 
7 88 
17 20 
14 13 
50 19 
33 133 
135 101 
3 68 
21 23 
28 82 
151 60 
66 145 
78 46 
54 108 
9 24 
16 137 
63 93 
69 87 
73 35 
14 110 
78 70 
34 85 
33 83 
115 138 
77 46 
50 122 
134 79 
94 87 
23 35 
35 60 
8 72 
62 34 
88 81 
116 3 
6 123 
143 119 
110 135 
28 13 
146 79 
68 75 
133 141 
90 89 
42 51 
124 111 
59 7 
54 48 
99 43 
47 139 
146 20 
27 87 
19 80 
11 38 
140 139 
18 26 
144 8 
57 86 
62 101 
56 43 
143 65 
56 99 
66 29 
107 106 
89 158 
45 148 
133 107 
13 63 
56 154 
57 110 
110 128 
74 112 
118 26 
97 138 
124 95 
104 83 
143 76 
84 16 
8 96 
158 20 
158 129 
27 138 
151 49 
4 138 
88 67 
117 11 
70 146 
56 2 
132 154 
137 53 
38 18 
119 8 
42 35 
37 155 
119 123 
128 100 
88 94 
60 16 
48 62 
18 53 
151 145 
127 105 
82 94 
151 44 
128 19 
53 20 
156 105 
66 25 
13 77 
157 128 
4 50 
56 153 
97 140 
131 84 
128 12 
96 58 
154 125 
111 29 
87 55 
72 139 
147 49 
78 137 
4 139 
16 73 
4 40 
46 91 
104 121 
41 112 
66 132 
87 73 
84 58 
84 3 
115 70 
106 82 
74 100 
56 10 
110 44 
58 34 
35 104 
59 156 
22 91 
30 93 
87 107 
43 86 
42 29 
107 68 
47 121 
26 21 
143 147 
42 4 
42 7 
82 141 
11 35 
75 114 
17 81 
44 89 
55 128 
123 98 
158 109 
58 133 
65 94 
138 154 
91 8 
100 145 
29 97 
29 10 
85 112 
70 37 
54 40 
112 50 
38 89 
41 76 
103 115 
21 152 
76 10 
62 122 
13 145 
49 10 
117 9 
131 62 
53 117 
104 133 
72 100 
84 114 
119 109 
46 129 
100 25 
155 69 
108 124 
99 40 
42 14 
34 76 
133 53 
72 4 
43 61 
11 53 
32 10 
155 58 
71 99 
11 91 
28 30 
154 45 
76 103 
6 77 
144 106 
40 146 
93 70 
127 34 
31 63 
56 18 
149 7 
3 10 
117 12 
156 32 
81 96 
61 120 
15 89 
103 62 
85 70 
138 14 
60 61 
75 145 
18 83 
36 70 
118 64 
29 134 
80 139 
108 96 
89 5 
104 157 
106 83 
10 24 
23 109 
147 129 
62 12 
15 9 
150 141 
112 22 
77 87 
125 155 
109 67 
45 118 
136 25 
65 93 
67 130 
62 88 
147 139 
39 32 
61 146 
122 151 
31 21 
23 38 
117 96 
19 121 
123 5 
145 133 
29 18 
67 110 
143 63 
14 105 
49 150 
81 111 
28 25 
47 119 
7 22 
122 31 
131 95 
12 58 
135 153 
154 157 
153 114 
126 52 
129 59 
15 35 
72 120 
73 14 
60 22 
9 44 
123 68 
138 75 
14 118 
25 46 
83 89 
4 43 
41 48 
97 155 
90 11 
110 105 
108 140 
129 135 
152 131 
136 74 
42 56 
27 8 
37 65 
126 26 
49 32 
12 87 
61 7 
49 60 
89 45 
84 72 
69 16 
158 47 
138 50 
24 74 
119 102 
19 135 
73 157 
100 60 
93 76 
41 114 
158 8 
34 120 
99 20 
108 102 
94 57 
126 81 
64 35 
140 157 
146 36 
13 56 
65 13 
56 44 
21 51 
68 147 
116 34 
40 119 
150 137 
78 95 
91 117 
105 6 
134 75 
147 134 
69 73 
65 116 
115 27 
150 34 
1 37 
99 127 
11 141 
77 86 
85 37 
133 94 
37 78 
98 126 
63 78 
83 124 
140 98 
67 40 
106 4 
41 2 
134 31 
143 24 
85 155 
8 104 
40 16 
37 137 
15 115 
54 91 
1 17 
109 46 
132 50 
139 85 
24 100 
56 134 
68 125 
128 74 
157 126 
116 24 
83 118 
105 82 
116 115 
99 100 
112 43 
4 112 
72 31 
48 8 
47 73 
157 94 
127 93 
78 79 
57 38 
40 149 
89 47 
17 102 
146 50 
91 69 
154 155 
48 77 
139 27 
126 151 
116 84 
15 84 
68 155 
56 57 
126 107 
56 29 
101 40 
137 103 
60 51 
24 62 
13 39 
106 105 
116 26 
96 55 
126 115 
55 152 
12 104 
57 149 
109 65 
133 67 
85 36 
51 128 
71 94 
17 139 
110 103 
143 93 
31 96 
132 81 
129 118 
66 50 
12 139 
109 7 
29 54 
31 64 
22 26 
154 85 
60 141 
37 81 
136 138 
104 116 
91 16 
120 93 
76 114 
63 103 
140 110 
32 107 
120 132 
130 48 
48 100 
130 1 
107 105 
101 149 
152 97 
127 64 
31 85 
39 119 
41 81 
132 19 
36 136 
7 24 
81 103 
109 151 
141 98 
45 60 
102 109 
153 9 
30 82 
135 20 
90 151 
100 7 
95 158 
38 92 
26 31 
22 111 
149 46 
19 117 
36 97 
156 68 
4 88 
94 73 
110 70 
43 32 
64 107 
144 79 
37 157 
85 91 
137 90 
43 28 
153 59 
32 134 
149 126 
157 115 
17 122 
32 139 
144 153 
28 110 
33 146 
24 40 
75 88 
1 115 
149 59 
144 64 
40 77 
60 19 
143 78 
50 43 
99 104 
78 113 
114 34 
135 118 
58 153 
130 70 
104 36 
6 108 
90 133 
33 145 
48 43 
33 80 
138 117 
5 65 
139 97 
80 140 
103 141 
145 124 
113 11 
118 88 
83 60 
97 147 
137 48 
27 40 
121 10 
133 138 
9 101 
65 81 
16 13 
22 14 
130 134 
27 69 
9 86 
121 16 
70 113 
66 41 
6 144 
126 103 
58 95 
152 18 
55 137 
6 152 
119 146 
64 15 
143 56 
136 132 
17 51 
55 27 
47 52 
34 69 
128 126 
123 33 
113 155 
7 65 
33 155 
139 64 
70 122 
134 156 
145 37 
20 42 
134 72 
129 75 
45 40 
7 75 
144 71 
80 4 
87 123 
14 70 
83 116 
158 144 
155 91 
139 98 
1 40 
131 115 
94 45 
83 158 
96 102 
9 10 
57 73 
118 42 
19 33 
44 43 
69 52 
101 60 
8 28 
41 38 
115 101 
78 112 
66 18 
66 85 
157 77 
70 63 
34 71 
9 125 
18 47 
49 18 
149 139 
150 107 
16 90 
127 96 
95 104 
62 25 
130 109 
68 56 
56 20 
15 91 
56 12 
137 156 
119 7 
37 38 
130 135 
19 142 
124 121 
94 128 
138 141 
13 7 
138 9 
77 79 
24 46 
11 5 
154 21 
144 5 
35 153 
137 38 
150 80 
119 28 
155 134 
84 103 
34 111 
98 96 
155 127 
133 72 
90 114 
51 127 
3 121 
31 59 
60 58 
135 123 
82 34 
45 145 
122 73 
24 14 
39 152 
68 4 
80 26 
48 24 
157 158 
20 72 
111 113 
133 120 
92 20 
151 79 
61 18 
54 75 
19 100 
99 123 
131 47 
149 39 
20 100 
146 114 
99 118 
29 3 
76 151 
71 3 
128 20 
83 105 
150 154 
117 2 
7 67 
128 107 
39 97 
48 90 
141 104 
33 53 
140 146 
139 129 
151 114 
104 74 
146 93 
19 130 
22 135 
63 90 
151 150 
131 86 
81 57 
32 106 
10 73 
104 40 
97 92 
140 116 
157 98 
122 23 
35 93 
15 140 
146 56 
113 33 
35 152 
135 2 
25 31 
134 142 
124 7 
48 29 
44 80 
112 13 
121 2 
144 13 
12 147 
80 122 
63 137 
120 65 
139 150 
11 83 
146 86 
67 55 
118 51 
10 142 
93 126 
31 143 
148 19 
22 81 
19 8 
102 145 
50 120 
13 141 
82 78 
62 61 
17 129 
154 119 
132 42 
70 69 
22 50 
31 145 
13 24 
102 9 
53 140 
148 89 
63 73 
115 96 
1 7 
34 66 
7 104 
126 22 
49 89 
144 56 
88 158 
55 83 
97 144 
156 12 
42 55 
21 145 
55 97 
49 99 
22 55 
125 55 
44 4 
18 86 
157 123 
65 146 
105 58 
3 120 
115 13 
131 85 
75 66 
132 77 
69 45 
113 8 
68 79 
77 100 
151 21 
126 95 
8 118 
106 134 
32 88 
93 39 
71 145 
83 31 
89 58 
66 116 
5 120 
80 58 
93 95 
70 25 
24 59 
83 151 
99 75 
100 153 
74 33 
61 158 
23 50 
58 8 
44 114 
32 154 
101 43 
121 52 
115 108 
78 128 
157 62 
32 128 
152 77 
86 30 
64 39 
77 141 
144 112 
30 23 
80 157 
73 147 
37 20 
89 54 
78 125 
78 91 
78 127 
46 85 
73 91 
117 108 
35 119 
141 66 
18 93 
60 90 
103 55 
113 126 
28 3 
87 51 
155 77 
128 2 
63 157 
128 103 
55 11 
21 3 
35 129 
96 148 
91 138 
101 88 
47 68 
142 53 
155 16 
123 70 
66 157 
69 93 
134 93 
7 74 
71 39 
107 36 
77 89 
6 1 
155 3 
85 76 
154 144 
2 34 
144 55 
41 37 
65 46 
3 24 
45 108 
76 87 
65 9 
153 91 
45 24 
95 129 
121 63 
59 114 
47 100 
154 118 
137 128 
100 123 
90 27 
99 9 
87 101 
43 69 
82 102 
51 8 
75 121 
76 124 
48 87 
69 13 
135 125 
95 7 
24 137 
33 59 
135 133 
90 64 
60 2 
135 99 
137 94 
2 100 
33 138 
151 55 
105 43 
4 154 
112 12 
47 26 
126 123 
104 37 
54 158 
116 154 
120 94 
5 158 
80 66 
146 45 
58 103 
102 1 
13 107 
82 81 
12 113 
99 32 
76 31 
158 14 
93 99 
156 81 
147 44 
12 110 
40 92 
50 24 
98 6 
23 93 
23 42 
48 145 
89 34 
111 141 
55 76 
68 66 
50 94 
101 85 
36 52 
136 103 
15 68 
69 101 
121 30 
90 40 
148 11 
126 60 
139 73 
88 46 
62 147 
4 132 
131 110 
110 97 
67 5 
7 64 
124 46 
68 89 
82 47 
142 27 
14 60 
46 116 
62 72 
88 14 
96 122 
100 83 
123 111 
109 137 
65 45 
119 62 
37 150 
37 48 
154 14 
114 129 
32 67 
103 56 
126 63 
157 79 
136 29 
70 45 
31 68 
117 141 
43 53 
140 18 
147 85 
10 72 
120 158 
50 89 
21 58 
45 86 
1 114 
151 117 
103 71 
61 139 
89 111 
31 57 
53 95 
136 41 
1 83 
132 82 
8 115 
58 154 
26 56 
153 40 
66 104 
53 90 
7 16 
114 106 
129 97 
95 33 
46 22 
77 133 
83 65 
94 3 
117 112 
88 78 
45 78 
150 69 
87 112 
139 26 
90 116 
14 123 
144 26 
92 52 
83 39 
34 53 
104 154 
135 18 
5 155 
143 153 
122 28 
57 84 
13 33 
93 24 
129 105 
158 53 
116 88 
155 4 
90 124 
79 90 
27 53 
54 138 
38 113 
69 80 
47 144 
136 70 
149 114 
65 95 
10 44 
53 122 
86 80 
3 2 
105 69 
109 73 
136 67 
43 135 
150 20 
59 96 
41 30 
34 15 
87 89 
95 38 
124 22 
64 41 
102 59 
50 92 
119 124 
6 26 
97 151 
30 8 
118 39 
72 61 
111 37 
129 71 
3 20 
145 150 
14 18 
103 70 
68 60 
147 38 
76 75 
147 96 
128 152 
27 32 
110 17 
21 77 
39 116 
88 28 
124 69 
73 74 
120 139 
119 73 
75 109 
106 50 
125 140 
82 32 
133 38 
45 123 
126 29 
31 105 
22 48 
75 34 
139 158 
23 118 
26 3 
130 155 
8 101 
139 53 
123 52 
19 98 
24 81 
30 9 
92 55 
109 18 
72 63 
155 115 
97 11 
18 76 
8 111 
31 106 
109 128 
118 115 
149 49 
145 44 
34 95 
83 44 
120 26 
124 32 
157 42 
154 89 
27 119 
4 54 
120 127 
11 78 
121 87 
6 92 
135 140 
142 106 
106 104 
54 109 
129 142 
70 143 
24 132 
65 25 
140 137 
39 129 
74 121 
92 158 
74 111 
49 100 
121 144 
93 51 
102 25 
116 152 
109 107 
90 82 
4 55 
105 7 
157 93 
25 11 
123 88 
80 156 
52 59 
12 37 
149 130 
6 139 
155 82 
148 10 
48 6 
58 77 
130 92 
35 95 
58 102 
9 70 
51 135 
116 139 
149 5 
3 52 
119 9 
20 25 
157 131 
84 98 
107 50 
147 37 
143 29 
70 59 
29 78 
149 120 
126 112 
5 38 
152 85 
78 68 
145 96 
135 4 
86 70 
10 50 
105 73 
28 147 
40 17 
49 28 
135 114 
41 147 
14 51 
12 32 
36 22 
101 96 
23 156 
155 148 
38 17 
149 143 
19 68 
77 124 
105 119 
14 17 
1 79 
141 108 
91 37 
110 125 
112 7 
156 86 
1 43 
96 30 
13 124 
18 12 
150 58 
42 90 
22 18 
136 33 
107 91 
70 24 
64 2 
63 156 
144 74 
135 9 
1 108 
125 95 
63 77 
31 95 
139 42 
154 100 
22 122 
60 155 
80 79 
157 2 
108 123 
149 137 
46 66 
79 43 
130 53 
80 31 
146 28 
54 130 
46 54 
130 96 
125 16 
99 102 
84 92 
14 108 
153 43 
148 93 
14 137 
24 148 
50 16 
113 135 
129 49 
5 91 
49 155 
106 71 
156 147 
148 56 
115 107 
7 111 
140 41 
24 5 
130 39 
92 62 
118 59 
149 136 
61 109 
158 40 
1 58 
53 103 
80 32 
117 101 
89 43 
14 126 
151 84 
31 102 
17 132 
154 156 
39 137 
85 105 
21 72 
48 56 
98 50 
8 124 
104 61 
61 35 
151 130 
5 101 
148 39 
142 17 
114 87 
93 145 
119 58 
151 106 
98 147 
73 142 
84 8 
151 31 
147 118 
16 41 
68 36 
49 51 
95 142 
101 114 
99 83 
18 151 
73 77 
155 20 
116 129 
76 121 
77 129 
88 131 
14 38 
107 153 
145 23 
140 81 
119 111 
108 15 
36 158 
51 115 
136 123 
79 104 
118 151 
30 91 
118 110 
61 131 
90 129 
43 71 
92 116 
34 30 
103 143 
133 137 
22 24 
66 126 
77 111 
14 37 
79 40 
72 74 
154 158 
115 42 
116 86 
117 124 
52 95 
75 106 
158 118 
112 65 
57 46 
42 135 
87 5 
35 58 
74 27 
4 148 
68 55 
68 76 
132 101 
6 83 
111 125 
104 16 
52 55 
53 97 
58 124 
140 43 
18 10 
93 5 
63 114 
51 34 
57 37 
37 7 
85 22 
98 94 
3 153 
10 128 
105 102 
109 142 
144 117 
111 136 
153 12 
144 30 
45 64 
67 122 
157 7 
22 113 
67 82 
120 109 
111 53 
42 104 
23 11 
100 38 
73 28 
87 31 
127 148 
83 133 
82 42 
82 128 
45 138 
113 59 
129 78 
103 38 
111 71 
84 110 
33 77 
37 79 
15 44 
84 59 
1 21 
83 22 
119 92 
16 138 
9 148 
56 155 
25 83 
132 65 
86 13 
88 21 
63 54 
29 73 
86 99 
89 85 
10 99 
32 9 
92 66 
155 35 
3 49 
80 92 
63 85 
86 94 
52 64 
148 14 
17 26 
3 113 
38 43 
33 119 
115 95 
48 38 
129 140 
63 64 
40 95 
118 124 
119 1 
7 6 
98 44 
10 75 
46 76 
78 16 
100 82 
80 42 
102 154 
47 37 
146 30 
153 7 
37 8 
88 56 
106 113 
15 32 
156 106 
135 23 
7 108 
44 141 
98 7 
76 81 
134 24 
18 73 
152 14 
6 74 
154 134 
43 103 
109 37 
16 21 
104 118 
70 90 
86 7 
116 48 
30 18 
34 16 
32 83 
136 20 
4 26 
148 151 
154 26 
15 97 
80 105 
147 99 
158 42 
18 104 
87 50 
39 142 
17 98 
84 139 
49 71 
34 99 
8 10 
47 65 
53 41 
152 82 
104 155 
99 133 
81 13 
36 86 
2 97 
157 15 
51 83 
45 31 
16 97 
89 73 
70 22 
157 49 
117 59 
52 96 
27 37 
50 151 
157 110 
111 39 
81 78 
38 158 
58 30 
106 89 
140 2 
121 142 
50 44 
55 8 
94 55 
34 1 
113 145 
115 81 
123 35 
12 152 
156 67 
134 143 
40 85 
125 97 
112 54 
68 46 
7 20 
71 91 
99 134 
153 113 
59 4 
74 56 
41 27 
3 109 
28 51 
82 8 
103 147 
136 110 
52 24 
40 135 
38 9 
108 24 
102 97 
99 37 
35 70 
152 78 
150 36 
51 4 
47 111 
125 146 
55 153 
9 47 
36 2 
55 156 
64 156 
109 33 
28 83 
134 47 
87 28 
77 52 
77 78 
5 122 
12 81 
156 77 
29 129 
5 129 
57 155 
65 99 
34 54 
10 84 
70 137 
40 111 
34 106 
53 70 
70 16 
27 121 
140 133 
140 126 
158 108 
109 82 
40 50 
111 92 
17 117 
8 47 
133 12 
152 57 
112 120 
16 80 
98 1 
20 38 
67 123 
3 46 
112 130 
47 16 
97 84 
25 95 
13 111 
16 128 
63 89 
89 99 
77 24 
57 58 
149 155 
117 37 
50 64 
30 39 
20 18 
3 148 
138 15 
150 87 
99 62 
23 41 
128 71 
132 86 
96 113 
31 79 
135 107 
154 141 
3 133 
75 117 
34 22 
42 128 
135 117 
148 65 
56 126 
32 62 
128 63 
1 10 
18 96 
32 72 
79 46 
111 114 
57 138 
9 20 
20 2 
153 71 
123 143 
59 122 
50 36 
1 117 
125 21 
53 106 
73 67 
127 115 
116 123 
113 151 
18 7 
49 13 
46 20 
157 28 
1 155 
63 109 
118 66 
115 37 
110 6 
27 36 
96 83 
22 92 
52 129 
138 120 
9 3 
119 76 
80 113 
25 123 
8 50 
135 76 
150 108 
76 126 
1 11 
16 28 
62 44 
47 2 
88 92 
98 114 
26 147 
112 18 
111 61 
118 106 
148 125 
42 43 
61 14 
157 127 
158 151 
48 35 
43 94 
49 55 
37 122 
30 36 
83 81 
74 88 
155 7 
31 133 
37 97 
2 147 
102 87 
36 152 
139 3 
107 9 
90 118 
43 49 
32 105 
114 45 
47 69 
35 145 
54 140 
11 149 
21 84 
34 145 
71 87 
39 18 
75 65 
16 158 
58 118 
148 31 
11 69 
37 151 
130 75 
113 69 
128 142 
118 144 
134 54 
97 106 
116 128 
46 80 
157 70 
128 8 
81 73 
9 158 
31 24 
73 12 
65 76 
49 12 
2 120 
51 158 
6 65 
65 41 
19 83 
116 51 
132 135 
84 124 
109 129 
157 14 
70 15 
154 60 
33 153 
120 140 
124 156 
153 90 
32 151 
141 61 
52 88 
118 127 
85 30 
84 61 
154 115 
90 102 
33 139 
7 70 
10 89 
36 137 
111 127 
34 147 
56 78 
95 1 
105 56 
91 6 
119 5 
109 106 
84 90 
107 147 
105 18 
147 17 
58 15 
77 112 
27 141 
63 135 
60 129 
8 89 
145 52 
130 31 
52 80 
86 91 
93 68 
47 152 
3 50 
67 37 
121 83 
80 110 
77 43 
136 26 
140 24 
141 20 
21 103 
24 90 
149 1 
9 73 
38 7 
71 1 
102 140 
60 118 
122 25 
99 97 
76 84 
68 8 
29 107 
88 155 
113 118 
33 157 
129 145 
140 151 
115 39 
69 36 
28 154 
93 58 
100 124 
86 147 
113 146 
53 82 
40 56 
110 132 
120 101 
89 124 
144 11 
143 13 
57 25 
108 147 
62 14 
62 19 
6 101 
55 112 
98 100 
46 152 
63 133 
83 17 
79 152 
85 157 
73 152 
71 100 
111 130 
76 94 
136 141 
7 92 
22 125 
38 117 
5 4 
127 131 
86 109 
21 137 
27 48 
71 38 
14 11 
140 58 
118 61 
111 1 
81 18 
66 111 
150 13 
100 142 
155 95 
136 66 
97 114 
147 90 
97 69 
28 132 
123 122 
87 13 
101 98 
146 89 
19 65 
27 79 
80 127 
30 123 
47 96 
106 29 
107 30 
135 105 
119 53 
33 111 
136 84 
62 22 
14 20 
11 108 
45 71 
100 34 
140 84 
7 9 
92 45 
113 119 
131 34 
65 55 
31 121 
28 70 
53 48 
126 45 
70 49 
2 104 
34 11 
117 32 
90 96 
62 151 
5 81 
38 42 
131 32 
19 102 
21 105 
148 46 
84 82 
28 72 
136 157 
71 115 
112 28 
86 112 
54 33 
157 122 
111 28 
126 35 
132 139 
58 156 
28 113 
110 8 
129 155 
48 140 
51 139 
136 101 
114 148 
148 140 
61 75 
76 141 
118 112 
99 80 
104 27 
16 145 
41 117 
114 35 
127 92 
28 145 
88 95 
150 72 
93 47 
142 28 
79 109 
101 10 
48 122 
12 85 
33 38 
105 61 
150 103 
134 53 
143 145 
119 145 
112 75 
102 18 
136 143 
32 142 
15 20 
83 43 
6 95 
31 56 
90 5 
146 100 
11 142 
36 100 
150 146 
117 113 
96 2 
38 122 
65 147 
138 93 
124 23 
64 14 
99 143 
76 156 
13 37 
72 89 
51 120 
110 46 
76 108 
50 104 
21 90 
96 142 
101 30 
101 48 
156 139 
75 56 
37 140 
95 103 
21 76 
119 125 
16 8 
55 78 
50 65 
134 9 
99 69 
67 77 
104 102 
136 122 
155 94 
59 46 
150 157 
71 32 
128 158 
124 110 
117 14 
23 78 
150 152 
129 117 
33 49 
80 145 
130 68 
18 94 
93 14 
45 53 
39 57 
40 48 
121 67 
151 19 
1 127 
58 145 
152 149 
32 7 
143 37 
123 89 
101 63 
98 117 
18 80 
77 110 
117 121 
73 50 
2 81 
61 78 
100 15 
115 53 
12 78 
72 14 
133 155 
72 24 
18 125 
24 84 
49 139 
102 135 
2 78 
40 121 
115 132 
138 8 
68 61 
43 84 
96 73 
65 30 
152 109 
143 47 
63 41 
52 109 
123 109 
54 23 
26 105 
56 39 
19 12 
41 50 
8 108 
120 144 
146 138 
63 102 
111 60 
21 39 
64 57 
44 17 
21 49 
70 151 
24 150 
83 156 
74 47 
5 55 
151 128 
112 31 
148 87 
150 115 
150 153 
117 20 
66 106 
36 40 
98 73 
39 106 
10 80 
13 102 
57 60 
61 13 
62 152 
26 114 
56 102 
18 71 
90 112 
66 7 
11 13 
45 63 
16 101 
101 77 
139 138 
46 1 
30 47 
50 141 
130 153 
51 152 
108 152 
88 35 
44 70 
10 138 
13 153 
112 38 
40 93 
150 77 
39 35 
136 127 
56 156 
99 27 
17 46 
89 94 
148 32 
143 90 
73 22 
149 58 
95 36 
19 16 
153 122 
37 88 
139 57 
22 67 
45 135 
139 110 
28 143 
29 135 
15 27 
125 49 
16 9 
3 58 
136 46 
110 83 
25 69 
40 84 
82 44 
121 135 
6 128 
106 141 
75 127 
85 47 
39 36 
145 157 
97 157 
153 68 
93 38 
60 86 
42 151 
39 104 
30 6 
28 35 
156 37 
28 45 
100 50 
148 29 
2 109 
59 92 
105 53 
101 3 
77 50 
123 114 
105 89 
45 32 
127 63 
65 77 
61 129 
42 114 
60 143 
76 43 
63 66 
77 148 
36 77 
156 11 
92 2 
75 79 
146 131 
3 47 
104 67 
127 58 
135 82 
121 51 
79 108 
130 101 
126 13 
154 17 
87 9 
20 133 
119 31 
140 106 
146 123 
143 35 
56 47 
89 3 
60 107 
18 131 
106 129 
59 126 
149 92 
142 8 
36 61 
63 62 
37 25 
68 64 
3 4 
157 56 
18 149 
146 137 
79 124 
4 122 
6 150 
8 145 
83 58 
46 101 
28 95 
110 119 
43 148 
142 43 
47 114 
136 135 
136 57 
148 6 
137 107 
37 138 
55 17 
96 46 
29 103 
3 33 
18 110 
89 28 
46 33 
26 59 
43 33 
22 137 
155 112 
63 113 
3 76 
113 60 
120 55 
104 28 
144 109 
13 41 
35 87 
146 29 
86 67 
131 143 
25 119 
105 40 
42 122 
138 94 
5 103 
32 144 
19 134 
143 102 
19 106 
152 155 
1 47 
72 102 
149 33 
99 157 
30 15 
127 137 
73 27 
22 100 
35 27 
45 81 
58 94 
88 60 
20 55 
65 27 
53 123 
11 153 
155 62 
142 21 
4 103 
41 127 
140 87 
9 109 
146 49 
100 130 
85 111 
72 86 
69 54 
154 37 
157 38 
1 65 
35 8 
80 96 
118 136 
19 141 
51 104 
61 147 
18 34 
67 2 
35 16 
53 116 
55 113 
92 34 
58 112 
87 142 
150 106 
136 61 
136 80 
1 150 
45 143 
8 34 
41 86 
29 85 
80 149 
5 48 
121 129 
80 64 
8 60 
68 152 
134 117 
11 42 
106 62 
23 22 
114 55 
145 144 
24 147 
103 148 
84 89 
34 70 
17 36 
111 103 
42 61 
46 72 
94 99 
102 116 
62 47 
70 106 
33 24 
14 58 
11 114 
105 16 
105 123 
130 10 
122 13 
78 136 
154 145 
46 61 
65 43 
4 57 
52 20 
142 37 
127 138 
81 47 
84 37 
42 47 
71 20 
103 13 
101 36 
46 128 
2 134 
102 70 
38 149 
117 82 
70 120 
77 116 
54 151 
122 56 
114 43 
78 144 
28 148 
37 68 
22 75 
8 116 
51 88 
32 104 
102 79 
158 117 
157 143 
26 90 
128 130 
43 136 
3 95 
114 155 
33 128 
116 126 
56 11 
102 142 
155 76 
58 108 
59 58 
79 6 
67 127 
13 137 
7 117 
54 65 
139 30 
11 41 
119 3 
134 10 
68 118 
108 125 
30 114 
157 55 
82 156 
118 63 
15 21 
150 79 
55 19 
63 132 
124 105 
16 98 
146 53 
23 37 
125 157 
124 136 
44 138 
136 54 
24 47 
130 157 
112 158 
37 62 
64 77 
88 115 
108 74 
108 145 
35 86 
49 124 
50 25 
98 66 
50 45 
92 82 
83 5 
118 93 
95 22 
41 15 
117 34 
29 125 
25 157 
151 40 
48 108 
139 5 
109 150 
96 103 
75 110 
100 117 
125 105 
127 97 
3 22 
51 63 
68 5 
61 44 
81 79 
19 113 
122 65 
90 99 
74 117 
135 97 
117 150 
104 44 
77 135 
32 50 
36 33 
45 144 
80 107 
16 149 
17 138 
130 37 
75 96 
122 82 
74 1 
75 90 
43 31 
88 137 
31 74 
26 64 
114 12 
129 113 
53 80 
31 116 
133 71 
64 104 
65 39 
19 75 
111 21 
83 41 
72 122 
158 73 
34 44 
131 3 
19 42 
31 48 
5 50 
106 15 
26 108 
98 65 
121 125 
37 158 
57 120 
47 72 
39 139 
22 78 
115 50 
53 60 
54 47 
41 32 
61 110 
130 57 
86 126 
113 2 
115 48 
117 46 
93 61 
79 4 
39 126 
43 138 
64 123 
98 77 
8 63 
93 21 
64 102 
40 46 
97 91 
7 132 
73 53 
117 33 
37 33 
39 107 
136 89 
34 80 
83 24 
125 66 
156 70 
127 48 
112 27 
115 158 
24 37 
42 85 
70 39 
137 40 
6 49 
106 90 
1 106 
29 83 
24 82 
21 82 
73 155 
71 136 
140 121 
122 76 
123 63 
