187 5286 
184 188 138 28 81 62 139 293 172 107 228 3 20 214 173 184 26 48 220 20 163 78 295 292 282 101 178 33 77 126 255 223 250 139 128 269 42 41 229 69 158 290 221 54 112 143 299 249 146 134 101 239 222 134 124 171 21 39 279 53 218 71 263 288 41 40 207 89 281 116 53 171 292 24 51 73 60 166 278 37 96 68 6 217 273 203 218 13 30 15 43 264 251 210 167 178 172 95 46 45 1 102 145 59 238 272 24 142 178 259 269 7 231 224 46 92 117 62 167 63 138 111 236 27 23 255 46 113 118 195 116 13 233 284 183 1 204 236 248 109 294 44 30 262 289 159 253 35 137 76 267 174 265 36 134 260 92 104 75 81 50 78 82 50 13 103 116 95 292 63 278 188 54 7 213 28 64 115 248 146 65 78 209 132 78 139 164 
107 48 
76 130 
104 38 
144 146 
27 17 
103 39 
31 180 
76 69 
59 140 
92 143 
73 12 
86 76 
28 93 
100 49 
56 9 
70 15 
145 28 
93 83 
159 133 
128 67 
176 181 
38 59 
163 156 
132 117 
93 123 
163 64 
167 32 
103 166 
25 107 
49 139 
45 179 
5 152 
56 123 
143 59 
148 80 
83 119 
87 6 
121 34 
117 23 
127 17 
176 16 
40 34 
165 113 
124 59 
181 87 
152 144 
137 57 
105 83 
83 16 
138 143 
120 164 
118 138 
31 115 
114 68 
15 183 
175 134 
167 19 
63 33 
15 92 
64 144 
138 125 
25 140 
85 23 
92 88 
4 169 
170 25 
10 84 
186 94 
142 26 
178 139 
34 168 
118 25 
74 19 
105 10 
167 55 
60 83 
58 133 
157 63 
154 47 
172 110 
59 15 
72 152 
129 17 
66 145 
4 159 
144 157 
107 68 
123 58 
85 114 
147 71 
29 5 
174 101 
35 185 
96 160 
53 141 
154 145 
79 56 
35 12 
156 17 
66 69 
56 140 
42 87 
159 154 
159 17 
140 39 
33 56 
49 112 
112 136 
35 6 
93 71 
32 29 
153 163 
88 181 
105 60 
63 20 
15 105 
34 10 
59 33 
98 114 
7 85 
26 103 
93 17 
96 101 
101 173 
93 91 
150 164 
71 134 
49 88 
56 129 
75 122 
182 53 
66 113 
106 101 
11 166 
58 124 
19 118 
79 40 
74 116 
117 161 
63 143 
63 134 
179 158 
120 51 
107 45 
92 156 
71 168 
159 104 
150 97 
169 40 
42 24 
89 108 
163 146 
124 182 
155 58 
54 152 
97 99 
55 46 
176 152 
115 110 
120 132 
149 1 
170 118 
142 109 
155 167 
173 13 
107 176 
50 145 
9 29 
163 30 
78 148 
55 25 
35 71 
105 121 
2 144 
9 63 
117 89 
66 6 
89 88 
144 70 
81 154 
163 25 
6 15 
20 100 
143 8 
55 63 
14 98 
4 105 
76 21 
87 122 
31 99 
161 148 
111 116 
50 28 
62 92 
183 69 
125 68 
135 2 
153 166 
46 163 
164 39 
31 1 
6 97 
102 67 
112 27 
115 17 
101 30 
27 87 
119 19 
43 176 
185 62 
175 90 
22 148 
47 183 
145 90 
26 38 
186 110 
179 11 
183 171 
140 164 
69 185 
160 121 
42 65 
164 138 
16 40 
67 106 
47 37 
41 32 
117 88 
36 17 
54 138 
51 129 
88 69 
45 109 
77 70 
150 96 
13 34 
160 80 
134 170 
102 146 
181 113 
85 173 
17 37 
107 160 
143 163 
68 84 
179 54 
35 65 
168 109 
10 61 
96 102 
59 81 
160 93 
127 86 
129 49 
160 24 
6 28 
58 45 
91 138 
160 153 
24 103 
8 172 
106 91 
18 134 
84 150 
111 129 
141 72 
144 134 
50 166 
7 39 
2 187 
36 77 
171 20 
32 22 
93 119 
149 138 
42 172 
142 32 
40 93 
112 170 
29 90 
33 47 
111 127 
152 133 
87 64 
135 178 
100 101 
40 60 
41 6 
72 135 
164 129 
34 142 
165 62 
14 40 
167 68 
88 133 
187 56 
36 3 
88 100 
150 3 
76 158 
113 183 
169 73 
119 77 
69 54 
152 140 
69 136 
55 27 
69 62 
98 65 
153 155 
22 163 
39 87 
137 32 
32 69 
32 77 
108 112 
29 161 
1 50 
149 121 
77 91 
101 99 
76 140 
167 137 
101 167 
20 1 
15 138 
26 93 
51 40 
65 44 
19 62 
95 128 
25 121 
4 94 
184 83 
96 149 
117 20 
46 10 
130 118 
82 51 
46 96 
36 182 
10 13 
160 176 
80 1 
4 182 
28 70 
44 174 
67 171 
31 47 
109 68 
164 109 
65 70 
64 49 
58 103 
20 161 
4 172 
137 135 
15 60 
60 30 
161 64 
114 28 
34 73 
73 33 
64 21 
2 66 
187 10 
23 115 
123 149 
120 66 
116 11 
133 140 
152 88 
30 133 
158 5 
139 59 
105 50 
152 134 
12 8 
142 114 
36 47 
85 53 
103 101 
142 132 
136 115 
138 29 
121 98 
25 178 
89 161 
4 133 
75 123 
34 66 
114 79 
16 95 
186 178 
48 133 
75 165 
106 114 
31 175 
170 62 
162 28 
98 79 
84 93 
14 25 
22 31 
145 7 
88 127 
9 98 
11 5 
40 100 
173 42 
58 12 
78 152 
137 136 
150 52 
118 174 
95 18 
128 5 
52 59 
181 124 
86 14 
121 55 
79 182 
144 178 
161 143 
166 36 
26 187 
157 100 
106 28 
16 133 
19 126 
15 13 
134 180 
179 57 
128 170 
36 98 
178 13 
179 7 
89 42 
9 45 
187 156 
21 150 
152 9 
132 168 
136 166 
163 59 
51 161 
5 134 
34 76 
140 66 
170 164 
23 179 
143 71 
65 140 
132 89 
166 51 
57 110 
87 168 
82 104 
21 57 
146 127 
50 80 
54 147 
186 185 
19 153 
29 106 
96 37 
92 110 
137 158 
175 169 
56 167 
146 83 
108 176 
169 162 
143 156 
67 39 
145 69 
129 93 
123 156 
157 101 
168 29 
179 67 
136 73 
6 34 
57 120 
13 84 
66 112 
153 125 
177 127 
39 24 
35 81 
62 59 
94 176 
105 118 
67 50 
75 129 
7 152 
42 141 
136 18 
126 117 
14 42 
54 186 
15 176 
4 70 
16 155 
131 106 
53 163 
109 11 
83 13 
115 84 
23 112 
9 181 
3 179 
143 117 
164 48 
101 184 
114 121 
32 108 
107 47 
54 18 
102 98 
133 11 
162 139 
174 75 
87 130 
97 142 
101 35 
53 125 
2 109 
36 131 
19 79 
74 180 
67 124 
28 103 
101 84 
16 150 
53 29 
162 16 
176 102 
76 187 
91 178 
86 40 
63 40 
143 177 
22 131 
149 170 
117 94 
164 122 
32 125 
170 51 
44 161 
42 109 
134 111 
35 13 
104 177 
152 86 
140 87 
20 175 
137 150 
96 184 
176 45 
125 169 
95 42 
157 159 
89 61 
47 129 
28 131 
109 78 
54 52 
123 112 
127 149 
74 154 
31 107 
52 141 
66 118 
173 112 
81 135 
122 20 
166 170 
99 69 
100 48 
156 18 
111 151 
7 73 
16 178 
108 5 
89 157 
83 10 
155 46 
182 59 
108 95 
28 104 
24 133 
49 155 
53 90 
183 97 
153 142 
61 13 
65 114 
91 180 
85 117 
119 27 
66 148 
182 110 
68 174 
139 17 
171 112 
94 121 
132 128 
132 82 
82 95 
76 47 
28 157 
126 38 
94 54 
185 22 
107 73 
65 69 
79 124 
93 110 
9 40 
152 119 
49 142 
144 55 
72 52 
119 79 
135 15 
45 32 
108 153 
68 62 
142 76 
96 140 
177 79 
135 106 
183 53 
176 11 
141 103 
49 147 
77 62 
45 5 
167 183 
118 93 
128 9 
138 89 
37 167 
33 43 
31 111 
40 30 
177 77 
108 52 
125 82 
47 97 
147 108 
126 93 
10 166 
22 123 
94 95 
74 15 
9 147 
98 142 
86 169 
4 173 
24 75 
156 117 
162 72 
41 38 
37 70 
161 115 
117 152 
156 131 
166 102 
129 115 
52 65 
141 47 
184 53 
90 88 
31 18 
184 77 
124 88 
158 87 
14 27 
136 113 
30 145 
148 81 
99 96 
114 122 
60 76 
73 5 
63 158 
8 14 
147 166 
153 51 
147 55 
60 162 
29 15 
14 137 
174 15 
84 139 
96 148 
117 51 
142 47 
121 127 
180 101 
91 32 
45 111 
164 101 
23 178 
137 13 
98 171 
86 35 
186 17 
179 66 
156 112 
17 88 
156 72 
66 146 
97 65 
84 19 
60 132 
25 180 
45 110 
95 141 
36 107 
165 61 
41 122 
129 114 
116 105 
82 32 
45 39 
83 187 
160 4 
63 183 
62 53 
186 29 
114 104 
5 28 
26 37 
163 37 
15 82 
139 73 
4 100 
58 33 
58 118 
15 147 
34 101 
114 131 
37 181 
14 153 
141 131 
127 16 
86 181 
78 26 
141 46 
146 171 
26 47 
39 5 
74 135 
64 145 
5 105 
105 174 
5 94 
51 144 
65 142 
80 47 
134 77 
138 25 
116 167 
49 123 
168 104 
54 169 
172 159 
167 104 
93 13 
117 170 
88 136 
104 32 
62 132 
93 141 
59 94 
125 162 
99 88 
162 15 
54 172 
106 56 
58 145 
19 65 
171 170 
6 72 
50 128 
157 170 
3 156 
123 11 
171 69 
9 62 
64 81 
159 46 
169 187 
100 169 
75 87 
44 185 
95 48 
138 44 
20 22 
80 93 
57 100 
96 157 
87 9 
160 38 
89 17 
122 31 
129 7 
182 115 
72 50 
172 126 
81 117 
18 46 
163 74 
37 44 
182 150 
41 26 
16 106 
170 43 
73 72 
45 67 
26 54 
135 30 
120 78 
79 83 
18 127 
165 179 
128 186 
157 34 
39 148 
156 19 
119 118 
186 111 
78 6 
120 182 
14 94 
4 32 
89 1 
183 134 
109 1 
8 11 
22 70 
95 173 
182 111 
136 151 
178 119 
72 12 
179 79 
139 150 
84 147 
65 33 
181 56 
177 24 
186 88 
161 145 
8 80 
112 64 
141 32 
163 28 
162 30 
169 35 
95 134 
13 25 
87 59 
89 24 
60 181 
97 160 
72 20 
47 182 
15 145 
150 175 
18 45 
168 81 
179 104 
55 111 
58 177 
111 30 
161 88 
168 167 
79 173 
177 140 
51 174 
27 177 
81 167 
71 10 
48 171 
176 150 
119 102 
43 83 
45 175 
1 36 
14 161 
130 4 
1 139 
47 113 
50 48 
178 156 
71 16 
59 173 
39 6 
37 166 
78 37 
155 91 
65 139 
78 16 
182 114 
155 159 
28 15 
123 63 
167 76 
100 13 
39 132 
184 176 
44 28 
85 151 
71 174 
121 21 
84 43 
17 135 
124 103 
107 121 
42 156 
165 144 
92 141 
156 135 
50 157 
61 15 
126 145 
107 62 
122 125 
36 148 
143 94 
133 23 
76 61 
173 98 
106 109 
15 93 
13 134 
176 110 
41 66 
141 61 
103 139 
134 119 
46 143 
139 159 
133 161 
74 53 
23 77 
42 148 
26 65 
154 17 
58 174 
76 162 
185 7 
140 153 
92 180 
109 173 
33 105 
121 134 
1 170 
27 143 
82 146 
24 50 
75 11 
86 97 
122 102 
167 11 
141 183 
23 132 
177 119 
122 116 
2 9 
71 110 
115 25 
36 30 
30 178 
141 152 
66 187 
46 28 
40 76 
49 13 
120 176 
169 44 
118 42 
11 157 
121 50 
12 50 
40 186 
128 158 
176 32 
168 31 
108 60 
120 30 
115 155 
128 46 
61 163 
27 104 
129 5 
143 72 
99 50 
186 47 
151 143 
132 50 
88 93 
5 147 
32 151 
91 42 
24 57 
109 126 
97 88 
45 14 
171 43 
72 76 
129 77 
96 113 
174 40 
38 48 
119 131 
37 7 
146 76 
100 50 
39 92 
40 155 
161 69 
171 184 
160 60 
32 156 
32 122 
150 123 
62 145 
37 111 
116 27 
187 9 
148 113 
38 78 
58 60 
177 83 
94 25 
115 93 
13 172 
37 45 
146 35 
92 155 
158 172 
146 167 
123 111 
21 14 
171 118 
12 66 
75 83 
131 127 
27 160 
67 177 
185 143 
129 42 
105 25 
31 108 
126 70 
75 178 
34 135 
13 30 
13 169 
33 122 
121 3 
93 43 
126 13 
61 176 
143 108 
121 183 
176 171 
46 113 
150 183 
1 16 
182 73 
71 103 
92 140 
94 126 
81 118 
98 39 
171 89 
63 116 
15 5 
13 72 
67 30 
85 119 
50 39 
10 180 
36 41 
38 21 
96 29 
181 28 
62 23 
53 81 
118 77 
8 128 
67 81 
43 89 
177 160 
55 98 
137 141 
28 26 
77 114 
1 178 
185 148 
23 187 
77 69 
10 104 
111 33 
52 15 
45 186 
132 53 
75 35 
140 31 
32 89 
34 150 
45 76 
128 31 
40 32 
124 92 
49 2 
104 165 
127 112 
16 169 
79 169 
185 183 
47 139 
65 12 
156 154 
129 184 
125 20 
132 92 
7 90 
86 28 
150 72 
158 124 
149 9 
8 42 
120 77 
155 174 
72 187 
57 82 
183 177 
164 56 
82 137 
11 37 
132 107 
80 23 
84 40 
90 19 
180 130 
173 134 
167 87 
154 141 
48 67 
93 41 
22 111 
125 120 
25 57 
27 110 
162 156 
91 156 
65 91 
26 91 
5 7 
66 114 
47 166 
143 102 
90 102 
38 7 
54 155 
85 2 
59 176 
25 165 
1 14 
73 36 
184 34 
110 84 
166 139 
154 35 
148 121 
176 155 
103 136 
144 132 
13 165 
54 159 
111 40 
187 122 
177 151 
99 58 
80 158 
173 154 
7 74 
181 123 
43 183 
121 59 
78 35 
186 55 
142 175 
114 89 
148 12 
144 26 
9 20 
24 92 
17 82 
166 156 
8 139 
160 165 
69 180 
37 59 
168 23 
88 108 
149 17 
73 144 
131 85 
15 139 
39 53 
160 56 
26 102 
41 67 
2 153 
86 144 
57 186 
124 85 
57 53 
96 43 
128 14 
88 162 
163 70 
175 118 
123 53 
50 165 
48 72 
167 180 
17 53 
60 128 
173 3 
163 58 
142 23 
113 145 
97 23 
120 108 
117 69 
71 106 
4 167 
56 120 
141 5 
132 180 
61 157 
90 119 
83 131 
21 97 
95 9 
178 171 
183 128 
14 111 
34 167 
183 76 
42 52 
11 102 
148 94 
93 102 
129 134 
186 93 
131 79 
4 48 
137 90 
19 112 
86 18 
130 74 
84 26 
157 130 
11 126 
32 44 
91 121 
137 163 
161 2 
14 100 
43 182 
60 159 
46 61 
109 4 
74 39 
93 66 
10 134 
177 85 
107 11 
112 186 
86 72 
81 47 
25 79 
182 157 
110 10 
60 135 
74 114 
20 130 
19 88 
165 150 
12 13 
90 104 
170 122 
186 105 
101 112 
95 25 
108 113 
141 140 
83 130 
20 165 
31 119 
36 11 
31 184 
12 2 
153 68 
5 160 
6 84 
35 116 
15 141 
72 25 
162 33 
121 103 
124 24 
163 104 
124 142 
93 49 
3 164 
90 107 
49 36 
112 22 
44 140 
147 80 
43 168 
101 185 
56 186 
28 91 
80 32 
66 36 
73 161 
59 185 
85 22 
177 106 
94 12 
162 17 
65 169 
178 155 
68 124 
57 121 
118 30 
103 83 
113 139 
51 100 
88 73 
127 70 
169 48 
177 6 
117 130 
122 89 
50 17 
24 20 
180 106 
50 143 
170 13 
65 130 
159 69 
182 159 
173 127 
75 107 
28 92 
110 162 
27 183 
40 128 
159 12 
76 111 
161 36 
76 180 
39 183 
11 138 
43 70 
16 137 
67 139 
26 17 
121 6 
60 65 
113 4 
58 19 
158 135 
53 117 
118 83 
56 54 
68 138 
132 20 
130 165 
19 149 
162 116 
161 12 
79 104 
102 69 
7 42 
38 98 
150 48 
54 114 
16 116 
114 164 
14 60 
125 63 
21 41 
175 28 
165 110 
41 80 
28 63 
96 23 
186 48 
77 160 
101 42 
90 182 
46 15 
182 21 
186 136 
34 30 
9 171 
164 37 
114 140 
114 178 
176 126 
117 179 
51 185 
138 61 
45 31 
186 41 
60 6 
112 10 
64 69 
142 79 
32 24 
54 23 
37 122 
182 60 
167 122 
115 82 
142 41 
95 36 
118 64 
17 177 
6 33 
160 120 
96 90 
132 80 
33 36 
10 20 
78 94 
131 162 
114 148 
6 131 
49 27 
84 48 
44 46 
93 99 
60 51 
91 98 
125 96 
159 158 
18 167 
15 50 
173 182 
61 77 
92 57 
66 78 
177 49 
110 81 
175 11 
67 7 
21 12 
178 73 
24 149 
141 163 
186 162 
8 149 
87 183 
136 61 
29 173 
146 6 
133 26 
100 137 
16 34 
21 49 
107 24 
56 125 
152 75 
116 155 
97 57 
175 49 
145 95 
87 81 
117 178 
165 129 
43 54 
42 161 
54 142 
135 37 
62 95 
131 55 
24 120 
43 128 
128 110 
45 7 
34 100 
146 25 
43 59 
128 1 
163 149 
46 121 
86 66 
68 75 
133 66 
22 84 
20 33 
164 41 
167 1 
84 182 
177 125 
57 46 
20 110 
71 187 
66 100 
115 13 
175 127 
122 171 
117 92 
133 162 
34 61 
2 16 
21 154 
68 67 
86 145 
39 8 
135 24 
58 29 
63 132 
79 73 
173 32 
181 115 
90 140 
63 130 
101 79 
161 137 
126 48 
27 74 
75 100 
63 74 
70 140 
91 117 
65 79 
157 102 
151 97 
11 9 
54 72 
71 22 
9 25 
157 44 
163 18 
39 19 
132 43 
24 52 
131 73 
68 49 
181 144 
126 131 
71 152 
93 156 
63 177 
30 168 
73 112 
135 145 
26 118 
150 120 
178 177 
158 88 
32 169 
146 61 
88 115 
16 131 
93 25 
17 14 
81 21 
64 172 
39 163 
134 26 
89 15 
95 41 
151 117 
74 100 
26 31 
7 186 
154 83 
61 142 
136 25 
5 33 
111 104 
186 44 
161 30 
162 179 
183 19 
83 21 
129 130 
94 164 
175 115 
98 174 
173 180 
115 150 
32 58 
171 30 
42 94 
30 5 
47 100 
55 103 
161 175 
31 81 
183 142 
75 119 
40 42 
171 129 
83 14 
114 45 
97 106 
75 151 
109 141 
18 13 
114 75 
61 30 
112 164 
9 93 
136 97 
64 54 
98 73 
135 39 
3 21 
128 49 
154 147 
14 116 
52 64 
175 95 
122 124 
150 91 
117 105 
36 174 
99 178 
162 180 
55 96 
181 112 
72 183 
140 24 
95 126 
84 165 
181 33 
186 65 
113 152 
39 160 
25 1 
54 135 
178 22 
116 45 
160 147 
8 170 
45 20 
154 105 
95 103 
123 87 
32 7 
128 72 
155 88 
91 154 
174 2 
35 122 
22 141 
76 56 
31 186 
22 41 
110 138 
109 169 
49 81 
104 123 
85 153 
2 58 
144 52 
50 63 
145 43 
35 58 
103 178 
103 165 
182 32 
60 61 
64 29 
97 175 
20 48 
77 152 
109 25 
174 185 
37 14 
41 85 
49 72 
111 86 
59 160 
77 107 
152 53 
17 64 
56 98 
7 63 
134 59 
146 22 
15 101 
45 17 
88 78 
159 132 
27 83 
184 28 
123 45 
149 116 
43 95 
73 114 
143 60 
160 29 
165 172 
37 9 
46 153 
52 166 
88 114 
146 183 
133 181 
137 42 
9 104 
177 73 
10 29 
90 59 
108 35 
163 82 
127 57 
132 27 
87 66 
49 173 
135 42 
127 41 
3 125 
163 63 
28 17 
111 35 
187 118 
93 101 
156 165 
56 148 
73 45 
36 117 
92 152 
108 1 
96 82 
52 31 
70 178 
46 84 
7 12 
122 4 
52 77 
41 117 
131 71 
162 20 
122 115 
133 179 
159 41 
97 104 
62 178 
170 71 
81 61 
61 139 
151 150 
157 87 
102 58 
83 64 
179 63 
181 22 
111 44 
40 134 
40 39 
30 3 
115 153 
127 145 
118 61 
14 71 
121 133 
171 172 
124 140 
68 50 
178 88 
113 164 
121 177 
9 41 
48 182 
35 151 
38 97 
38 141 
102 121 
13 101 
43 7 
145 151 
177 59 
43 98 
145 185 
87 21 
109 76 
183 143 
67 109 
78 145 
182 38 
128 142 
62 50 
47 90 
151 68 
73 101 
95 162 
78 149 
140 38 
5 119 
75 32 
21 186 
88 112 
132 2 
166 126 
63 67 
155 112 
84 158 
42 6 
34 25 
87 152 
147 62 
12 172 
68 158 
125 60 
93 10 
45 28 
32 123 
124 162 
89 127 
187 165 
168 137 
70 92 
74 58 
6 159 
147 141 
58 21 
105 54 
154 67 
165 123 
43 13 
47 181 
56 170 
182 27 
19 101 
167 164 
158 114 
148 158 
113 120 
172 74 
22 21 
44 172 
84 179 
92 49 
101 121 
152 97 
137 21 
82 37 
187 51 
24 166 
101 162 
119 69 
187 93 
77 13 
20 153 
178 136 
19 107 
144 185 
84 178 
170 55 
5 159 
34 147 
127 166 
6 68 
71 130 
79 111 
50 154 
39 15 
112 8 
58 34 
120 96 
59 2 
140 97 
144 122 
119 169 
183 34 
140 162 
179 181 
118 106 
169 129 
66 105 
155 4 
71 12 
106 62 
53 83 
174 162 
61 164 
155 69 
51 186 
174 35 
109 48 
102 132 
6 149 
172 28 
98 66 
49 20 
19 108 
154 41 
156 20 
158 24 
113 49 
184 27 
36 69 
42 2 
26 135 
63 3 
162 59 
68 172 
104 12 
18 28 
36 114 
181 160 
125 110 
148 100 
51 104 
158 182 
65 154 
176 38 
45 98 
92 19 
67 72 
96 36 
23 92 
108 125 
62 138 
115 74 
140 144 
96 58 
92 185 
145 3 
136 39 
92 72 
167 175 
107 6 
142 10 
123 30 
155 111 
97 96 
41 139 
94 154 
153 181 
88 151 
173 161 
153 98 
114 39 
109 69 
26 92 
131 47 
135 152 
30 134 
13 177 
161 171 
79 128 
25 46 
113 69 
11 89 
183 79 
24 70 
15 71 
146 89 
88 98 
20 34 
100 115 
49 145 
55 162 
38 37 
178 162 
32 109 
66 171 
98 128 
35 60 
6 49 
94 57 
163 24 
89 177 
138 120 
47 22 
16 45 
9 64 
144 25 
118 49 
6 150 
119 4 
59 55 
159 23 
145 187 
186 140 
50 108 
142 69 
67 38 
91 141 
6 169 
66 48 
127 132 
44 73 
84 145 
30 131 
132 68 
153 37 
88 2 
140 126 
77 10 
135 70 
169 2 
119 138 
15 86 
16 94 
58 130 
148 154 
55 97 
117 67 
67 15 
158 73 
65 51 
134 23 
156 81 
146 159 
41 103 
54 60 
74 17 
133 165 
100 160 
132 165 
34 63 
173 99 
89 140 
59 3 
186 139 
124 56 
51 81 
106 137 
77 153 
54 5 
7 153 
12 109 
180 151 
17 123 
145 79 
68 48 
7 62 
121 151 
133 80 
116 138 
78 133 
28 134 
159 178 
6 29 
90 100 
2 26 
7 31 
46 47 
23 154 
141 166 
54 42 
29 135 
58 13 
42 26 
172 2 
16 68 
68 58 
142 8 
71 34 
11 161 
34 47 
104 49 
94 63 
21 141 
146 72 
61 27 
94 36 
12 77 
98 32 
14 49 
104 83 
33 21 
143 36 
7 172 
59 117 
84 121 
37 186 
91 161 
160 1 
47 50 
149 104 
184 99 
38 169 
102 42 
104 59 
139 43 
62 126 
8 10 
98 40 
16 65 
59 8 
3 60 
74 182 
54 14 
12 134 
32 155 
5 9 
115 140 
187 84 
130 116 
19 105 
109 36 
44 98 
92 8 
9 184 
33 30 
5 170 
72 185 
127 76 
3 41 
172 101 
92 106 
122 2 
35 162 
49 50 
108 146 
4 111 
73 9 
139 25 
103 108 
137 95 
1 9 
64 23 
62 18 
83 123 
167 41 
133 175 
122 165 
153 178 
177 124 
8 54 
169 178 
163 130 
93 19 
182 88 
187 150 
80 130 
184 157 
140 14 
143 55 
142 2 
175 166 
105 37 
60 80 
97 153 
10 186 
56 142 
57 4 
85 45 
24 101 
154 42 
145 54 
5 41 
33 78 
119 174 
4 22 
21 173 
133 157 
87 120 
150 22 
125 73 
162 153 
48 153 
155 136 
169 150 
47 133 
157 64 
96 48 
57 8 
12 76 
101 102 
68 130 
90 63 
51 128 
116 21 
148 98 
129 83 
70 80 
179 44 
163 165 
173 61 
52 36 
149 11 
73 92 
173 160 
181 173 
41 171 
85 186 
164 171 
173 34 
52 135 
171 19 
135 91 
8 186 
157 109 
85 98 
61 2 
76 29 
127 155 
148 166 
47 4 
4 6 
102 61 
47 83 
45 99 
60 176 
95 86 
18 43 
153 179 
179 86 
45 4 
56 13 
52 20 
50 69 
122 158 
111 87 
113 81 
99 8 
120 107 
174 168 
144 104 
45 57 
105 157 
76 119 
68 63 
165 5 
115 49 
79 175 
63 39 
107 64 
106 130 
106 183 
26 165 
92 36 
7 119 
71 151 
133 45 
96 70 
164 153 
67 137 
62 112 
170 80 
114 2 
134 72 
122 185 
104 3 
133 158 
73 103 
27 103 
29 109 
30 137 
22 105 
81 131 
133 180 
151 148 
142 115 
147 98 
12 23 
20 11 
90 177 
137 77 
66 157 
164 105 
17 185 
110 109 
12 31 
22 95 
46 42 
54 164 
65 104 
5 92 
157 140 
134 163 
149 93 
167 83 
78 80 
87 65 
87 104 
106 60 
55 122 
186 154 
144 143 
183 65 
35 187 
48 87 
162 87 
63 21 
103 91 
90 159 
50 86 
16 74 
104 84 
38 135 
104 40 
4 129 
62 144 
132 17 
74 60 
179 89 
15 106 
107 35 
65 93 
6 161 
171 86 
176 28 
110 126 
42 43 
104 137 
29 180 
80 91 
107 51 
39 47 
36 84 
48 12 
177 142 
54 126 
133 184 
89 56 
94 75 
132 125 
48 173 
20 105 
168 10 
17 41 
86 106 
145 130 
43 34 
187 138 
61 162 
27 1 
29 142 
86 148 
13 31 
72 179 
53 22 
119 48 
61 37 
29 184 
108 16 
179 29 
157 16 
168 22 
146 26 
178 32 
70 138 
107 8 
40 145 
101 63 
184 172 
69 115 
169 7 
1 132 
102 168 
22 38 
162 4 
16 152 
104 135 
57 150 
32 163 
15 26 
14 24 
139 29 
118 173 
69 132 
10 182 
43 163 
157 115 
135 101 
119 149 
154 61 
106 66 
185 88 
123 72 
83 57 
71 6 
117 52 
25 10 
105 24 
9 100 
186 109 
4 44 
172 153 
3 154 
127 122 
148 136 
150 42 
47 61 
175 67 
138 137 
146 98 
18 2 
111 71 
24 164 
41 44 
146 41 
180 45 
176 180 
99 81 
82 66 
10 90 
135 53 
132 26 
81 75 
128 164 
29 78 
183 101 
172 96 
172 79 
53 130 
146 85 
16 70 
13 161 
82 22 
109 121 
151 129 
151 44 
161 183 
134 118 
13 46 
166 25 
92 16 
18 154 
78 106 
37 121 
175 52 
182 179 
2 131 
124 26 
71 161 
17 49 
114 141 
101 71 
22 107 
14 89 
135 183 
185 110 
113 128 
58 176 
149 30 
176 21 
23 122 
31 185 
94 91 
109 73 
88 165 
12 164 
146 168 
80 128 
91 66 
114 62 
68 98 
165 53 
83 20 
31 57 
44 75 
61 132 
128 74 
148 60 
46 129 
106 121 
160 146 
124 159 
20 47 
138 179 
51 64 
15 30 
31 139 
77 104 
32 55 
68 61 
138 40 
27 100 
65 43 
39 9 
72 153 
87 143 
134 31 
73 56 
53 72 
88 63 
168 24 
183 88 
146 141 
154 32 
85 127 
6 128 
48 94 
124 38 
64 106 
165 70 
49 32 
84 56 
143 155 
164 87 
113 77 
53 186 
146 91 
68 40 
174 178 
180 159 
162 105 
24 34 
79 108 
140 122 
37 6 
156 5 
20 44 
29 70 
104 171 
125 98 
135 49 
127 125 
114 163 
33 53 
140 171 
150 24 
84 17 
85 182 
28 79 
77 117 
75 13 
34 105 
123 167 
27 122 
62 172 
97 111 
77 18 
86 112 
129 81 
58 52 
29 67 
88 177 
29 23 
90 42 
41 54 
68 31 
138 186 
6 186 
36 4 
183 123 
64 98 
71 31 
10 125 
37 159 
15 142 
78 49 
79 44 
37 110 
59 49 
30 108 
59 145 
101 129 
159 184 
161 16 
98 124 
6 157 
4 7 
23 171 
147 124 
78 5 
36 145 
108 101 
60 115 
34 153 
77 162 
114 126 
172 14 
102 103 
88 65 
8 173 
176 111 
62 180 
2 116 
29 33 
165 159 
79 88 
65 62 
3 158 
112 56 
91 7 
56 71 
62 36 
123 176 
146 120 
69 38 
164 177 
42 164 
172 91 
129 95 
183 91 
140 51 
155 50 
109 156 
69 60 
63 53 
177 68 
101 4 
132 150 
145 35 
39 134 
149 184 
119 175 
168 177 
1 41 
39 126 
50 168 
159 72 
12 182 
71 167 
61 55 
168 115 
73 167 
165 69 
142 103 
101 166 
135 174 
82 160 
55 66 
46 22 
136 140 
121 157 
64 187 
34 155 
152 167 
32 111 
112 47 
136 114 
141 50 
70 132 
97 56 
54 12 
1 111 
105 146 
26 35 
73 168 
9 90 
112 54 
36 187 
141 144 
52 17 
179 13 
140 128 
9 96 
173 120 
125 158 
76 96 
103 63 
125 133 
99 48 
39 171 
129 170 
12 56 
98 169 
124 101 
78 89 
176 118 
100 117 
83 107 
147 12 
134 54 
59 10 
22 61 
109 5 
134 29 
163 14 
154 162 
103 16 
44 81 
161 8 
179 107 
172 147 
121 139 
97 125 
153 83 
8 60 
43 116 
114 82 
54 110 
19 38 
105 134 
95 70 
12 51 
41 181 
104 42 
142 106 
147 18 
91 181 
133 56 
78 95 
171 16 
78 56 
82 26 
56 46 
53 10 
43 40 
1 58 
141 20 
116 48 
155 118 
92 126 
128 168 
21 132 
167 36 
80 16 
173 168 
73 163 
135 120 
107 178 
16 26 
172 63 
24 126 
158 86 
141 113 
184 19 
147 146 
68 135 
159 70 
124 5 
164 1 
149 41 
87 177 
121 92 
15 132 
38 12 
176 167 
25 97 
85 80 
54 83 
145 152 
30 92 
42 183 
162 92 
5 76 
33 89 
90 127 
147 48 
128 24 
37 139 
122 61 
82 133 
132 186 
116 166 
64 149 
43 160 
35 164 
29 145 
12 90 
37 5 
165 167 
91 34 
68 119 
120 20 
135 92 
99 19 
81 180 
137 60 
164 147 
153 158 
109 114 
184 24 
122 177 
120 156 
81 103 
124 4 
37 64 
110 13 
163 91 
37 21 
115 139 
175 65 
24 115 
146 154 
61 111 
110 69 
180 88 
145 39 
46 68 
85 163 
96 79 
84 152 
154 130 
109 137 
66 143 
162 136 
97 7 
60 33 
120 39 
132 84 
159 102 
86 85 
41 89 
92 61 
126 35 
68 103 
163 185 
122 123 
170 84 
26 48 
115 5 
105 98 
54 109 
10 101 
70 148 
68 70 
21 168 
6 51 
183 103 
52 157 
153 63 
172 32 
72 75 
75 8 
163 103 
6 25 
139 44 
71 124 
39 26 
4 183 
4 117 
132 24 
54 157 
138 169 
18 155 
123 163 
72 51 
183 164 
72 56 
52 5 
58 182 
92 14 
159 28 
34 131 
14 63 
169 123 
39 54 
77 132 
59 156 
139 45 
1 87 
120 167 
16 102 
112 71 
37 94 
123 180 
163 19 
21 111 
65 106 
91 125 
24 165 
44 156 
131 94 
123 126 
26 5 
112 17 
163 80 
103 180 
136 17 
41 176 
151 138 
185 83 
82 54 
88 174 
118 147 
151 30 
173 75 
152 22 
73 90 
148 170 
11 24 
15 95 
1 100 
145 140 
83 32 
107 150 
27 23 
15 63 
25 127 
173 68 
170 172 
181 104 
85 47 
173 184 
108 81 
42 165 
39 17 
47 145 
160 69 
136 67 
60 129 
103 53 
57 14 
179 168 
10 121 
136 144 
93 114 
110 82 
80 40 
144 170 
7 184 
119 39 
54 2 
176 159 
89 142 
41 81 
18 141 
40 26 
5 149 
40 130 
70 57 
40 78 
7 167 
155 148 
178 113 
9 6 
73 160 
115 86 
87 174 
85 160 
39 170 
167 39 
14 168 
14 155 
171 7 
171 72 
138 87 
158 48 
124 125 
24 121 
121 118 
137 15 
11 7 
76 53 
80 76 
77 67 
21 52 
14 114 
124 130 
72 46 
150 98 
1 65 
47 114 
53 69 
27 58 
143 111 
160 103 
167 78 
146 30 
168 75 
174 8 
119 158 
140 100 
138 180 
137 89 
138 106 
147 125 
27 168 
26 151 
2 56 
126 149 
29 81 
70 86 
30 7 
137 64 
91 27 
92 17 
1 43 
99 127 
168 74 
116 22 
109 159 
176 20 
92 130 
171 157 
119 34 
170 91 
107 172 
159 84 
33 55 
139 66 
39 31 
181 159 
115 159 
184 98 
74 167 
34 35 
27 59 
85 89 
165 74 
20 76 
169 29 
54 38 
11 1 
169 102 
162 13 
121 72 
152 42 
23 15 
97 42 
135 43 
186 36 
136 116 
64 33 
81 102 
156 24 
54 113 
167 16 
43 169 
121 168 
171 125 
23 166 
37 149 
85 31 
126 60 
74 37 
181 50 
6 118 
51 137 
21 117 
122 25 
66 155 
9 123 
48 174 
161 132 
89 111 
11 183 
77 55 
14 62 
110 102 
122 117 
60 72 
126 33 
116 61 
88 23 
175 102 
50 6 
101 80 
75 92 
62 28 
78 8 
52 124 
173 86 
172 129 
7 19 
179 34 
50 84 
127 46 
144 36 
169 21 
85 147 
81 43 
149 141 
76 74 
88 9 
122 28 
82 108 
36 100 
48 177 
118 120 
87 47 
80 65 
21 92 
127 147 
154 181 
97 114 
70 146 
102 173 
83 168 
131 90 
81 150 
145 55 
97 87 
39 16 
108 62 
106 10 
157 55 
9 174 
156 97 
178 138 
176 103 
93 111 
67 116 
115 163 
123 25 
180 140 
19 24 
58 48 
1 4 
4 52 
163 155 
27 134 
158 130 
166 30 
54 59 
185 40 
93 176 
25 62 
76 137 
158 112 
163 48 
173 51 
108 106 
186 46 
134 127 
152 96 
151 13 
64 75 
183 85 
129 140 
90 158 
106 103 
166 177 
80 156 
129 14 
60 185 
116 41 
164 32 
180 102 
158 10 
110 56 
135 65 
123 161 
74 71 
95 88 
141 55 
183 179 
180 107 
162 151 
67 100 
6 43 
49 136 
129 62 
21 72 
148 6 
124 37 
37 113 
178 20 
183 13 
25 39 
133 3 
166 64 
28 173 
67 180 
1 68 
43 61 
149 45 
8 16 
83 81 
13 63 
119 56 
45 34 
23 174 
162 68 
167 80 
168 72 
106 127 
100 96 
75 18 
12 36 
80 55 
80 134 
111 165 
38 134 
62 167 
13 143 
148 133 
178 173 
139 153 
154 33 
111 147 
51 50 
86 103 
152 50 
93 27 
2 151 
67 40 
184 51 
20 16 
144 137 
102 156 
42 120 
181 165 
162 12 
45 42 
139 161 
113 172 
151 183 
40 107 
91 1 
176 172 
178 164 
175 131 
18 42 
116 81 
93 143 
62 21 
178 15 
39 2 
112 92 
93 163 
102 117 
136 21 
140 185 
81 58 
51 83 
63 112 
101 22 
140 165 
77 90 
155 131 
141 71 
120 169 
78 11 
82 62 
138 124 
97 143 
124 102 
157 103 
77 86 
11 184 
59 178 
162 85 
40 171 
127 78 
148 104 
86 161 
121 4 
123 143 
86 87 
29 39 
91 159 
48 146 
161 77 
114 46 
121 137 
115 45 
105 1 
61 177 
73 93 
146 74 
72 65 
107 81 
57 134 
11 121 
135 167 
55 142 
122 175 
22 187 
43 120 
4 150 
20 148 
22 143 
186 153 
134 91 
13 145 
9 151 
3 171 
137 179 
127 118 
149 22 
179 80 
21 113 
53 19 
95 76 
4 39 
64 120 
67 13 
5 157 
118 74 
141 37 
144 65 
54 63 
11 30 
17 76 
55 9 
122 6 
9 150 
85 42 
171 120 
18 170 
18 69 
178 61 
90 93 
51 24 
27 34 
9 141 
156 115 
125 117 
68 60 
139 157 
54 111 
146 5 
113 26 
149 134 
145 160 
184 89 
145 14 
57 139 
126 146 
160 98 
78 60 
59 89 
174 132 
157 143 
127 3 
115 111 
17 99 
168 151 
135 168 
148 50 
136 72 
172 6 
44 120 
134 116 
151 5 
116 187 
89 22 
155 84 
135 44 
20 164 
149 161 
4 12 
154 45 
162 2 
180 90 
136 37 
119 162 
116 52 
118 135 
71 154 
96 54 
43 149 
68 126 
180 32 
170 154 
105 110 
109 171 
111 8 
130 78 
31 96 
46 187 
145 111 
145 171 
61 169 
72 118 
87 7 
108 6 
43 57 
10 157 
160 140 
59 131 
147 109 
87 56 
75 171 
26 10 
86 39 
177 163 
119 141 
130 32 
126 167 
172 61 
167 141 
40 187 
53 25 
118 154 
153 177 
87 156 
18 49 
14 47 
110 124 
142 123 
135 171 
47 92 
167 88 
78 2 
129 80 
60 100 
114 179 
99 18 
14 151 
116 62 
86 7 
42 175 
92 128 
130 94 
112 103 
26 3 
135 19 
153 167 
41 182 
82 168 
21 181 
137 99 
105 151 
148 179 
7 115 
61 31 
51 99 
98 106 
96 122 
137 93 
62 81 
100 30 
80 169 
90 13 
81 109 
96 91 
100 28 
117 16 
161 176 
143 7 
136 26 
73 42 
162 114 
12 156 
22 63 
41 172 
9 170 
95 109 
55 44 
58 6 
113 42 
177 41 
168 44 
114 96 
12 110 
148 18 
127 103 
181 146 
47 70 
32 120 
47 160 
100 147 
98 52 
75 155 
144 135 
163 27 
112 147 
123 51 
96 155 
24 5 
1 3 
93 75 
99 122 
99 80 
8 22 
160 6 
19 127 
178 149 
187 155 
187 117 
30 90 
49 16 
72 40 
36 136 
160 9 
56 82 
38 113 
73 48 
107 3 
105 61 
98 118 
50 170 
62 186 
186 61 
176 37 
51 130 
137 115 
63 171 
18 35 
110 35 
108 139 
28 74 
152 160 
137 96 
148 137 
127 7 
57 183 
25 85 
120 170 
184 152 
98 158 
34 141 
76 155 
69 80 
46 134 
136 34 
51 19 
187 98 
49 4 
167 30 
71 66 
152 21 
8 109 
164 88 
166 17 
151 125 
124 187 
125 139 
58 76 
100 8 
8 62 
160 68 
70 93 
176 75 
6 24 
99 124 
100 56 
97 105 
185 168 
56 74 
55 177 
156 94 
125 136 
67 101 
3 64 
51 147 
81 90 
178 18 
116 50 
14 154 
6 153 
128 78 
149 49 
14 109 
178 38 
140 2 
76 92 
110 15 
38 18 
4 20 
91 151 
55 135 
109 19 
31 155 
169 17 
73 127 
141 73 
54 100 
94 61 
166 65 
142 78 
104 117 
142 144 
23 148 
54 47 
83 29 
37 24 
178 79 
164 154 
66 51 
63 108 
2 28 
161 70 
63 114 
108 179 
18 23 
175 129 
25 82 
173 163 
12 167 
104 53 
47 35 
101 175 
185 29 
32 57 
66 117 
10 1 
132 85 
29 172 
137 86 
119 160 
13 22 
161 107 
96 84 
114 15 
176 130 
14 58 
77 24 
7 102 
120 49 
160 148 
17 145 
95 105 
39 97 
106 132 
124 123 
70 72 
25 157 
76 46 
52 2 
86 182 
82 105 
6 123 
51 181 
175 132 
98 30 
5 174 
42 158 
139 138 
65 6 
38 82 
145 146 
114 168 
117 49 
177 110 
93 138 
130 103 
59 50 
166 22 
130 179 
28 186 
140 131 
12 74 
175 25 
137 10 
22 45 
65 4 
45 130 
78 27 
16 183 
9 163 
126 78 
103 98 
124 108 
88 146 
24 127 
82 81 
107 94 
172 178 
4 28 
60 63 
28 60 
20 163 
44 163 
65 120 
71 128 
185 64 
186 115 
49 174 
114 100 
160 89 
41 79 
176 97 
31 101 
123 164 
17 73 
157 73 
167 48 
156 141 
180 94 
140 123 
14 118 
155 184 
75 124 
25 42 
55 31 
76 73 
87 23 
147 1 
20 60 
134 102 
6 20 
158 29 
170 165 
129 86 
97 2 
185 118 
180 63 
61 73 
16 12 
171 158 
24 185 
143 104 
19 41 
159 94 
100 116 
131 98 
126 103 
76 41 
127 95 
112 87 
142 40 
116 168 
59 7 
166 60 
157 145 
28 141 
55 178 
98 144 
54 136 
20 12 
67 37 
131 40 
174 57 
37 2 
81 72 
75 7 
169 173 
44 17 
52 134 
145 61 
163 68 
138 8 
59 130 
111 38 
70 99 
55 151 
6 13 
29 129 
24 183 
139 124 
70 48 
149 27 
109 23 
86 117 
184 70 
43 20 
110 160 
122 8 
83 7 
148 150 
75 10 
177 38 
174 139 
21 157 
71 42 
93 147 
37 69 
43 143 
86 167 
11 141 
133 135 
36 158 
128 82 
114 155 
180 144 
151 15 
75 59 
155 121 
91 84 
103 99 
18 115 
119 165 
30 14 
126 87 
97 112 
159 79 
38 130 
110 61 
105 137 
31 126 
127 67 
162 159 
171 2 
84 185 
104 78 
113 144 
167 121 
159 55 
36 93 
36 29 
58 30 
93 95 
108 43 
89 35 
57 154 
168 64 
126 171 
27 10 
32 48 
85 136 
105 63 
61 148 
64 142 
129 45 
185 28 
175 87 
177 2 
26 155 
27 18 
155 10 
22 90 
187 41 
110 101 
47 179 
186 180 
137 26 
177 120 
58 140 
54 24 
83 28 
122 100 
108 141 
75 30 
13 87 
72 19 
7 15 
164 22 
144 107 
37 65 
95 163 
79 32 
175 140 
43 180 
93 106 
115 94 
159 152 
42 186 
67 98 
140 105 
162 93 
46 37 
58 129 
169 76 
73 32 
15 62 
86 124 
139 120 
85 137 
161 63 
87 57 
166 160 
134 185 
168 160 
8 95 
102 138 
140 170 
187 81 
89 181 
179 161 
12 49 
101 90 
3 47 
151 95 
78 14 
10 88 
136 74 
83 109 
57 140 
113 130 
43 156 
178 69 
38 96 
144 153 
110 173 
120 128 
53 108 
34 175 
72 61 
55 54 
46 11 
60 37 
19 17 
166 104 
106 157 
114 70 
99 181 
16 123 
185 49 
142 68 
178 161 
137 25 
65 71 
3 49 
5 185 
142 67 
85 106 
89 31 
122 60 
66 53 
80 9 
185 147 
45 125 
34 182 
26 96 
114 17 
120 38 
170 36 
59 5 
126 16 
62 67 
102 62 
131 46 
77 109 
165 56 
161 152 
37 126 
121 156 
118 91 
126 180 
125 128 
14 124 
102 48 
5 118 
112 134 
128 2 
47 89 
166 70 
161 85 
158 168 
76 118 
171 181 
158 149 
124 116 
23 161 
177 74 
132 52 
30 129 
64 27 
157 119 
147 175 
166 150 
130 55 
8 68 
14 146 
84 51 
163 15 
81 27 
56 39 
176 35 
83 18 
114 8 
81 119 
175 53 
158 107 
165 97 
56 128 
126 46 
73 43 
114 13 
5 96 
175 99 
127 114 
64 72 
86 100 
151 166 
153 111 
100 159 
175 98 
145 96 
185 123 
36 123 
31 2 
10 50 
107 112 
11 169 
147 4 
53 18 
17 29 
72 133 
133 44 
24 1 
107 171 
103 85 
185 136 
6 45 
115 96 
75 164 
162 165 
77 171 
162 5 
148 5 
87 170 
160 55 
184 147 
66 1 
26 95 
51 61 
143 61 
183 110 
149 83 
26 94 
5 106 
37 92 
184 105 
177 35 
49 58 
87 137 
156 111 
88 126 
98 179 
155 38 
68 108 
173 46 
83 134 
177 33 
159 82 
25 75 
43 164 
55 109 
114 143 
133 68 
146 143 
44 122 
159 101 
43 101 
44 147 
90 98 
63 128 
91 70 
81 139 
52 149 
45 166 
125 9 
66 186 
92 71 
117 40 
132 103 
151 163 
152 169 
43 97 
115 30 
140 94 
155 24 
149 20 
167 143 
130 14 
147 82 
130 5 
28 1 
186 101 
109 89 
109 75 
117 116 
147 22 
144 17 
160 141 
79 70 
185 38 
9 38 
41 25 
32 52 
152 61 
173 62 
28 85 
55 93 
67 94 
9 19 
180 71 
37 19 
89 113 
91 29 
169 168 
18 160 
119 21 
16 146 
66 92 
66 121 
37 104 
158 170 
157 186 
149 117 
26 98 
107 149 
144 40 
139 35 
37 33 
52 184 
59 6 
21 115 
129 33 
130 96 
157 81 
158 157 
108 184 
5 3 
100 43 
61 180 
67 69 
69 7 
27 97 
12 170 
100 71 
60 165 
68 185 
98 117 
51 30 
49 125 
119 18 
107 46 
30 170 
142 179 
81 183 
141 159 
157 166 
5 179 
160 131 
75 121 
104 73 
92 147 
109 128 
69 129 
180 120 
177 171 
177 182 
70 150 
110 151 
57 145 
81 48 
49 184 
113 111 
143 51 
178 176 
82 97 
61 175 
102 99 
9 153 
70 143 
129 103 
180 85 
32 152 
11 111 
117 45 
87 147 
169 55 
51 75 
84 78 
50 183 
31 88 
44 88 
70 71 
70 129 
183 140 
60 82 
111 34 
176 70 
57 2 
1 112 
54 170 
11 66 
41 20 
12 59 
168 48 
94 179 
16 62 
177 76 
34 104 
110 145 
157 32 
181 36 
141 122 
157 146 
15 182 
158 61 
91 37 
63 8 
48 112 
148 24 
49 19 
118 51 
91 123 
125 178 
12 67 
9 60 
182 35 
1 182 
127 92 
123 48 
144 145 
71 49 
34 56 
103 184 
138 166 
66 109 
146 2 
25 102 
115 4 
108 87 
88 82 
90 76 
93 132 
8 70 
29 175 
29 98 
106 30 
90 105 
67 17 
2 76 
64 2 
9 175 
118 33 
68 165 
155 133 
95 148 
7 21 
94 169 
22 135 
30 177 
88 57 
135 109 
17 32 
90 135 
117 121 
184 117 
169 186 
10 4 
143 141 
78 79 
18 67 
14 149 
85 87 
120 75 
24 66 
89 166 
77 22 
33 180 
120 35 
181 149 
18 20 
158 45 
88 21 
37 187 
124 70 
134 90 
181 48 
15 167 
163 124 
122 84 
157 132 
63 89 
147 173 
39 55 
56 109 
63 32 
70 117 
111 179 
165 127 
45 136 
29 147 
49 74 
150 125 
159 125 
102 178 
150 41 
25 12 
101 187 
82 170 
97 83 
95 21 
129 43 
121 60 
110 77 
165 67 
55 156 
31 86 
88 153 
79 109 
181 42 
3 25 
130 151 
45 138 
43 39 
80 102 
68 136 
67 82 
39 117 
79 91 
47 45 
88 35 
155 150 
81 57 
62 37 
129 1 
181 20 
79 71 
106 175 
109 132 
104 74 
65 182 
69 149 
18 57 
46 178 
139 144 
44 176 
177 103 
177 46 
182 128 
21 164 
108 127 
33 182 
129 54 
63 77 
126 163 
133 144 
118 156 
24 153 
51 110 
123 55 
64 173 
34 163 
3 67 
43 173 
146 90 
117 153 
136 110 
95 177 
107 98 
123 57 
101 32 
93 122 
38 151 
119 112 
96 135 
167 178 
75 54 
47 111 
47 18 
164 149 
46 60 
103 156 
154 178 
141 169 
46 180 
110 100 
132 8 
13 166 
135 148 
93 92 
117 155 
10 78 
16 15 
175 172 
174 65 
9 167 
115 79 
21 85 
59 47 
175 117 
91 179 
18 174 
133 187 
89 16 
150 44 
58 111 
138 145 
64 114 
71 13 
146 101 
48 10 
47 74 
96 68 
142 19 
120 67 
9 47 
158 173 
138 26 
175 23 
81 112 
179 16 
86 92 
22 110 
102 3 
1 73 
20 7 
5 61 
28 80 
57 13 
181 68 
101 92 
95 170 
9 132 
114 166 
16 134 
157 77 
84 137 
8 34 
53 55 
110 112 
16 128 
80 109 
106 55 
118 12 
11 72 
8 20 
131 132 
67 66 
69 176 
110 150 
186 184 
103 72 
108 148 
129 9 
4 23 
172 125 
143 65 
160 32 
154 51 
94 119 
163 6 
91 89 
26 179 
110 64 
132 187 
43 35 
133 42 
57 58 
8 86 
136 123 
17 6 
164 155 
91 61 
18 101 
75 112 
47 172 
122 173 
25 141 
128 157 
28 84 
30 184 
39 61 
138 9 
84 166 
36 159 
81 39 
180 165 
159 39 
137 44 
33 123 
48 74 
96 133 
116 54 
165 54 
148 115 
107 182 
66 54 
130 95 
59 186 
8 76 
160 75 
69 49 
48 44 
155 17 
101 83 
162 187 
187 149 
139 176 
27 2 
125 38 
43 56 
166 49 
124 12 
170 22 
49 132 
143 135 
83 125 
19 114 
112 15 
129 55 
69 135 
52 10 
49 63 
128 59 
76 100 
48 151 
123 118 
177 25 
152 156 
182 151 
165 176 
36 63 
114 34 
51 47 
33 149 
72 124 
48 24 
182 149 
180 15 
42 37 
121 47 
45 71 
50 123 
70 36 
31 182 
99 111 
173 93 
108 137 
152 8 
168 110 
161 87 
179 28 
51 101 
67 46 
154 117 
161 186 
78 123 
105 55 
108 134 
182 147 
6 116 
163 71 
82 98 
105 11 
186 175 
172 97 
162 164 
13 27 
41 165 
79 105 
96 126 
139 102 
161 147 
45 80 
48 144 
11 182 
48 60 
168 84 
182 17 
149 132 
182 62 
21 70 
88 60 
175 103 
35 180 
109 125 
111 175 
6 102 
107 133 
29 87 
164 158 
72 66 
147 46 
57 34 
82 162 
126 53 
35 85 
81 136 
80 177 
42 20 
60 67 
39 185 
107 113 
45 100 
112 113 
141 79 
181 10 
132 177 
13 130 
91 113 
23 98 
42 77 
37 68 
93 181 
84 141 
132 162 
30 179 
156 173 
33 82 
60 38 
144 115 
182 186 
128 64 
3 166 
64 42 
120 126 
83 155 
15 19 
43 99 
20 169 
106 63 
107 15 
55 52 
47 48 
147 135 
11 178 
75 141 
113 132 
19 28 
106 37 
151 60 
101 47 
41 128 
124 93 
97 10 
93 85 
82 148 
69 45 
91 130 
92 104 
166 5 
124 104 
180 37 
88 72 
150 135 
57 128 
68 17 
66 31 
155 172 
162 89 
117 78 
44 50 
80 122 
3 56 
134 61 
45 106 
146 115 
177 42 
123 86 
40 153 
100 91 
20 119 
157 48 
3 124 
187 25 
33 173 
105 128 
118 144 
47 151 
113 29 
19 63 
38 94 
168 126 
160 164 
85 174 
172 40 
133 146 
180 164 
166 27 
77 158 
12 61 
125 36 
110 117 
160 111 
37 143 
39 158 
109 61 
6 10 
62 71 
148 29 
41 64 
63 146 
177 40 
5 125 
76 101 
168 181 
93 24 
3 45 
36 24 
91 33 
147 31 
185 67 
141 83 
147 11 
45 164 
141 145 
158 83 
92 115 
126 147 
183 93 
93 33 
119 179 
105 32 
86 19 
79 152 
2 94 
89 10 
57 99 
104 170 
130 178 
24 145 
161 58 
148 125 
186 19 
112 96 
155 25 
141 7 
183 100 
117 3 
155 29 
39 76 
6 132 
68 186 
20 90 
116 184 
158 123 
39 118 
5 72 
95 69 
53 6 
75 150 
94 178 
182 67 
110 8 
87 11 
67 79 
121 170 
138 157 
87 99 
138 108 
79 140 
18 55 
185 77 
176 42 
23 35 
97 119 
88 169 
98 116 
10 154 
60 155 
91 167 
101 69 
17 146 
61 70 
13 118 
179 186 
51 71 
136 16 
122 36 
89 151 
62 162 
29 73 
135 161 
51 74 
121 20 
90 18 
180 139 
66 57 
186 143 
95 116 
41 108 
66 158 
3 39 
77 45 
74 50 
36 108 
153 176 
69 74 
117 158 
109 9 
135 4 
117 57 
124 11 
185 82 
127 159 
1 114 
45 68 
177 105 
136 12 
180 113 
153 43 
43 144 
62 76 
98 71 
116 140 
140 82 
24 56 
169 96 
28 48 
52 162 
163 131 
103 74 
2 176 
147 139 
84 66 
56 141 
144 5 
14 29 
159 134 
77 156 
117 7 
79 9 
185 47 
7 47 
124 185 
123 12 
111 98 
47 75 
128 77 
136 71 
80 10 
148 13 
98 127 
55 117 
94 27 
101 1 
94 89 
62 120 
179 93 
20 2 
76 59 
128 159 
19 47 
145 16 
102 170 
21 78 
110 166 
82 131 
91 81 
113 53 
175 148 
124 126 
101 122 
163 65 
62 154 
52 9 
6 176 
61 114 
82 158 
51 31 
64 170 
84 102 
119 109 
142 147 
130 12 
107 29 
142 18 
73 63 
7 132 
185 141 
23 181 
174 31 
45 144 
59 77 
10 143 
61 26 
77 165 
91 95 
94 21 
13 51 
93 140 
168 79 
180 50 
142 90 
107 97 
52 33 
118 47 
104 147 
164 104 
107 141 
153 134 
36 80 
171 160 
105 30 
70 23 
96 174 
44 130 
36 53 
169 81 
95 182 
40 61 
109 151 
107 72 
165 145 
168 11 
44 132 
31 91 
90 4 
97 48 
82 135 
25 148 
96 81 
116 171 
41 42 
46 33 
104 125 
100 125 
29 72 
164 63 
72 38 
156 85 
63 165 
141 76 
93 161 
127 48 
17 56 
46 88 
126 179 
159 97 
17 57 
72 119 
125 25 
59 98 
185 121 
37 77 
45 36 
24 138 
90 144 
6 63 
147 163 
133 116 
150 64 
107 138 
2 113 
27 24 
136 156 
113 83 
81 160 
139 164 
129 185 
53 45 
108 78 
98 156 
97 128 
105 7 
62 161 
149 165 
182 98 
32 131 
62 30 
98 16 
83 140 
90 176 
95 63 
19 83 
171 90 
141 10 
111 90 
38 87 
140 159 
21 65 
75 29 
35 16 
102 142 
89 82 
181 74 
35 50 
97 62 
30 26 
86 134 
79 36 
150 116 
16 91 
58 116 
52 155 
51 54 
160 54 
161 10 
44 74 
140 179 
159 59 
71 41 
141 81 
138 85 
29 187 
166 31 
5 102 
10 153 
67 163 
11 41 
71 46 
132 40 
90 39 
144 59 
52 84 
116 89 
112 35 
27 22 
168 149 
9 51 
15 133 
168 89 
57 5 
151 126 
173 2 
152 142 
119 42 
56 121 
25 40 
29 42 
113 72 
185 120 
16 53 
71 177 
129 40 
28 55 
163 84 
54 11 
46 176 
96 62 
144 112 
166 18 
47 58 
41 156 
142 118 
148 102 
46 65 
122 154 
187 115 
12 87 
83 26 
75 56 
115 87 
15 150 
170 182 
180 68 
3 28 
123 65 
114 151 
55 36 
141 49 
35 36 
36 171 
143 14 
22 55 
90 16 
167 53 
59 119 
142 14 
177 32 
28 9 
133 65 
152 151 
182 141 
124 43 
177 159 
173 177 
49 162 
10 149 
166 183 
79 2 
119 124 
85 33 
63 61 
73 53 
114 176 
128 116 
67 126 
94 185 
119 142 
170 146 
56 95 
48 77 
154 76 
96 128 
79 82 
38 1 
1 42 
13 24 
115 56 
51 146 
108 109 
162 103 
25 76 
150 124 
91 133 
135 129 
75 175 
94 33 
69 26 
111 184 
48 41 
143 119 
45 132 
150 153 
92 1 
115 185 
185 159 
70 73 
52 18 
151 144 
153 23 
121 38 
149 32 
141 176 
140 13 
26 49 
121 68 
103 32 
26 129 
61 104 
5 99 
105 17 
141 164 
176 84 
136 80 
40 113 
126 174 
66 77 
114 81 
77 124 
83 48 
86 10 
101 55 
84 107 
162 157 
54 30 
29 49 
34 107 
9 110 
169 42 
173 56 
132 19 
144 184 
137 183 
37 127 
38 186 
43 64 
171 102 
67 21 
129 13 
89 5 
21 35 
103 144 
152 166 
171 42 
166 165 
1 104 
138 109 
173 25 
49 168 
69 81 
172 137 
141 168 
69 33 
142 93 
169 166 
4 86 
98 18 
148 53 
137 2 
61 79 
84 25 
130 54 
68 92 
132 98 
63 46 
97 171 
1 176 
79 63 
166 113 
142 186 
69 108 
151 184 
113 150 
91 20 
184 125 
80 112 
93 145 
103 37 
181 150 
17 78 
78 23 
80 141 
159 74 
53 1 
129 96 
61 171 
185 21 
97 184 
172 128 
68 28 
47 135 
181 163 
143 86 
85 83 
56 32 
97 170 
145 60 
113 14 
31 44 
11 134 
103 38 
134 181 
140 7 
36 51 
140 68 
157 14 
79 151 
129 126 
172 163 
71 85 
76 63 
84 160 
173 27 
21 148 
91 153 
88 132 
127 138 
70 5 
153 141 
114 92 
103 174 
163 140 
7 29 
11 106 
2 13 
14 107 
185 85 
44 125 
129 3 
79 57 
3 106 
103 70 
108 23 
30 126 
85 81 
122 14 
159 3 
174 95 
21 61 
101 158 
108 51 
58 142 
17 111 
55 1 
73 176 
134 97 
163 111 
76 156 
110 139 
149 80 
43 5 
56 92 
133 59 
149 162 
155 123 
170 126 
19 111 
129 109 
70 90 
150 27 
105 147 
87 107 
65 53 
113 104 
39 165 
13 142 
80 161 
52 28 
12 139 
102 83 
107 163 
145 37 
67 107 
182 64 
51 164 
40 10 
66 123 
161 100 
31 41 
15 91 
119 51 
99 154 
24 179 
54 163 
82 176 
116 75 
73 60 
56 178 
175 41 
137 12 
108 172 
146 112 
55 37 
42 157 
85 4 
78 25 
8 165 
107 146 
19 106 
70 118 
88 85 
152 99 
123 26 
48 30 
58 119 
96 106 
143 33 
149 73 
60 4 
114 107 
98 5 
130 75 
179 33 
108 25 
