121 4703 
109 156 19 126 205 81 62 41 18 181 37 132 55 144 60 183 229 291 61 153 285 132 42 86 120 119 57 100 225 67 139 121 13 254 95 123 94 112 104 191 65 141 238 97 104 284 131 197 289 69 32 55 85 222 181 8 209 167 177 70 7 37 1 240 280 33 25 178 214 288 64 94 91 114 220 82 74 38 1 11 49 128 16 15 9 80 110 135 6 166 247 2 80 163 77 226 252 202 53 151 222 261 145 196 214 214 124 106 285 38 237 284 56 68 237 188 126 255 274 267 115 
4 3 
113 89 
23 40 
104 6 
75 15 
59 11 
67 73 
99 63 
105 47 
44 50 
90 68 
101 71 
25 27 
64 78 
77 112 
96 66 
109 64 
61 95 
20 31 
83 47 
96 71 
113 33 
23 55 
15 53 
69 95 
59 108 
76 16 
77 52 
52 112 
56 106 
114 32 
111 12 
61 33 
108 56 
103 32 
50 78 
63 88 
70 15 
88 5 
33 38 
59 121 
80 39 
114 21 
26 79 
89 35 
12 45 
26 45 
105 27 
49 30 
82 83 
80 9 
28 86 
31 83 
69 26 
75 98 
52 36 
64 63 
32 90 
22 30 
87 57 
117 65 
118 64 
118 92 
72 30 
91 66 
27 83 
77 111 
24 78 
45 61 
86 52 
111 107 
22 62 
86 93 
48 92 
54 118 
14 32 
29 16 
17 71 
44 93 
57 111 
7 57 
109 95 
111 114 
108 74 
114 106 
111 66 
70 106 
55 40 
34 72 
104 62 
70 6 
118 87 
53 12 
66 89 
10 37 
38 67 
44 31 
50 103 
81 106 
31 71 
27 80 
34 36 
93 8 
95 57 
97 36 
73 115 
57 92 
91 8 
57 42 
30 7 
19 94 
13 108 
6 56 
110 63 
20 105 
95 54 
20 73 
93 96 
71 18 
18 46 
44 78 
32 36 
59 94 
57 104 
120 85 
12 90 
29 84 
98 37 
11 79 
12 110 
117 29 
74 70 
115 49 
40 34 
14 52 
31 41 
67 19 
26 17 
117 3 
100 80 
80 117 
100 30 
10 34 
60 18 
65 88 
20 28 
83 111 
85 7 
97 64 
41 75 
120 48 
85 98 
105 9 
61 3 
100 53 
80 76 
60 117 
69 70 
113 69 
112 107 
8 41 
101 120 
3 6 
10 73 
100 56 
94 40 
6 54 
40 86 
95 17 
117 71 
19 43 
91 86 
84 37 
70 13 
70 109 
16 81 
102 98 
12 19 
75 87 
104 39 
34 91 
76 68 
83 42 
13 90 
92 72 
41 5 
46 68 
73 65 
103 111 
70 75 
23 15 
26 15 
113 63 
15 102 
57 80 
23 98 
46 12 
88 70 
17 2 
102 29 
41 86 
90 47 
95 102 
6 87 
11 15 
71 70 
98 34 
45 4 
97 7 
94 77 
32 31 
118 98 
35 98 
32 53 
9 71 
110 58 
30 24 
116 49 
101 99 
119 16 
40 45 
73 109 
48 52 
107 113 
77 103 
116 92 
76 100 
52 45 
63 85 
46 110 
80 60 
111 92 
84 10 
53 38 
47 54 
50 93 
56 105 
8 38 
60 113 
73 81 
115 116 
121 8 
87 33 
27 57 
41 38 
48 41 
97 60 
119 38 
104 43 
37 106 
53 101 
120 75 
104 64 
75 31 
108 115 
104 70 
31 97 
120 105 
13 107 
56 40 
67 84 
66 1 
59 1 
98 92 
102 50 
36 19 
53 71 
97 23 
45 43 
121 55 
116 67 
52 98 
30 63 
48 71 
15 118 
37 54 
56 18 
32 108 
61 100 
103 120 
88 31 
50 111 
94 117 
40 113 
89 54 
4 76 
81 17 
43 117 
121 91 
112 59 
76 20 
76 5 
21 113 
70 97 
53 20 
75 61 
81 102 
92 85 
106 101 
118 52 
15 5 
92 23 
51 70 
118 45 
38 93 
4 115 
67 17 
10 88 
87 37 
14 41 
74 44 
51 43 
121 6 
50 40 
57 107 
87 2 
30 6 
116 77 
75 16 
70 35 
26 109 
4 50 
86 37 
62 100 
40 37 
121 16 
100 78 
102 53 
104 7 
109 5 
13 89 
3 2 
41 92 
68 33 
54 109 
36 116 
49 13 
27 89 
79 58 
85 66 
5 63 
108 51 
94 52 
82 118 
75 9 
68 12 
95 114 
95 13 
97 54 
30 17 
79 102 
94 86 
101 103 
101 119 
91 78 
66 52 
92 86 
3 74 
97 115 
101 46 
117 16 
10 66 
2 68 
64 100 
108 17 
1 75 
14 30 
48 88 
14 18 
55 13 
59 17 
37 88 
63 40 
108 12 
26 19 
11 63 
35 120 
66 23 
113 85 
85 8 
8 24 
121 117 
118 74 
41 46 
56 113 
5 4 
8 61 
33 16 
118 34 
35 81 
94 44 
45 75 
34 71 
28 69 
103 67 
92 2 
66 120 
69 110 
2 5 
43 91 
4 111 
65 12 
70 16 
53 6 
36 48 
45 98 
55 2 
79 38 
17 118 
108 75 
55 71 
6 2 
84 47 
72 59 
90 103 
65 37 
70 83 
43 6 
52 11 
5 27 
50 97 
31 110 
14 78 
95 24 
109 118 
70 80 
25 111 
97 5 
118 93 
8 28 
93 59 
36 62 
108 14 
110 72 
121 29 
2 109 
13 98 
78 6 
22 86 
23 7 
77 117 
98 96 
13 30 
15 97 
11 62 
31 93 
42 115 
67 80 
105 82 
101 56 
5 106 
105 16 
63 80 
112 111 
8 69 
14 16 
10 99 
61 11 
2 51 
2 114 
87 21 
95 89 
114 75 
29 25 
119 88 
4 79 
107 81 
115 35 
118 121 
54 72 
29 71 
49 36 
42 101 
21 10 
66 71 
114 117 
106 54 
45 44 
63 2 
117 89 
41 114 
53 112 
6 71 
89 9 
60 28 
44 55 
11 7 
84 95 
91 52 
16 22 
44 59 
86 102 
59 83 
34 38 
115 21 
117 113 
100 26 
79 37 
29 30 
120 53 
117 13 
49 102 
26 65 
32 115 
100 34 
35 79 
99 100 
62 66 
120 83 
76 30 
88 52 
61 6 
26 4 
105 65 
38 80 
94 11 
43 108 
65 29 
100 118 
57 26 
97 109 
96 7 
86 120 
104 19 
115 95 
76 86 
45 89 
62 63 
83 55 
8 49 
72 103 
104 67 
29 59 
85 68 
91 31 
20 38 
2 93 
76 105 
38 109 
65 92 
71 100 
87 112 
9 6 
103 94 
109 33 
30 58 
71 105 
89 42 
38 70 
121 56 
46 80 
44 21 
48 108 
28 34 
93 76 
90 10 
4 81 
71 95 
121 71 
13 74 
56 64 
72 61 
11 105 
41 104 
67 99 
45 58 
98 21 
79 72 
112 78 
5 102 
44 15 
18 100 
115 84 
19 49 
3 54 
93 58 
114 10 
29 22 
36 37 
55 57 
101 92 
37 8 
61 119 
68 24 
75 30 
13 115 
99 116 
64 66 
27 65 
15 32 
97 58 
21 79 
99 79 
23 64 
116 117 
117 9 
22 27 
113 88 
70 61 
100 81 
105 51 
68 111 
45 25 
79 107 
10 43 
70 4 
93 92 
103 34 
17 77 
86 53 
111 52 
5 11 
84 94 
29 15 
54 43 
2 30 
23 47 
66 36 
35 26 
9 39 
78 82 
44 100 
104 119 
55 54 
36 18 
28 29 
67 40 
105 77 
7 2 
4 62 
74 104 
118 103 
44 120 
27 85 
120 98 
108 19 
64 101 
27 18 
110 27 
97 98 
20 89 
118 20 
36 92 
83 102 
44 90 
77 33 
38 100 
103 55 
49 50 
4 85 
100 74 
12 95 
107 116 
62 119 
106 120 
114 19 
82 107 
4 49 
110 3 
55 35 
101 19 
37 56 
79 95 
5 85 
85 30 
119 23 
67 82 
73 80 
59 66 
69 105 
21 50 
95 70 
40 78 
70 58 
45 69 
40 44 
98 81 
2 59 
25 108 
50 53 
86 98 
30 79 
116 90 
54 39 
12 82 
84 51 
106 57 
31 121 
8 81 
27 34 
45 13 
53 19 
21 23 
54 32 
84 20 
34 80 
46 42 
99 52 
120 63 
116 69 
108 18 
5 84 
4 55 
77 102 
25 11 
14 39 
27 59 
1 106 
21 27 
70 17 
42 16 
54 70 
108 96 
2 94 
85 102 
25 48 
69 27 
99 109 
50 109 
43 86 
55 42 
83 20 
94 5 
90 86 
34 32 
114 110 
52 1 
71 103 
119 15 
36 21 
70 103 
57 28 
118 5 
116 120 
98 59 
72 14 
81 11 
70 25 
14 60 
18 19 
43 21 
10 6 
34 39 
81 70 
64 108 
20 106 
53 14 
2 38 
104 2 
102 52 
26 87 
109 1 
105 19 
107 51 
34 68 
76 63 
36 17 
33 116 
3 43 
4 64 
12 67 
76 119 
73 53 
73 83 
18 95 
11 42 
97 44 
110 65 
72 63 
54 114 
40 31 
118 57 
106 36 
87 5 
32 99 
63 15 
1 46 
103 97 
20 43 
23 8 
85 99 
98 64 
55 12 
40 10 
44 42 
18 106 
59 97 
10 32 
43 46 
49 6 
104 59 
75 55 
91 10 
105 29 
46 107 
120 46 
3 49 
69 75 
111 42 
14 27 
45 30 
46 51 
20 14 
53 10 
15 31 
72 22 
74 102 
62 70 
63 45 
92 113 
23 4 
59 10 
83 89 
34 26 
95 85 
87 23 
14 104 
109 29 
58 75 
43 48 
84 72 
119 53 
17 49 
79 111 
9 102 
76 99 
9 8 
40 14 
28 54 
25 86 
18 89 
50 113 
80 79 
68 96 
82 109 
113 18 
86 48 
104 46 
11 121 
59 16 
80 106 
68 15 
19 86 
43 94 
11 108 
74 64 
113 77 
61 92 
108 86 
29 35 
62 68 
91 59 
75 35 
78 102 
110 90 
109 77 
58 20 
14 102 
1 18 
92 44 
72 38 
75 56 
8 52 
66 35 
83 5 
45 99 
63 48 
26 111 
100 1 
96 76 
44 109 
11 116 
28 76 
40 28 
94 114 
82 48 
70 60 
16 78 
4 101 
59 36 
21 62 
69 88 
40 3 
52 25 
92 59 
84 19 
99 87 
99 9 
101 16 
74 94 
5 98 
39 40 
6 116 
110 57 
5 121 
41 88 
23 108 
101 15 
82 119 
121 67 
27 13 
7 84 
103 60 
81 54 
115 96 
6 44 
118 116 
93 117 
59 12 
45 106 
61 41 
52 61 
116 8 
120 4 
23 73 
19 75 
8 87 
75 50 
40 20 
51 78 
14 79 
53 42 
2 45 
99 75 
28 117 
23 113 
82 120 
63 65 
61 4 
75 90 
16 30 
33 10 
54 69 
13 53 
5 35 
93 121 
94 82 
64 42 
11 3 
53 33 
31 18 
87 30 
21 16 
118 13 
19 90 
47 61 
21 70 
101 49 
25 39 
10 106 
40 104 
10 70 
10 54 
57 19 
19 89 
7 83 
81 117 
13 87 
57 40 
118 79 
51 91 
73 1 
28 121 
75 28 
121 1 
115 90 
81 76 
52 57 
76 31 
65 50 
25 58 
31 68 
23 117 
33 69 
61 111 
36 43 
54 94 
69 53 
27 4 
68 67 
16 47 
100 12 
42 35 
31 85 
3 102 
57 25 
37 71 
69 93 
98 39 
51 110 
3 92 
92 15 
58 64 
58 101 
72 56 
33 50 
113 29 
53 105 
94 121 
10 102 
108 85 
111 36 
67 83 
12 34 
116 63 
70 84 
41 99 
104 3 
14 1 
48 27 
48 39 
34 97 
101 60 
13 97 
88 19 
70 64 
22 31 
62 9 
43 58 
47 12 
10 45 
44 115 
96 88 
117 54 
2 57 
113 83 
59 26 
107 26 
71 35 
115 47 
120 73 
33 6 
85 50 
98 113 
87 34 
115 57 
110 64 
109 12 
45 16 
87 42 
87 39 
111 45 
30 120 
101 39 
63 38 
4 8 
55 74 
104 97 
24 12 
3 94 
109 35 
43 64 
59 40 
18 17 
22 116 
82 23 
56 69 
76 25 
90 40 
50 2 
59 85 
56 66 
60 92 
116 50 
29 77 
64 53 
115 54 
28 15 
107 22 
31 73 
79 103 
15 48 
120 14 
89 50 
89 107 
72 19 
74 88 
59 18 
73 24 
114 66 
70 32 
11 37 
54 73 
19 7 
9 29 
103 104 
63 23 
16 56 
88 24 
29 98 
110 77 
39 72 
109 76 
13 109 
72 115 
38 4 
33 82 
44 57 
15 18 
72 15 
95 49 
36 99 
90 78 
29 49 
89 120 
85 17 
11 31 
73 37 
23 72 
57 94 
46 91 
115 92 
110 59 
19 51 
76 55 
90 57 
58 105 
76 9 
102 55 
72 73 
113 93 
9 116 
36 16 
86 63 
56 55 
106 104 
18 90 
121 43 
71 36 
38 118 
23 114 
94 58 
27 2 
47 113 
8 50 
66 106 
91 101 
95 75 
78 38 
33 89 
119 29 
24 32 
27 43 
34 109 
108 111 
107 54 
117 115 
95 33 
49 97 
72 106 
98 22 
18 117 
78 1 
99 47 
7 90 
13 47 
81 58 
4 109 
39 106 
67 46 
37 50 
100 45 
8 112 
80 108 
6 108 
117 83 
6 120 
57 75 
52 13 
23 50 
72 41 
32 91 
87 43 
20 65 
55 36 
58 53 
54 46 
32 40 
55 106 
47 79 
67 48 
36 10 
40 100 
79 91 
71 23 
51 77 
44 25 
119 4 
90 74 
112 30 
89 39 
77 19 
70 34 
67 22 
84 55 
84 17 
80 114 
53 77 
16 26 
116 66 
82 7 
119 103 
33 22 
5 3 
111 63 
57 86 
108 72 
18 37 
91 50 
108 61 
80 26 
26 72 
111 75 
73 90 
21 102 
14 116 
82 106 
43 111 
51 68 
91 107 
59 35 
48 32 
81 89 
74 31 
30 23 
76 92 
92 11 
26 5 
92 58 
14 62 
44 19 
21 7 
77 44 
14 91 
42 6 
25 91 
55 80 
35 91 
114 1 
57 96 
39 113 
32 25 
44 36 
62 92 
49 33 
23 13 
55 25 
93 23 
18 57 
48 78 
111 60 
98 91 
49 2 
22 3 
20 110 
44 18 
21 37 
45 83 
4 30 
10 30 
87 20 
89 59 
100 94 
85 48 
76 79 
6 102 
62 67 
11 41 
91 22 
10 28 
93 22 
90 101 
37 96 
68 65 
82 63 
92 9 
11 118 
61 67 
15 36 
36 56 
61 57 
57 17 
63 57 
63 68 
70 110 
36 117 
1 26 
51 97 
116 26 
44 65 
48 74 
112 118 
110 19 
58 60 
41 34 
76 10 
49 45 
75 32 
86 24 
19 1 
29 36 
77 15 
30 110 
78 15 
113 71 
120 3 
68 84 
31 42 
117 88 
97 82 
114 101 
89 53 
51 71 
102 57 
92 39 
118 56 
109 31 
39 26 
78 103 
88 95 
74 76 
63 29 
81 29 
32 113 
32 2 
65 46 
55 16 
85 52 
65 36 
14 88 
29 101 
67 113 
119 73 
60 4 
110 50 
24 9 
33 71 
78 94 
72 89 
120 65 
84 18 
100 4 
89 69 
43 66 
73 118 
113 53 
41 83 
65 86 
36 14 
33 80 
50 17 
108 83 
98 24 
32 12 
78 119 
91 120 
107 80 
33 60 
17 31 
107 61 
31 45 
81 95 
83 11 
71 73 
99 43 
19 3 
54 16 
78 31 
97 26 
15 40 
77 61 
19 13 
67 90 
69 104 
91 58 
7 38 
87 67 
6 106 
60 27 
120 97 
53 79 
24 13 
85 26 
110 9 
120 100 
60 86 
90 87 
49 87 
23 67 
35 108 
78 121 
40 43 
32 74 
121 81 
17 43 
41 51 
29 92 
93 89 
95 91 
5 16 
20 21 
79 82 
58 13 
120 79 
76 111 
118 22 
18 98 
13 110 
114 20 
110 44 
75 113 
17 64 
107 105 
21 39 
38 5 
12 72 
119 46 
111 17 
36 105 
117 46 
111 65 
3 55 
69 120 
77 10 
35 72 
117 22 
18 68 
42 62 
61 101 
106 113 
13 16 
5 40 
101 22 
57 100 
66 58 
30 40 
71 61 
15 82 
46 9 
92 55 
89 90 
23 76 
81 22 
30 60 
112 54 
99 50 
57 88 
85 51 
54 29 
50 68 
118 76 
117 109 
46 50 
33 108 
116 93 
104 28 
10 98 
68 20 
73 8 
112 104 
20 44 
81 2 
49 107 
111 117 
72 62 
121 84 
115 93 
49 37 
18 114 
98 67 
85 1 
104 91 
77 24 
38 90 
66 100 
19 81 
115 103 
42 8 
97 116 
51 14 
29 110 
81 108 
120 59 
103 45 
81 39 
111 62 
77 20 
42 119 
8 45 
73 28 
65 16 
7 116 
22 80 
65 5 
61 54 
16 71 
32 9 
45 19 
38 19 
39 2 
35 50 
70 30 
11 17 
40 66 
88 99 
84 106 
1 44 
81 49 
35 83 
50 10 
102 67 
104 32 
52 93 
47 76 
71 98 
106 3 
64 60 
108 63 
2 121 
13 76 
96 1 
34 17 
69 23 
53 22 
13 79 
61 105 
65 106 
67 96 
35 67 
30 115 
83 81 
121 19 
41 44 
47 1 
63 95 
108 38 
2 44 
35 64 
41 20 
65 103 
70 47 
112 17 
57 34 
47 86 
68 70 
65 14 
13 119 
84 87 
44 34 
58 24 
12 117 
64 10 
68 1 
50 108 
63 21 
3 119 
106 42 
43 97 
84 53 
25 65 
52 59 
27 70 
101 2 
88 17 
72 33 
7 44 
110 8 
28 95 
72 18 
12 115 
28 21 
33 15 
98 116 
25 75 
118 60 
23 112 
40 99 
47 81 
104 111 
16 48 
71 19 
24 29 
74 65 
29 23 
88 3 
74 52 
54 35 
73 44 
94 32 
48 54 
23 103 
63 77 
70 121 
88 21 
40 74 
53 75 
50 6 
77 87 
95 50 
32 22 
56 20 
68 80 
62 90 
51 53 
97 39 
97 18 
27 16 
22 15 
1 65 
105 79 
93 55 
60 105 
29 56 
98 74 
85 6 
86 87 
63 35 
21 101 
73 56 
48 117 
66 24 
4 6 
87 80 
100 32 
98 15 
6 15 
115 45 
32 88 
8 99 
69 80 
98 66 
96 111 
22 9 
44 96 
39 20 
46 20 
69 48 
48 89 
71 94 
83 88 
90 45 
80 115 
14 105 
25 71 
72 47 
84 44 
6 27 
6 31 
84 80 
14 97 
71 119 
28 100 
86 85 
97 24 
12 91 
93 65 
73 107 
98 44 
64 34 
18 41 
60 110 
94 67 
107 97 
120 29 
27 99 
83 72 
98 73 
58 111 
116 44 
9 95 
42 30 
92 22 
107 58 
7 73 
93 110 
55 18 
99 42 
51 4 
82 20 
96 104 
22 99 
24 11 
49 118 
39 84 
25 7 
35 14 
95 101 
114 36 
103 39 
58 21 
24 17 
43 41 
109 20 
31 54 
26 84 
84 114 
65 78 
47 57 
30 59 
42 56 
82 81 
39 79 
77 119 
116 32 
24 87 
72 64 
46 83 
97 108 
18 47 
84 38 
63 53 
82 43 
64 89 
108 44 
114 68 
59 8 
31 82 
110 107 
12 18 
60 71 
35 85 
29 17 
76 17 
21 49 
15 4 
24 7 
114 37 
17 109 
50 28 
53 70 
14 34 
61 62 
33 23 
108 116 
12 21 
44 17 
22 75 
36 80 
60 90 
89 118 
72 60 
77 106 
75 86 
59 100 
37 119 
47 117 
92 102 
18 115 
86 77 
28 51 
61 19 
85 36 
67 14 
107 55 
20 17 
114 60 
117 59 
111 32 
79 16 
41 120 
16 7 
47 51 
36 84 
28 113 
22 13 
110 71 
58 49 
2 4 
48 49 
49 11 
22 56 
87 9 
105 46 
73 12 
96 22 
9 112 
11 95 
119 81 
62 26 
30 18 
86 33 
27 114 
83 36 
52 30 
35 69 
63 18 
56 70 
89 121 
57 56 
13 54 
49 24 
3 70 
87 108 
51 36 
28 109 
58 100 
116 79 
88 115 
86 38 
101 111 
6 66 
64 16 
110 47 
1 7 
16 28 
33 26 
120 19 
90 26 
81 13 
107 38 
3 27 
42 33 
6 112 
23 32 
105 13 
24 57 
24 5 
16 68 
47 69 
75 38 
101 110 
100 88 
3 87 
60 89 
42 51 
52 3 
114 40 
56 98 
86 10 
101 89 
36 79 
105 49 
118 75 
96 107 
89 99 
103 96 
49 52 
60 120 
93 36 
103 19 
76 87 
65 70 
5 71 
1 6 
9 65 
85 89 
75 110 
70 91 
7 99 
45 32 
76 8 
1 88 
73 114 
24 63 
67 39 
41 40 
27 44 
24 92 
46 40 
85 81 
65 8 
60 102 
46 56 
119 51 
86 59 
79 33 
103 99 
80 48 
110 62 
89 5 
58 96 
42 108 
3 65 
27 23 
39 85 
64 111 
116 105 
22 42 
113 73 
51 102 
65 75 
91 92 
67 53 
41 62 
81 86 
101 87 
25 8 
59 118 
77 49 
14 96 
105 2 
20 116 
11 16 
71 13 
28 114 
93 98 
94 46 
60 34 
83 98 
92 99 
119 84 
42 61 
15 3 
103 81 
37 3 
50 98 
97 113 
110 18 
78 53 
58 9 
1 92 
59 96 
26 12 
74 115 
105 40 
92 5 
64 38 
30 15 
5 78 
53 45 
82 113 
17 66 
24 120 
75 54 
81 28 
23 35 
30 98 
88 106 
65 22 
101 96 
64 8 
33 39 
117 85 
111 16 
43 70 
34 81 
101 12 
103 17 
61 121 
47 108 
57 29 
18 69 
60 46 
80 59 
112 116 
102 43 
69 115 
106 38 
67 47 
22 59 
31 27 
67 119 
47 5 
112 13 
31 66 
103 52 
29 1 
24 93 
69 49 
46 3 
32 95 
110 66 
90 120 
118 8 
113 10 
115 89 
76 11 
27 52 
63 78 
30 12 
8 14 
1 86 
20 119 
8 114 
92 84 
17 105 
106 33 
71 92 
47 104 
11 75 
74 42 
70 99 
97 28 
11 87 
95 31 
98 27 
113 8 
14 114 
23 89 
33 66 
119 83 
1 22 
102 97 
8 40 
5 25 
59 73 
10 80 
59 99 
95 105 
71 112 
77 83 
88 103 
93 101 
15 73 
22 25 
2 53 
32 6 
117 25 
3 89 
79 1 
95 72 
61 49 
37 30 
81 78 
6 17 
30 38 
1 82 
107 109 
19 37 
121 23 
98 80 
96 48 
15 81 
23 109 
99 23 
47 65 
5 56 
84 90 
78 33 
92 105 
30 56 
6 14 
38 95 
109 25 
117 74 
26 104 
32 98 
115 118 
74 43 
79 19 
55 105 
4 113 
101 28 
96 41 
59 14 
67 9 
56 114 
9 48 
63 73 
10 57 
70 9 
116 74 
21 25 
115 6 
4 75 
111 14 
66 104 
30 92 
63 4 
35 31 
22 36 
24 25 
57 65 
45 94 
82 9 
88 40 
24 33 
68 119 
92 26 
35 6 
115 67 
74 12 
106 16 
108 92 
4 58 
97 68 
88 84 
37 110 
121 46 
56 11 
26 27 
86 4 
80 102 
37 32 
106 31 
99 5 
18 86 
28 67 
80 16 
51 25 
58 56 
42 4 
90 81 
65 96 
103 38 
2 118 
107 31 
64 5 
78 61 
46 36 
101 31 
76 117 
104 71 
94 1 
75 74 
57 108 
53 115 
14 115 
90 104 
33 2 
70 14 
37 55 
108 37 
68 95 
60 87 
118 78 
53 5 
85 40 
101 116 
69 30 
18 20 
87 38 
41 107 
41 111 
71 47 
97 72 
91 54 
100 19 
51 109 
117 52 
7 47 
88 6 
73 60 
43 93 
17 74 
43 85 
2 22 
8 19 
71 69 
41 117 
60 83 
113 44 
86 67 
46 39 
86 78 
64 59 
97 112 
53 34 
70 19 
71 72 
30 33 
87 47 
99 26 
28 90 
97 110 
33 105 
80 88 
116 24 
36 76 
28 112 
18 8 
35 15 
98 105 
112 113 
121 27 
70 89 
108 88 
51 55 
91 11 
22 43 
9 44 
116 87 
16 97 
29 89 
102 20 
116 80 
108 30 
86 113 
68 48 
74 18 
53 107 
80 4 
109 116 
12 16 
45 116 
68 41 
68 75 
8 56 
24 45 
109 89 
72 8 
112 45 
46 112 
11 28 
61 28 
30 106 
110 112 
99 24 
21 84 
55 20 
77 30 
53 49 
96 72 
85 67 
64 19 
25 50 
48 6 
64 45 
50 47 
52 6 
96 5 
58 28 
63 58 
43 5 
27 41 
34 73 
51 111 
27 79 
44 29 
6 73 
121 66 
7 46 
13 42 
72 117 
57 38 
118 31 
23 44 
67 71 
55 97 
75 37 
108 60 
85 103 
107 2 
17 19 
38 9 
19 74 
110 43 
44 119 
87 56 
28 30 
86 104 
68 25 
92 43 
55 52 
47 11 
38 121 
63 14 
102 64 
81 104 
38 40 
27 29 
96 91 
11 55 
3 26 
116 95 
71 108 
11 13 
26 22 
64 57 
101 54 
65 48 
42 26 
32 66 
76 41 
57 23 
83 50 
105 73 
109 104 
83 65 
58 82 
106 109 
56 10 
89 11 
29 100 
74 71 
96 95 
11 4 
40 110 
84 27 
48 83 
82 91 
40 71 
111 99 
89 56 
80 66 
7 105 
62 16 
81 36 
47 100 
41 58 
99 39 
105 23 
17 60 
109 94 
41 82 
54 67 
91 27 
112 33 
91 84 
89 111 
18 116 
85 82 
116 41 
5 19 
110 83 
88 92 
88 68 
92 89 
116 27 
7 15 
25 100 
39 36 
84 52 
43 80 
22 108 
71 80 
52 79 
59 61 
7 40 
44 68 
105 86 
84 46 
48 62 
8 88 
38 24 
18 29 
56 31 
112 37 
19 96 
116 30 
43 62 
121 74 
53 114 
7 80 
9 25 
27 78 
106 95 
116 19 
2 40 
36 20 
102 18 
44 99 
91 20 
52 106 
85 47 
45 46 
78 117 
74 54 
101 98 
76 108 
37 83 
21 107 
48 109 
109 98 
82 56 
19 29 
47 21 
74 14 
39 62 
37 64 
90 25 
76 53 
117 32 
103 9 
5 13 
36 107 
2 23 
51 81 
59 53 
51 94 
25 30 
96 20 
111 91 
50 70 
42 32 
25 77 
103 48 
90 1 
2 76 
17 33 
111 31 
6 63 
81 113 
49 20 
89 75 
86 36 
80 50 
92 21 
55 118 
114 113 
1 39 
113 12 
96 45 
85 58 
27 11 
46 114 
15 109 
29 47 
31 34 
96 118 
81 116 
47 9 
94 49 
5 75 
68 73 
84 112 
13 10 
107 9 
93 94 
36 72 
84 23 
17 69 
118 53 
33 88 
7 3 
6 25 
71 26 
52 80 
95 77 
103 93 
19 50 
87 64 
42 91 
101 100 
73 66 
104 114 
67 51 
50 62 
40 84 
70 46 
59 51 
120 58 
8 95 
91 85 
106 40 
43 72 
112 55 
97 106 
110 115 
13 91 
74 97 
62 114 
32 57 
9 49 
4 92 
21 19 
32 41 
105 83 
118 71 
71 83 
109 18 
61 40 
20 27 
14 98 
65 95 
58 6 
107 101 
83 30 
6 95 
13 56 
6 37 
68 77 
5 48 
74 57 
13 88 
93 5 
45 86 
69 43 
5 117 
12 50 
78 84 
113 34 
95 37 
105 52 
92 46 
77 26 
89 2 
108 66 
59 20 
60 82 
113 119 
74 29 
88 64 
90 11 
39 53 
35 96 
6 113 
11 114 
52 12 
26 54 
71 1 
56 65 
112 109 
45 3 
20 85 
16 3 
59 13 
86 88 
94 17 
108 28 
39 105 
115 50 
92 94 
15 58 
27 104 
3 59 
103 83 
34 85 
7 64 
27 119 
97 87 
2 85 
112 100 
119 36 
78 89 
90 58 
71 99 
35 68 
46 5 
103 25 
65 114 
119 48 
63 20 
87 18 
36 70 
78 83 
101 1 
10 58 
103 37 
121 45 
46 44 
6 12 
34 94 
27 93 
59 113 
87 95 
61 34 
41 95 
77 81 
55 79 
35 92 
116 70 
113 84 
50 119 
23 61 
108 24 
34 8 
50 38 
100 75 
78 37 
46 99 
25 105 
110 80 
15 105 
93 71 
15 43 
51 40 
10 67 
88 66 
120 2 
60 56 
88 116 
1 113 
42 60 
50 45 
18 34 
116 64 
91 115 
121 15 
62 89 
2 24 
49 67 
103 64 
116 39 
108 40 
65 49 
40 16 
54 76 
43 78 
33 28 
45 101 
121 53 
38 12 
115 82 
19 33 
57 53 
86 84 
19 10 
52 5 
63 71 
31 50 
4 89 
63 107 
89 22 
59 58 
119 33 
92 34 
11 14 
77 54 
26 38 
88 54 
11 104 
27 108 
6 114 
39 77 
88 72 
118 43 
109 67 
69 64 
39 114 
93 6 
1 23 
112 56 
97 25 
91 16 
79 54 
38 110 
64 55 
1 103 
41 54 
121 37 
31 24 
87 46 
71 107 
26 64 
75 72 
61 60 
45 6 
12 5 
121 65 
3 86 
20 57 
40 18 
17 107 
98 111 
96 121 
65 33 
104 51 
84 97 
62 38 
52 62 
103 91 
94 96 
32 106 
6 64 
69 76 
107 23 
90 97 
8 89 
66 86 
57 84 
48 91 
60 39 
95 64 
88 62 
48 59 
95 73 
10 9 
100 106 
28 78 
61 80 
12 75 
93 67 
93 17 
108 2 
62 32 
85 111 
54 2 
42 96 
88 4 
107 6 
117 6 
41 105 
103 57 
13 4 
42 52 
92 70 
90 66 
7 72 
21 24 
103 73 
97 118 
40 52 
32 67 
117 26 
64 65 
114 63 
104 117 
119 59 
52 32 
4 118 
51 7 
15 2 
118 101 
15 113 
113 65 
70 119 
5 31 
82 96 
10 49 
51 32 
96 105 
93 47 
42 69 
100 3 
98 63 
109 49 
106 43 
54 120 
38 42 
76 116 
59 45 
26 121 
33 45 
58 88 
117 15 
77 3 
109 114 
25 69 
7 28 
46 62 
74 38 
67 55 
81 20 
33 93 
118 18 
77 100 
8 101 
7 91 
7 13 
54 34 
107 88 
55 27 
89 97 
10 68 
29 70 
102 7 
95 20 
44 114 
54 113 
88 75 
73 78 
7 58 
96 38 
1 27 
108 91 
86 26 
28 14 
34 116 
76 75 
73 39 
18 101 
73 84 
74 2 
62 83 
61 106 
48 34 
75 42 
19 99 
16 25 
15 25 
42 12 
111 81 
31 13 
97 76 
79 3 
121 103 
68 118 
78 87 
90 76 
8 84 
68 116 
50 26 
25 83 
83 33 
113 100 
80 93 
95 35 
117 40 
27 82 
78 97 
23 16 
57 93 
95 90 
63 97 
92 73 
11 74 
6 92 
117 86 
91 61 
119 9 
38 35 
119 39 
66 109 
3 51 
62 107 
90 70 
44 60 
104 53 
102 42 
56 34 
20 47 
57 97 
77 66 
112 15 
55 116 
118 80 
67 57 
103 89 
71 81 
92 33 
94 10 
120 80 
42 73 
116 57 
61 31 
76 26 
44 62 
22 68 
25 114 
110 100 
59 25 
109 91 
10 69 
14 69 
22 44 
118 1 
92 100 
42 120 
76 62 
95 82 
114 79 
70 78 
114 48 
51 50 
13 20 
92 109 
72 105 
14 43 
49 44 
89 79 
39 90 
94 89 
9 60 
4 87 
116 85 
91 56 
99 98 
52 16 
36 103 
62 23 
46 74 
54 57 
120 87 
118 14 
25 99 
9 30 
80 92 
74 84 
32 97 
28 26 
70 105 
107 33 
21 94 
44 26 
68 81 
65 30 
89 17 
97 10 
78 26 
111 70 
66 34 
117 58 
3 78 
108 7 
41 10 
10 115 
35 30 
19 4 
19 40 
2 99 
98 62 
57 48 
41 65 
62 56 
21 104 
84 108 
80 119 
77 2 
104 80 
100 41 
101 80 
118 16 
50 39 
7 18 
109 27 
93 63 
62 95 
101 37 
112 61 
21 75 
67 70 
107 70 
84 14 
44 58 
112 65 
31 53 
52 71 
1 104 
3 47 
96 86 
107 56 
63 69 
119 75 
25 106 
121 60 
79 101 
101 78 
48 14 
49 120 
100 68 
66 93 
7 32 
12 60 
60 25 
31 90 
16 84 
18 93 
67 75 
99 15 
83 63 
50 72 
8 55 
17 62 
87 27 
64 83 
39 28 
30 51 
17 90 
23 11 
3 98 
87 17 
34 86 
80 5 
37 20 
28 36 
119 86 
48 8 
100 43 
3 14 
121 120 
75 84 
72 104 
29 96 
114 9 
38 49 
70 20 
36 101 
17 12 
63 81 
83 21 
73 45 
85 105 
24 76 
59 71 
117 20 
87 50 
38 29 
36 9 
61 51 
119 35 
19 34 
56 84 
14 33 
3 62 
75 24 
86 9 
79 62 
109 105 
93 3 
121 44 
110 89 
59 57 
61 50 
62 81 
114 96 
105 48 
78 41 
80 121 
75 107 
66 25 
99 102 
113 103 
118 69 
44 37 
68 71 
54 44 
13 73 
7 107 
12 4 
18 105 
111 9 
106 87 
7 27 
78 55 
62 85 
8 51 
112 82 
112 106 
36 118 
73 57 
94 80 
4 90 
96 23 
79 65 
2 82 
3 114 
7 75 
41 23 
75 116 
61 30 
121 50 
5 7 
89 82 
32 69 
47 31 
81 10 
112 10 
104 89 
106 96 
115 5 
57 21 
101 40 
89 77 
74 15 
74 37 
109 74 
5 72 
60 45 
26 108 
53 27 
110 4 
81 60 
106 92 
40 22 
84 35 
9 101 
22 109 
55 58 
32 86 
34 112 
74 10 
52 50 
105 80 
99 86 
68 60 
42 80 
100 111 
51 33 
93 100 
77 55 
74 99 
80 91 
86 29 
94 64 
48 20 
10 11 
103 63 
43 23 
40 35 
46 14 
61 97 
19 117 
60 69 
106 121 
112 86 
46 19 
78 96 
35 112 
73 14 
96 12 
84 2 
3 99 
77 46 
119 47 
28 64 
95 30 
84 50 
1 17 
9 66 
39 100 
102 69 
79 32 
62 99 
2 72 
54 4 
112 115 
23 54 
121 69 
119 117 
38 44 
7 67 
58 48 
121 22 
65 55 
54 45 
11 68 
94 110 
59 82 
35 93 
31 8 
79 64 
93 42 
10 31 
109 11 
107 68 
83 96 
80 19 
43 39 
36 94 
96 119 
38 17 
5 58 
37 28 
16 50 
97 19 
35 58 
72 81 
76 113 
65 35 
62 35 
103 53 
108 95 
16 109 
68 38 
3 113 
107 108 
30 53 
84 24 
45 41 
55 31 
96 17 
108 52 
47 59 
33 31 
58 26 
4 107 
68 43 
83 95 
84 25 
91 29 
8 68 
85 15 
19 62 
79 34 
52 23 
97 53 
118 86 
102 8 
58 78 
60 37 
113 2 
109 121 
15 20 
111 109 
22 7 
110 35 
77 40 
22 6 
120 32 
2 103 
76 34 
110 36 
117 49 
9 13 
37 116 
12 105 
121 48 
43 116 
20 33 
28 52 
78 110 
66 5 
84 116 
90 100 
13 75 
67 56 
119 94 
55 114 
49 82 
97 37 
33 75 
43 83 
39 78 
59 69 
15 86 
56 2 
113 17 
80 97 
107 35 
80 85 
32 109 
117 75 
47 97 
63 49 
51 29 
45 105 
18 33 
5 49 
35 87 
45 74 
79 61 
76 71 
19 16 
85 16 
92 20 
30 102 
78 47 
106 24 
114 90 
101 57 
61 86 
107 27 
44 75 
38 27 
61 36 
96 102 
12 1 
41 74 
53 65 
13 43 
115 52 
107 114 
26 53 
69 50 
69 21 
3 34 
57 98 
42 88 
111 44 
95 107 
64 22 
118 62 
27 24 
5 116 
103 117 
82 84 
22 74 
19 32 
99 64 
15 57 
45 79 
76 89 
16 44 
112 99 
105 104 
88 110 
85 44 
20 115 
102 73 
78 54 
73 17 
97 81 
79 94 
28 4 
7 52 
86 80 
24 43 
98 16 
99 11 
12 29 
55 100 
119 14 
49 26 
76 114 
77 50 
13 3 
92 63 
119 43 
12 92 
104 35 
92 28 
115 102 
44 28 
95 43 
35 100 
9 19 
24 103 
112 58 
48 30 
10 42 
58 34 
32 43 
71 38 
9 81 
64 11 
9 78 
114 50 
87 40 
71 4 
82 68 
49 104 
20 88 
107 52 
86 69 
61 39 
47 88 
78 69 
31 1 
94 95 
24 62 
56 54 
81 21 
62 103 
121 100 
115 16 
114 43 
18 103 
41 113 
44 82 
31 114 
120 8 
104 13 
23 95 
12 116 
79 60 
52 15 
112 42 
121 92 
108 101 
60 85 
19 15 
32 44 
62 108 
69 3 
51 38 
73 43 
104 85 
11 54 
3 84 
31 58 
68 21 
75 79 
120 45 
52 73 
101 17 
24 55 
66 4 
5 9 
2 31 
117 84 
115 81 
116 110 
120 110 
56 80 
37 34 
15 51 
104 24 
62 40 
105 64 
84 83 
12 35 
4 83 
73 86 
35 45 
121 76 
8 109 
8 36 
22 87 
46 111 
34 69 
56 52 
85 71 
49 86 
81 46 
107 69 
37 4 
100 85 
114 30 
51 115 
10 5 
55 69 
34 16 
7 119 
102 12 
63 94 
79 110 
12 11 
86 64 
52 64 
51 113 
53 87 
8 26 
83 32 
38 105 
115 8 
112 83 
36 60 
67 5 
33 12 
70 85 
96 32 
96 100 
21 29 
100 54 
107 48 
48 98 
99 54 
51 5 
112 50 
52 31 
84 59 
2 9 
14 26 
87 119 
120 99 
48 93 
21 89 
97 111 
39 96 
2 95 
71 43 
117 73 
39 64 
22 104 
117 100 
33 1 
92 79 
102 84 
57 70 
40 58 
52 44 
112 105 
16 104 
21 35 
49 35 
55 73 
114 70 
60 109 
9 15 
59 31 
118 10 
93 107 
86 27 
120 96 
69 16 
76 18 
64 1 
114 24 
55 89 
84 15 
75 85 
97 12 
65 69 
105 90 
120 102 
40 53 
27 56 
87 28 
45 77 
101 82 
116 104 
73 2 
78 79 
36 41 
91 117 
96 30 
87 19 
65 99 
4 9 
33 120 
27 74 
108 99 
57 117 
103 66 
63 60 
39 41 
120 16 
10 24 
26 9 
40 9 
112 108 
38 6 
31 30 
87 85 
68 94 
28 59 
19 20 
83 44 
104 76 
18 99 
73 32 
50 13 
72 57 
46 71 
9 120 
3 60 
6 79 
74 62 
56 53 
54 17 
36 45 
66 45 
7 95 
57 3 
55 33 
69 119 
104 30 
50 104 
63 84 
74 85 
28 106 
62 5 
104 60 
16 77 
86 7 
17 86 
39 30 
105 88 
91 60 
58 103 
96 99 
94 73 
107 40 
11 30 
68 47 
48 22 
8 71 
51 58 
77 76 
95 53 
32 56 
20 35 
6 46 
120 52 
15 89 
110 102 
74 93 
72 107 
116 48 
58 72 
27 67 
64 84 
17 83 
91 18 
41 13 
55 5 
103 92 
55 95 
21 111 
88 89 
73 49 
2 90 
37 7 
30 121 
85 110 
42 98 
34 45 
54 12 
108 120 
119 32 
19 111 
25 23 
80 24 
58 77 
94 66 
1 58 
58 116 
99 6 
29 7 
109 3 
94 38 
52 89 
8 2 
107 106 
33 37 
72 53 
84 96 
54 40 
109 93 
41 7 
116 59 
115 75 
18 26 
85 54 
83 38 
93 104 
118 104 
111 102 
20 90 
71 41 
16 83 
97 22 
62 105 
12 20 
72 37 
110 84 
99 117 
107 37 
106 23 
82 70 
69 58 
52 60 
96 80 
104 92 
48 87 
42 5 
87 65 
72 42 
57 49 
83 39 
72 101 
63 8 
95 111 
32 1 
103 105 
47 36 
22 5 
58 95 
68 115 
70 18 
33 74 
55 29 
61 58 
31 99 
85 101 
23 45 
28 116 
102 4 
70 1 
47 44 
114 16 
70 63 
107 74 
118 46 
11 39 
51 93 
46 16 
101 43 
81 40 
84 22 
91 33 
41 21 
13 66 
60 65 
64 30 
52 83 
46 72 
88 22 
59 46 
114 12 
117 96 
113 99 
102 47 
61 109 
58 118 
74 6 
14 37 
36 90 
41 67 
20 101 
107 25 
32 81 
110 121 
67 114 
71 3 
105 24 
72 27 
63 36 
36 98 
77 35 
66 61 
20 67 
5 112 
88 23 
67 45 
60 75 
10 25 
77 32 
67 118 
60 26 
100 116 
65 2 
15 27 
2 48 
94 47 
36 25 
4 97 
13 1 
88 53 
18 62 
120 15 
35 1 
78 92 
88 46 
52 54 
38 31 
40 76 
63 59 
67 36 
24 110 
36 12 
5 90 
37 82 
3 85 
54 42 
26 30 
16 102 
18 32 
21 14 
79 59 
105 68 
34 1 
109 120 
24 65 
54 90 
117 62 
54 9 
111 24 
38 115 
84 120 
49 7 
27 71 
109 14 
81 24 
35 118 
108 34 
13 96 
6 62 
88 121 
43 89 
119 31 
14 42 
22 23 
7 6 
38 22 
91 63 
86 13 
1 10 
23 9 
118 114 
22 82 
109 83 
85 84 
52 114 
70 26 
14 71 
104 121 
28 46 
67 74 
117 120 
47 107 
41 28 
111 20 
3 38 
104 58 
90 21 
70 59 
44 4 
39 57 
115 7 
18 75 
75 71 
33 47 
118 41 
42 29 
18 2 
18 11 
102 41 
98 72 
71 88 
117 90 
1 53 
12 51 
111 40 
116 119 
109 72 
103 76 
33 3 
11 103 
41 80 
12 99 
48 10 
107 90 
105 106 
40 96 
27 17 
94 9 
2 37 
62 75 
25 94 
72 90 
83 107 
106 27 
3 66 
50 11 
8 106 
33 29 
82 14 
106 69 
99 93 
78 67 
78 30 
65 45 
74 7 
80 78 
18 80 
114 61 
38 39 
11 43 
80 35 
27 49 
45 55 
27 112 
88 120 
1 117 
1 116 
67 16 
49 108 
39 94 
111 105 
10 52 
102 65 
29 79 
50 120 
110 91 
11 53 
17 97 
21 112 
1 36 
114 119 
99 119 
13 15 
82 103 
33 4 
21 72 
91 71 
31 116 
107 121 
108 65 
25 120 
58 80 
35 61 
78 19 
37 90 
13 93 
7 88 
43 52 
10 75 
37 23 
20 104 
105 10 
66 76 
2 46 
66 39 
81 53 
3 118 
28 49 
10 23 
57 112 
31 29 
7 43 
77 27 
99 49 
27 40 
66 83 
105 100 
117 51 
58 29 
56 102 
109 108 
106 64 
49 92 
111 1 
74 4 
69 67 
43 28 
73 35 
74 105 
56 50 
68 117 
18 39 
97 9 
111 82 
39 111 
37 113 
102 28 
46 76 
107 14 
30 27 
5 82 
28 105 
108 53 
63 115 
113 30 
94 48 
80 3 
104 77 
64 2 
79 17 
83 1 
118 47 
60 67 
80 64 
48 64 
15 39 
114 59 
48 56 
6 91 
49 100 
37 53 
11 115 
51 74 
50 64 
41 73 
100 87 
11 26 
60 115 
5 107 
55 43 
102 1 
120 68 
115 83 
26 10 
111 35 
23 14 
59 87 
58 106 
77 6 
74 68 
41 112 
31 120 
9 64 
90 88 
76 94 
78 13 
80 103 
45 1 
57 14 
84 118 
50 88 
10 95 
19 27 
63 55 
27 9 
77 80 
97 119 
55 87 
97 1 
93 85 
105 32 
28 48 
26 98 
105 99 
21 120 
55 99 
88 45 
67 81 
109 43 
96 24 
73 88 
24 39 
92 119 
32 64 
120 70 
96 85 
83 13 
120 92 
118 19 
73 64 
86 21 
106 47 
119 121 
21 45 
119 25 
16 113 
98 43 
110 23 
40 36 
119 17 
76 115 
33 84 
96 33 
13 32 
10 117 
6 16 
46 55 
63 87 
22 100 
93 72 
34 33 
64 71 
55 61 
113 78 
31 80 
89 61 
2 111 
83 61 
104 42 
66 22 
22 10 
80 54 
50 54 
83 6 
117 61 
116 46 
69 4 
3 1 
97 71 
80 45 
118 90 
47 8 
110 105 
65 80 
91 64 
83 79 
115 77 
60 40 
97 2 
9 93 
120 77 
11 38 
42 92 
53 60 
17 92 
67 18 
20 78 
120 104 
38 36 
119 45 
59 103 
19 119 
51 116 
61 76 
74 1 
19 66 
114 83 
120 55 
21 53 
52 9 
98 114 
95 99 
13 63 
9 17 
64 46 
82 61 
97 91 
1 41 
43 96 
84 54 
79 24 
79 96 
10 83 
94 14 
121 83 
76 95 
4 1 
14 7 
97 86 
53 90 
121 47 
62 84 
39 76 
97 6 
118 44 
18 120 
20 42 
46 25 
55 68 
98 76 
12 81 
112 49 
42 3 
51 73 
3 50 
71 89 
23 120 
25 31 
26 68 
51 16 
53 46 
22 114 
8 29 
96 49 
101 67 
28 77 
26 21 
56 41 
13 82 
87 58 
89 91 
102 82 
93 77 
25 121 
57 62 
65 119 
92 82 
88 94 
54 18 
96 64 
44 10 
21 73 
117 92 
59 9 
58 11 
29 104 
40 11 
61 32 
110 17 
93 19 
24 118 
101 35 
76 112 
40 25 
58 113 
37 89 
12 112 
94 107 
49 98 
69 111 
106 83 
40 69 
120 5 
26 24 
93 1 
79 15 
46 82 
16 61 
14 83 
32 82 
27 32 
85 45 
85 79 
35 114 
57 30 
81 74 
9 56 
58 50 
114 116 
25 12 
42 58 
68 93 
22 85 
27 73 
121 95 
77 59 
14 47 
45 47 
39 16 
28 71 
92 69 
100 20 
86 39 
113 11 
55 66 
71 20 
51 92 
89 47 
120 57 
26 114 
41 30 
92 110 
27 75 
54 8 
90 59 
10 12 
7 42 
34 84 
71 2 
11 80 
68 86 
98 117 
17 82 
73 85 
5 14 
85 112 
70 33 
94 15 
102 26 
7 17 
69 66 
49 14 
96 89 
3 35 
9 3 
87 72 
73 5 
15 34 
4 116 
50 34 
67 89 
72 100 
35 41 
38 113 
51 62 
32 47 
41 81 
38 102 
64 77 
43 49 
7 87 
6 94 
88 81 
87 1 
28 120 
74 72 
65 42 
108 10 
4 7 
38 76 
23 80 
91 30 
109 102 
73 99 
112 38 
115 3 
99 28 
72 45 
65 101 
49 93 
38 81 
90 49 
98 84 
5 104 
118 28 
78 7 
108 1 
110 87 
82 54 
38 65 
2 67 
92 75 
115 2 
102 100 
98 82 
88 27 
101 34 
77 4 
82 25 
51 87 
60 74 
105 31 
78 75 
27 120 
102 36 
101 81 
24 91 
32 17 
49 46 
115 43 
66 37 
93 56 
75 80 
77 114 
12 106 
7 98 
111 118 
15 107 
73 26 
57 37 
94 70 
88 39 
21 18 
31 89 
21 13 
92 77 
106 71 
28 83 
29 3 
19 98 
56 1 
103 7 
118 70 
61 17 
63 19 
85 49 
117 11 
42 19 
33 63 
112 11 
72 69 
95 118 
119 49 
34 83 
112 68 
38 52 
13 6 
91 76 
47 30 
79 25 
61 1 
82 38 
3 68 
114 72 
105 42 
120 115 
31 28 
111 88 
57 11 
110 15 
99 29 
36 5 
21 6 
42 66 
36 68 
51 17 
99 30 
27 68 
37 25 
34 105 
9 14 
32 8 
106 7 
26 83 
87 79 
93 114 
62 13 
121 42 
105 81 
6 40 
35 17 
11 101 
59 102 
35 105 
112 7 
93 29 
77 37 
96 15 
43 31 
66 117 
102 24 
57 89 
55 41 
10 121 
115 15 
112 67 
74 49 
121 33 
97 105 
22 55 
109 115 
79 42 
53 99 
113 118 
12 13 
82 100 
81 37 
107 103 
115 94 
104 37 
41 119 
66 48 
99 114 
93 21 
69 12 
117 34 
86 14 
40 72 
4 57 
11 97 
5 34 
35 57 
12 118 
88 12 
94 16 
75 101 
107 118 
72 113 
41 4 
29 2 
46 73 
87 98 
91 44 
22 18 
113 120 
39 29 
107 78 
13 68 
120 11 
110 14 
67 66 
83 19 
37 38 
53 36 
114 100 
41 19 
111 3 
56 7 
61 88 
38 60 
106 14 
87 113 
67 34 
10 78 
10 82 
109 75 
12 83 
41 90 
63 117 
118 108 
101 33 
16 99 
33 117 
21 2 
53 52 
115 105 
119 105 
50 36 
52 39 
109 37 
31 112 
97 99 
112 80 
111 5 
51 80 
101 104 
97 85 
63 9 
115 121 
74 34 
94 8 
120 78 
101 41 
113 7 
12 40 
109 40 
8 75 
67 107 
20 94 
17 42 
23 28 
54 22 
106 21 
103 51 
75 64 
104 79 
73 70 
36 108 
90 94 
74 91 
4 56 
80 28 
49 71 
50 107 
72 25 
69 61 
42 2 
63 90 
58 57 
62 60 
88 118 
78 11 
2 98 
96 46 
14 31 
112 24 
115 17 
79 112 
109 119 
69 97 
73 29 
48 104 
4 31 
32 76 
13 116 
114 47 
103 47 
41 47 
96 69 
70 42 
90 56 
65 6 
58 23 
121 64 
23 17 
54 71 
62 78 
30 21 
78 85 
105 94 
58 38 
13 114 
58 76 
63 3 
18 119 
19 115 
110 95 
94 42 
110 76 
108 55 
106 62 
64 24 
48 111 
58 86 
105 6 
111 47 
32 21 
118 30 
47 6 
62 15 
13 85 
19 25 
95 1 
91 17 
74 80 
38 47 
4 99 
44 89 
73 108 
96 109 
85 33 
81 48 
109 55 
85 38 
24 89 
119 85 
24 83 
95 4 
110 16 
12 44 
85 28 
87 91 
3 30 
104 73 
100 21 
29 37 
121 87 
54 96 
112 43 
90 33 
61 64 
71 7 
10 2 
116 2 
13 120 
36 91 
66 113 
42 50 
70 98 
38 77 
73 4 
102 72 
56 116 
81 45 
33 46 
119 55 
4 112 
70 86 
47 95 
20 8 
84 107 
24 41 
51 34 
74 110 
102 117 
15 38 
67 25 
116 103 
5 91 
18 9 
86 82 
65 89 
31 63 
102 93 
11 46 
15 64 
88 16 
60 88 
65 28 
78 98 
83 18 
74 112 
60 24 
35 106 
46 21 
30 50 
73 101 
82 26 
66 29 
21 96 
100 65 
13 92 
46 31 
98 65 
106 117 
101 5 
38 45 
66 79 
10 8 
62 12 
95 46 
113 25 
85 61 
44 30 
75 104 
94 53 
5 28 
17 80 
41 64 
116 52 
17 58 
45 48 
8 80 
101 7 
48 77 
4 108 
59 41 
51 89 
37 91 
66 105 
19 54 
96 8 
13 103 
103 114 
111 18 
86 109 
98 94 
65 10 
54 66 
120 114 
100 7 
1 55 
73 16 
9 73 
23 53 
35 43 
80 99 
101 14 
115 29 
15 103 
24 109 
95 74 
48 73 
46 8 
22 49 
41 77 
28 98 
37 47 
73 58 
58 121 
93 111 
22 19 
38 88 
94 69 
109 9 
80 20 
58 99 
40 64 
117 107 
17 99 
74 26 
7 76 
116 16 
53 116 
77 71 
117 55 
110 118 
75 17 
88 35 
98 115 
12 28 
91 68 
29 90 
106 2 
110 113 
14 95 
59 5 
60 11 
37 115 
24 40 
10 61 
19 112 
83 3 
103 31 
30 101 
96 10 
101 23 
79 74 
61 13 
94 28 
108 5 
41 108 
61 37 
79 117 
55 60 
119 5 
87 74 
51 18 
47 82 
14 22 
38 92 
89 63 
100 89 
15 42 
22 60 
35 76 
86 106 
24 71 
74 9 
56 68 
70 66 
108 8 
13 44 
