192 3480 
127 34 141 151 292 212 56 299 256 89 160 94 297 17 250 246 184 102 166 119 207 137 2 138 108 174 56 25 64 131 285 152 110 232 276 11 221 34 203 142 246 182 98 221 264 225 16 69 125 281 288 32 227 29 122 296 126 162 140 24 41 89 133 196 264 146 208 47 289 282 155 129 39 263 279 113 233 27 67 138 177 122 208 149 182 30 237 22 214 159 28 101 82 125 161 25 2 9 253 173 88 46 280 66 58 2 9 215 276 186 284 287 206 37 77 25 95 61 294 223 183 36 76 264 157 53 214 195 124 191 83 276 289 297 75 218 210 284 60 44 189 202 139 246 57 107 33 293 93 2 120 178 200 289 251 16 142 116 13 158 240 238 15 238 139 249 298 197 240 194 126 92 35 214 293 71 129 200 51 198 50 260 165 121 79 224 297 280 1 8 191 229 
31 128 
57 136 
156 151 
48 80 
21 33 
8 116 
12 42 
38 178 
127 9 
6 25 
58 100 
134 102 
153 163 
117 139 
176 33 
143 58 
66 44 
105 169 
2 188 
73 56 
150 27 
76 164 
191 156 
68 114 
162 51 
47 85 
23 171 
119 148 
170 37 
174 135 
93 35 
41 91 
37 128 
75 19 
166 191 
140 63 
191 187 
179 132 
112 57 
112 83 
131 148 
65 159 
7 11 
39 43 
109 52 
90 60 
103 148 
52 39 
40 17 
63 111 
161 78 
140 8 
2 141 
28 33 
165 127 
128 192 
9 34 
185 124 
150 22 
166 7 
130 150 
122 29 
147 26 
104 47 
102 167 
159 154 
30 147 
64 54 
38 52 
86 185 
162 153 
12 167 
100 107 
1 137 
76 138 
159 27 
186 45 
72 5 
107 54 
152 113 
84 125 
126 156 
183 2 
109 16 
126 139 
14 151 
139 128 
169 156 
189 111 
129 16 
77 20 
7 54 
106 142 
31 69 
71 168 
136 185 
131 180 
175 122 
65 108 
191 102 
144 180 
153 133 
31 26 
42 167 
12 111 
186 3 
75 90 
3 187 
187 91 
139 187 
102 73 
125 120 
11 4 
167 55 
53 26 
112 93 
39 21 
158 35 
139 148 
28 175 
81 40 
166 159 
127 89 
38 29 
34 177 
21 111 
75 41 
139 121 
55 106 
60 57 
4 133 
87 15 
32 112 
159 177 
8 99 
124 64 
42 191 
36 96 
57 36 
53 192 
63 138 
50 122 
109 92 
186 43 
30 67 
190 115 
191 66 
44 111 
175 43 
182 184 
173 130 
158 34 
82 180 
113 39 
82 134 
6 14 
104 73 
103 151 
172 35 
117 108 
85 120 
170 47 
130 64 
113 13 
33 30 
166 49 
10 78 
128 14 
129 66 
164 9 
116 117 
47 176 
6 69 
62 111 
82 126 
152 154 
90 71 
138 143 
103 125 
136 95 
173 3 
36 47 
24 75 
183 107 
3 1 
86 104 
149 103 
120 190 
60 76 
180 17 
44 145 
81 187 
175 134 
20 46 
93 160 
122 96 
177 79 
159 183 
134 143 
28 22 
12 34 
163 149 
132 159 
73 68 
59 170 
32 100 
27 38 
11 161 
78 17 
170 36 
118 17 
106 140 
23 83 
1 154 
133 96 
135 121 
110 96 
132 168 
32 128 
50 165 
95 36 
129 143 
93 99 
184 186 
143 182 
61 175 
38 26 
106 122 
23 72 
149 7 
63 12 
131 98 
153 134 
137 8 
152 123 
1 150 
12 134 
8 121 
176 32 
90 187 
103 58 
48 174 
59 132 
128 173 
24 175 
129 89 
25 56 
192 109 
136 184 
63 94 
25 91 
62 72 
179 168 
140 188 
82 164 
46 133 
16 84 
12 52 
60 69 
141 139 
81 164 
132 79 
56 58 
59 172 
24 22 
105 53 
179 121 
65 91 
132 114 
178 31 
98 14 
181 159 
171 12 
51 87 
132 25 
163 90 
37 29 
100 159 
181 52 
172 86 
114 28 
153 127 
128 115 
23 66 
102 101 
10 105 
117 184 
75 76 
124 166 
75 103 
108 159 
160 175 
69 3 
105 190 
185 81 
38 174 
166 154 
166 186 
26 154 
108 158 
12 114 
190 3 
59 64 
135 22 
52 96 
113 64 
180 192 
160 115 
32 131 
3 35 
184 33 
128 164 
113 120 
185 9 
192 74 
86 162 
49 158 
147 120 
167 137 
154 94 
63 15 
49 67 
40 143 
56 86 
18 34 
118 5 
28 171 
11 80 
22 118 
176 41 
131 118 
21 191 
125 110 
48 108 
123 139 
52 114 
160 44 
183 53 
186 150 
177 155 
21 28 
28 90 
159 95 
178 62 
33 74 
122 125 
146 73 
83 87 
150 144 
117 164 
166 84 
71 158 
2 149 
85 97 
71 99 
24 52 
138 119 
108 138 
112 169 
21 25 
12 56 
5 9 
93 73 
137 140 
153 140 
171 159 
2 14 
47 10 
104 137 
98 187 
119 163 
60 131 
63 171 
77 63 
160 179 
139 48 
187 11 
62 64 
51 60 
90 69 
149 29 
157 60 
17 127 
85 50 
157 135 
107 105 
22 105 
90 164 
189 39 
51 33 
143 76 
7 145 
176 148 
7 81 
159 59 
99 173 
49 89 
8 56 
106 70 
104 188 
84 30 
12 119 
69 44 
125 143 
31 112 
131 113 
87 153 
119 178 
127 19 
60 144 
95 2 
109 107 
133 62 
190 14 
47 76 
78 189 
22 18 
65 162 
72 185 
131 165 
50 157 
86 169 
21 119 
55 88 
27 3 
165 19 
115 168 
39 6 
101 151 
70 19 
43 49 
12 186 
129 118 
23 50 
183 135 
4 50 
101 26 
18 6 
157 22 
28 69 
15 59 
143 26 
106 162 
52 173 
31 101 
148 186 
88 181 
145 104 
8 45 
40 155 
108 155 
33 157 
48 76 
85 144 
147 18 
14 28 
152 6 
164 79 
150 168 
60 36 
26 114 
89 190 
23 13 
173 187 
84 28 
117 44 
167 84 
41 96 
139 34 
80 82 
172 128 
101 21 
168 21 
136 70 
179 141 
179 113 
131 9 
7 77 
5 167 
149 73 
26 170 
3 96 
166 44 
115 118 
53 128 
38 79 
137 67 
100 80 
184 64 
62 41 
59 160 
2 151 
186 101 
52 83 
109 182 
112 19 
60 14 
129 157 
12 168 
94 122 
56 100 
77 83 
167 62 
113 5 
121 31 
172 88 
63 150 
142 184 
137 52 
108 18 
157 192 
144 63 
117 93 
173 136 
33 144 
171 21 
70 52 
85 142 
188 62 
186 14 
88 159 
186 134 
184 134 
108 101 
33 7 
1 61 
30 70 
151 153 
108 190 
142 5 
188 56 
77 185 
80 168 
34 135 
62 179 
118 157 
68 168 
48 60 
192 80 
85 155 
180 158 
43 13 
23 145 
14 78 
103 56 
79 55 
173 94 
41 35 
3 20 
128 131 
180 125 
104 64 
30 37 
82 27 
129 43 
164 152 
129 30 
150 40 
192 52 
145 66 
186 87 
164 41 
14 11 
188 152 
66 160 
166 107 
136 123 
125 118 
95 183 
100 176 
142 110 
46 73 
83 170 
8 84 
20 191 
32 49 
148 78 
2 110 
75 171 
86 36 
42 170 
18 39 
162 112 
154 104 
12 164 
6 54 
35 141 
153 2 
64 170 
12 158 
49 99 
81 93 
172 61 
26 37 
45 110 
11 169 
124 116 
35 62 
153 90 
30 168 
119 151 
170 107 
135 117 
108 64 
28 165 
58 117 
121 108 
47 57 
173 146 
137 29 
124 66 
159 150 
156 70 
111 6 
51 181 
68 27 
7 96 
18 186 
60 147 
79 91 
63 87 
146 157 
61 123 
89 53 
47 34 
38 104 
6 99 
175 5 
82 87 
107 11 
151 42 
12 60 
170 104 
104 27 
57 21 
103 170 
187 157 
68 184 
157 111 
87 35 
69 50 
73 166 
32 67 
93 12 
13 82 
133 147 
64 150 
56 106 
166 160 
74 21 
30 136 
51 44 
169 190 
15 50 
77 51 
137 83 
72 44 
21 56 
139 19 
19 114 
5 33 
95 51 
130 191 
99 44 
91 134 
12 108 
154 47 
1 191 
28 61 
103 54 
68 48 
17 112 
27 93 
142 145 
77 144 
59 13 
167 58 
34 53 
64 84 
56 37 
83 8 
146 39 
154 138 
101 70 
178 87 
113 74 
23 22 
164 66 
156 18 
165 170 
192 5 
191 6 
69 40 
90 179 
135 172 
19 98 
39 26 
97 27 
34 81 
51 116 
162 56 
137 64 
174 118 
36 48 
5 160 
1 33 
190 129 
113 128 
92 29 
85 68 
42 179 
80 153 
115 22 
11 104 
46 116 
176 105 
82 18 
8 110 
58 147 
124 50 
148 58 
180 65 
156 65 
113 86 
45 146 
133 2 
10 125 
158 120 
28 115 
132 171 
139 32 
82 122 
20 126 
124 28 
96 177 
168 152 
145 167 
118 58 
69 7 
105 48 
154 19 
160 26 
20 64 
103 138 
43 157 
13 40 
8 148 
133 116 
138 165 
87 163 
122 55 
7 21 
68 57 
45 70 
98 39 
84 35 
161 121 
176 4 
110 13 
88 101 
31 122 
18 91 
55 78 
95 48 
56 72 
67 52 
71 169 
58 2 
45 119 
22 93 
65 57 
81 26 
163 58 
138 89 
156 128 
31 8 
38 141 
155 116 
94 185 
129 171 
75 179 
102 132 
40 142 
14 22 
29 185 
182 22 
160 155 
48 117 
28 99 
185 116 
9 111 
5 153 
109 117 
34 16 
100 36 
36 173 
85 123 
131 66 
84 186 
137 168 
143 84 
189 192 
185 71 
96 9 
50 168 
169 36 
162 1 
84 111 
106 111 
13 168 
120 173 
109 30 
139 4 
148 151 
154 5 
49 65 
154 6 
82 57 
55 98 
188 115 
61 133 
136 5 
114 45 
74 40 
152 48 
140 57 
86 35 
139 145 
23 32 
79 185 
23 24 
68 117 
40 96 
130 40 
54 179 
61 114 
148 91 
150 7 
132 177 
135 73 
115 14 
179 128 
103 135 
142 153 
138 8 
47 38 
186 187 
14 161 
103 15 
143 139 
158 55 
186 131 
112 104 
167 157 
37 83 
11 112 
16 136 
88 174 
15 33 
121 138 
12 48 
11 174 
182 10 
59 8 
186 62 
97 23 
148 80 
26 66 
106 187 
55 51 
154 112 
92 19 
160 1 
187 70 
100 189 
174 62 
146 117 
165 80 
98 104 
180 11 
139 135 
130 63 
119 101 
10 54 
48 122 
151 41 
167 75 
110 122 
101 11 
40 164 
58 166 
49 93 
70 37 
142 35 
125 147 
168 99 
17 7 
25 24 
24 78 
64 45 
134 11 
165 161 
149 190 
40 134 
141 34 
168 73 
113 139 
26 7 
45 38 
173 154 
143 28 
28 88 
42 125 
48 157 
131 150 
102 131 
61 73 
3 182 
18 43 
91 59 
69 131 
93 190 
156 166 
149 42 
95 26 
67 48 
190 137 
8 136 
68 128 
60 46 
190 144 
68 115 
69 139 
126 128 
167 57 
117 1 
18 143 
70 3 
169 137 
138 147 
173 20 
190 91 
170 175 
89 55 
40 159 
176 92 
148 52 
7 181 
36 43 
7 98 
119 164 
56 159 
77 94 
33 10 
124 93 
130 52 
77 48 
9 147 
72 129 
121 96 
177 31 
104 191 
151 164 
28 44 
30 185 
188 182 
57 63 
71 121 
72 123 
134 170 
98 28 
36 155 
73 140 
143 57 
83 25 
125 74 
122 171 
38 165 
52 10 
171 64 
130 148 
57 94 
166 63 
66 130 
78 151 
171 124 
143 17 
2 70 
175 98 
177 67 
79 66 
122 186 
68 147 
173 82 
78 150 
59 143 
109 169 
179 2 
128 108 
177 71 
31 154 
182 69 
166 16 
5 75 
140 59 
190 90 
142 23 
177 116 
156 176 
4 5 
26 97 
190 131 
103 147 
138 155 
84 23 
17 108 
172 6 
185 192 
55 41 
102 121 
75 31 
40 53 
185 56 
65 101 
56 184 
57 67 
35 67 
179 11 
171 163 
1 165 
19 108 
160 62 
136 112 
190 102 
43 187 
178 192 
31 24 
130 102 
39 97 
10 26 
34 76 
33 38 
171 120 
154 82 
127 109 
47 20 
51 90 
183 99 
107 1 
76 24 
159 135 
79 25 
11 164 
140 170 
22 17 
23 65 
5 48 
49 127 
94 68 
178 168 
8 15 
47 153 
162 171 
145 93 
30 115 
145 171 
8 103 
146 176 
104 62 
89 183 
104 151 
153 105 
158 191 
18 13 
114 176 
86 176 
114 44 
161 28 
97 117 
57 54 
100 185 
54 75 
77 57 
86 192 
58 38 
99 122 
69 178 
96 79 
13 146 
156 96 
16 128 
117 72 
98 139 
182 61 
103 109 
35 48 
18 117 
39 74 
69 77 
40 34 
5 179 
93 132 
9 167 
108 28 
189 14 
176 126 
19 57 
191 62 
171 46 
2 1 
58 170 
47 130 
153 48 
81 150 
60 116 
59 69 
129 26 
43 57 
192 36 
52 169 
34 174 
64 34 
29 2 
188 135 
127 114 
15 107 
50 22 
150 184 
98 168 
13 134 
41 124 
127 14 
186 171 
2 100 
24 121 
174 81 
3 161 
30 163 
152 158 
23 102 
103 166 
134 63 
114 1 
182 55 
102 37 
186 118 
165 22 
71 25 
3 38 
36 139 
160 169 
68 82 
127 2 
58 169 
129 65 
71 21 
192 152 
47 8 
173 41 
2 61 
47 128 
57 29 
99 65 
137 191 
94 39 
66 56 
59 182 
90 161 
129 21 
118 136 
55 152 
48 73 
73 77 
73 91 
8 57 
119 84 
85 7 
107 24 
186 105 
14 87 
117 181 
46 78 
105 43 
166 80 
23 161 
13 76 
50 183 
179 12 
82 61 
97 56 
75 168 
74 134 
136 108 
168 38 
7 110 
68 80 
37 176 
176 40 
18 142 
104 53 
122 173 
62 142 
82 29 
84 56 
143 154 
85 134 
129 152 
102 60 
80 38 
167 117 
30 14 
63 160 
12 38 
139 16 
72 89 
60 89 
144 32 
87 139 
91 157 
87 56 
151 35 
18 166 
122 30 
48 50 
179 85 
85 5 
59 74 
103 81 
47 145 
135 161 
141 168 
104 83 
37 191 
157 93 
22 46 
130 9 
138 6 
110 29 
14 191 
54 160 
9 91 
30 56 
88 113 
3 39 
141 108 
48 164 
126 67 
104 68 
190 11 
20 4 
19 142 
141 1 
165 83 
184 126 
62 170 
10 165 
181 113 
153 25 
99 1 
64 51 
34 43 
160 144 
135 83 
160 53 
21 179 
53 152 
35 23 
19 134 
137 139 
137 36 
60 171 
143 74 
120 160 
27 126 
5 89 
33 192 
159 119 
132 47 
59 93 
148 57 
120 17 
132 92 
152 50 
99 167 
175 88 
45 159 
13 129 
109 173 
150 163 
13 39 
75 70 
57 164 
113 16 
21 115 
146 48 
80 21 
36 133 
156 155 
143 147 
35 28 
52 164 
16 63 
103 6 
64 107 
184 151 
99 101 
3 87 
97 74 
135 33 
171 11 
66 80 
11 68 
188 139 
29 115 
185 61 
169 96 
87 12 
157 20 
20 26 
4 70 
82 1 
34 160 
31 81 
73 161 
142 100 
34 27 
137 22 
53 166 
145 8 
34 58 
102 32 
159 145 
84 101 
42 109 
144 110 
33 42 
121 36 
32 118 
44 82 
191 165 
179 105 
45 144 
46 35 
92 120 
37 40 
186 29 
29 118 
2 177 
30 177 
73 60 
81 5 
132 8 
44 97 
168 134 
44 122 
106 113 
134 137 
18 66 
32 71 
52 102 
57 5 
177 33 
52 63 
78 20 
33 27 
76 188 
112 190 
16 69 
142 179 
88 69 
153 119 
15 74 
49 28 
11 74 
100 160 
85 152 
31 147 
90 5 
13 108 
76 180 
8 62 
104 117 
10 86 
185 151 
30 63 
122 54 
113 116 
109 56 
153 185 
96 27 
80 169 
167 155 
58 43 
66 126 
156 120 
174 21 
178 99 
9 64 
13 120 
71 162 
105 141 
190 66 
136 122 
140 115 
8 86 
67 128 
44 65 
76 163 
106 136 
41 1 
46 16 
47 60 
165 92 
78 5 
75 102 
68 129 
71 7 
109 162 
188 66 
28 50 
179 16 
35 112 
172 120 
22 13 
50 166 
49 13 
45 148 
71 147 
130 36 
64 166 
134 61 
157 149 
97 25 
95 94 
41 42 
98 192 
43 132 
88 141 
96 30 
180 104 
99 184 
182 108 
65 54 
63 25 
31 108 
178 43 
42 91 
41 73 
126 160 
46 8 
147 122 
189 186 
50 11 
186 188 
158 74 
17 105 
54 79 
74 14 
89 156 
142 115 
1 68 
31 151 
33 191 
98 156 
90 59 
68 188 
188 78 
7 115 
6 130 
184 35 
46 138 
95 133 
109 79 
101 52 
92 34 
128 70 
3 97 
179 191 
23 146 
59 78 
179 15 
130 155 
155 192 
109 44 
119 46 
85 30 
104 100 
133 137 
78 176 
32 192 
97 10 
100 91 
61 104 
103 57 
100 184 
110 38 
113 162 
192 100 
19 22 
180 176 
59 14 
44 96 
116 18 
142 98 
105 16 
69 109 
43 177 
3 16 
61 140 
89 26 
44 158 
61 67 
118 94 
176 12 
63 85 
176 19 
109 140 
164 69 
44 6 
42 76 
149 45 
89 124 
137 18 
23 31 
13 97 
42 162 
93 50 
61 155 
128 52 
115 2 
107 179 
123 81 
67 37 
60 34 
5 127 
99 30 
100 49 
67 118 
5 176 
174 138 
65 158 
116 136 
190 173 
6 124 
108 106 
50 40 
20 136 
25 166 
49 159 
65 45 
46 173 
116 169 
24 190 
38 46 
105 52 
105 111 
124 8 
10 116 
6 113 
116 9 
56 74 
15 138 
91 75 
68 134 
122 79 
125 21 
189 180 
76 189 
154 148 
25 52 
2 53 
68 62 
34 129 
75 184 
13 63 
178 153 
162 98 
40 36 
12 148 
161 134 
81 52 
76 92 
48 56 
9 188 
166 141 
192 82 
2 93 
187 9 
15 94 
126 47 
177 191 
143 50 
186 103 
90 94 
34 87 
128 121 
52 22 
183 4 
49 64 
36 22 
144 59 
136 161 
1 87 
38 28 
104 128 
88 161 
163 160 
146 82 
189 135 
170 106 
185 73 
172 47 
141 72 
178 189 
48 184 
127 92 
173 100 
41 59 
63 101 
111 150 
149 144 
13 41 
165 148 
75 36 
8 126 
190 73 
50 47 
80 167 
180 21 
178 48 
150 147 
184 41 
7 67 
46 189 
24 39 
166 185 
57 97 
24 103 
91 192 
2 97 
178 59 
28 37 
153 78 
130 168 
121 113 
167 33 
60 37 
6 161 
100 41 
185 31 
83 116 
185 33 
143 173 
63 125 
161 96 
97 52 
78 141 
65 83 
150 191 
31 21 
192 164 
44 179 
2 7 
51 110 
152 96 
36 39 
99 145 
84 1 
25 59 
182 82 
169 85 
92 75 
99 58 
140 132 
67 63 
4 120 
1 138 
35 5 
56 112 
119 59 
20 101 
161 24 
12 189 
100 89 
16 131 
29 11 
159 79 
98 4 
163 79 
152 155 
4 91 
8 21 
101 182 
25 77 
110 14 
153 67 
30 111 
120 12 
112 76 
24 133 
3 36 
36 167 
44 4 
128 153 
183 117 
165 79 
32 178 
105 29 
148 166 
189 109 
89 69 
75 65 
172 142 
163 60 
104 34 
188 171 
66 82 
133 33 
14 185 
130 181 
124 146 
100 81 
172 79 
43 170 
135 115 
101 124 
151 168 
157 85 
113 133 
154 46 
31 105 
59 142 
14 40 
167 153 
63 43 
102 71 
157 40 
48 13 
133 56 
39 126 
140 146 
31 83 
62 102 
157 171 
66 38 
122 128 
9 47 
91 166 
165 98 
134 28 
45 94 
20 151 
65 118 
15 71 
54 69 
54 134 
177 176 
156 25 
36 66 
93 137 
130 89 
92 123 
156 79 
89 45 
58 133 
47 165 
92 12 
48 114 
137 86 
96 120 
191 151 
31 100 
96 1 
186 155 
168 166 
63 131 
79 126 
190 17 
144 114 
27 147 
36 182 
157 105 
182 63 
30 192 
69 58 
133 8 
20 139 
8 174 
36 85 
130 179 
171 174 
83 175 
38 106 
127 63 
183 138 
38 55 
137 158 
169 44 
87 117 
126 147 
120 45 
129 37 
88 52 
151 92 
65 7 
100 14 
114 111 
88 53 
43 113 
151 108 
47 138 
90 95 
11 17 
44 188 
18 179 
145 26 
34 65 
24 85 
126 182 
135 85 
47 98 
55 162 
172 155 
29 107 
15 161 
147 99 
12 151 
105 156 
142 6 
74 95 
109 153 
56 138 
10 107 
74 167 
133 71 
125 83 
96 141 
93 184 
148 181 
87 65 
133 110 
15 185 
52 1 
12 78 
15 167 
61 111 
112 105 
142 13 
67 123 
81 132 
11 168 
112 179 
143 192 
29 66 
27 56 
14 182 
122 114 
163 184 
95 87 
99 131 
12 126 
99 95 
57 137 
21 93 
130 112 
165 126 
90 88 
4 89 
79 117 
35 68 
22 60 
28 157 
141 95 
101 143 
108 7 
85 116 
11 84 
181 18 
15 42 
132 190 
70 179 
76 133 
141 44 
180 127 
71 13 
174 191 
69 55 
158 167 
183 26 
132 131 
141 110 
79 112 
27 163 
113 149 
5 7 
22 192 
44 19 
111 31 
129 145 
146 79 
45 82 
112 52 
37 82 
124 21 
85 73 
151 150 
132 118 
38 175 
137 79 
167 115 
62 112 
147 49 
92 115 
18 72 
84 108 
32 51 
51 149 
100 51 
25 131 
190 96 
26 151 
151 37 
175 97 
44 150 
164 179 
31 161 
45 106 
130 97 
10 132 
174 117 
14 134 
18 36 
42 137 
174 146 
75 127 
3 90 
106 36 
51 3 
133 51 
67 138 
57 3 
64 12 
114 41 
167 13 
23 158 
109 41 
36 44 
68 17 
95 181 
152 97 
48 79 
68 52 
21 106 
105 2 
138 71 
57 74 
100 106 
9 123 
166 158 
115 116 
98 160 
80 15 
54 55 
8 70 
23 57 
22 97 
78 29 
70 110 
80 150 
138 29 
185 109 
118 54 
96 142 
45 101 
2 52 
8 141 
114 70 
45 187 
140 32 
64 146 
126 140 
78 3 
125 114 
30 180 
31 28 
161 154 
177 172 
69 162 
75 7 
108 71 
147 117 
61 95 
107 157 
21 192 
30 124 
45 123 
101 95 
20 15 
38 112 
170 60 
35 169 
175 147 
69 146 
40 104 
79 162 
180 57 
136 65 
174 37 
162 37 
164 97 
22 117 
83 120 
156 101 
151 127 
59 70 
73 16 
137 142 
6 36 
170 122 
6 41 
157 74 
21 24 
21 42 
32 10 
160 23 
84 31 
141 106 
8 7 
162 64 
113 51 
79 130 
6 60 
183 48 
89 173 
14 125 
61 34 
151 10 
165 181 
26 148 
48 167 
157 12 
64 187 
96 111 
56 178 
186 147 
172 189 
40 79 
88 179 
40 26 
150 87 
175 180 
181 187 
82 75 
100 127 
152 35 
137 112 
27 151 
180 156 
172 147 
108 188 
128 124 
82 59 
96 43 
99 48 
80 36 
139 105 
65 40 
50 135 
133 60 
93 25 
108 144 
74 70 
50 171 
83 146 
146 143 
132 119 
83 15 
25 86 
135 129 
70 22 
97 7 
43 126 
87 107 
113 30 
103 95 
82 90 
112 148 
156 67 
55 21 
164 109 
43 120 
187 40 
150 84 
119 95 
25 61 
135 69 
107 14 
164 78 
54 108 
17 136 
165 97 
168 29 
62 34 
100 43 
158 75 
58 77 
49 27 
120 186 
191 168 
132 148 
9 175 
96 125 
25 133 
53 161 
120 54 
179 149 
187 147 
157 97 
95 27 
27 32 
182 167 
107 39 
91 120 
104 171 
160 125 
180 182 
60 129 
149 59 
94 52 
3 76 
124 63 
166 10 
91 28 
119 156 
15 131 
41 174 
56 102 
41 45 
138 55 
15 26 
133 171 
63 37 
80 52 
75 142 
153 129 
164 72 
164 46 
44 185 
74 72 
97 161 
99 18 
95 109 
123 56 
50 8 
17 86 
90 158 
153 14 
175 117 
149 185 
20 67 
110 19 
104 36 
84 46 
41 20 
101 27 
153 89 
70 28 
29 84 
122 10 
54 35 
49 179 
91 114 
172 80 
20 94 
142 74 
74 121 
192 71 
77 66 
122 189 
160 148 
110 150 
107 188 
124 123 
192 188 
79 58 
29 102 
114 71 
74 28 
113 37 
189 50 
99 60 
26 61 
3 166 
17 115 
140 149 
68 143 
109 66 
112 45 
92 185 
131 17 
159 184 
72 130 
60 182 
103 12 
55 31 
133 63 
23 58 
4 126 
12 192 
52 139 
166 26 
95 146 
129 10 
120 8 
152 191 
135 70 
121 46 
113 95 
58 88 
131 64 
72 135 
100 136 
77 171 
169 89 
173 68 
53 113 
38 149 
87 157 
183 14 
148 27 
35 74 
82 94 
148 23 
118 66 
44 162 
89 70 
22 29 
133 28 
50 31 
3 153 
44 100 
141 22 
178 164 
31 148 
79 14 
172 125 
28 178 
184 23 
35 126 
126 129 
181 150 
145 4 
156 148 
161 70 
141 15 
67 113 
93 94 
152 172 
164 54 
65 171 
13 135 
173 59 
88 18 
66 87 
73 51 
129 47 
54 183 
91 31 
5 1 
187 108 
47 183 
6 86 
93 56 
139 82 
71 124 
131 175 
152 38 
141 156 
95 164 
145 58 
31 109 
102 166 
152 21 
68 56 
111 172 
55 7 
164 93 
105 23 
27 182 
41 122 
178 107 
189 167 
62 63 
111 47 
126 141 
47 37 
56 52 
59 169 
18 159 
101 169 
27 50 
66 171 
97 131 
135 156 
57 35 
101 32 
30 40 
144 27 
24 144 
153 138 
84 189 
103 49 
85 119 
108 91 
63 169 
144 87 
187 188 
71 119 
24 48 
177 47 
10 89 
168 40 
146 148 
176 142 
56 81 
88 166 
74 107 
16 149 
180 23 
110 146 
144 146 
123 59 
184 69 
51 126 
118 23 
71 16 
116 12 
83 154 
141 25 
129 6 
27 88 
91 135 
14 145 
127 45 
142 47 
61 109 
160 41 
124 16 
45 68 
52 54 
25 171 
153 146 
152 116 
45 40 
61 168 
31 184 
24 126 
60 29 
155 126 
145 180 
191 27 
171 110 
33 126 
114 67 
146 161 
57 55 
138 40 
132 155 
49 105 
177 80 
62 77 
10 8 
86 59 
66 85 
181 99 
123 50 
96 21 
53 92 
168 9 
119 149 
187 51 
71 96 
2 171 
104 57 
184 162 
99 22 
163 41 
132 105 
93 122 
28 125 
149 90 
170 176 
93 163 
17 171 
112 63 
87 71 
61 56 
105 18 
58 51 
134 86 
135 99 
22 133 
126 131 
91 176 
132 175 
129 183 
141 180 
10 9 
108 8 
172 7 
74 185 
128 73 
125 29 
117 19 
177 32 
16 52 
26 121 
136 13 
188 38 
175 39 
175 12 
154 132 
75 51 
94 138 
178 181 
38 54 
113 72 
108 166 
175 36 
184 115 
18 37 
114 11 
185 35 
140 65 
36 109 
143 122 
22 78 
130 178 
119 185 
112 14 
76 61 
39 29 
89 65 
67 188 
27 158 
126 150 
184 132 
23 123 
21 22 
191 182 
109 156 
26 137 
33 105 
187 145 
123 187 
159 54 
117 90 
137 118 
19 26 
183 90 
121 116 
87 156 
49 4 
49 69 
93 140 
41 169 
171 164 
174 3 
168 192 
135 92 
149 160 
120 139 
95 125 
23 98 
17 128 
1 121 
52 153 
117 50 
160 106 
22 172 
1 29 
178 80 
106 64 
74 18 
132 13 
91 40 
77 82 
148 141 
64 139 
153 169 
132 136 
56 169 
151 55 
156 157 
148 92 
85 56 
140 2 
70 1 
42 51 
83 12 
122 8 
4 63 
118 34 
41 185 
118 95 
105 72 
164 67 
145 6 
21 138 
174 25 
24 131 
136 75 
182 117 
164 187 
98 107 
107 92 
64 173 
41 10 
45 59 
41 69 
99 98 
141 177 
144 142 
62 118 
99 21 
51 186 
57 117 
26 60 
95 23 
52 89 
74 104 
158 102 
33 59 
11 15 
143 27 
71 83 
60 191 
181 14 
127 190 
21 133 
72 104 
99 45 
165 122 
30 52 
102 192 
31 174 
136 140 
171 116 
64 38 
74 122 
7 119 
176 67 
45 67 
23 9 
141 86 
6 2 
188 82 
166 43 
192 17 
190 13 
58 165 
65 124 
178 76 
27 172 
191 78 
34 166 
10 181 
117 17 
167 109 
76 9 
91 78 
69 133 
5 21 
145 165 
160 186 
149 152 
118 78 
96 153 
57 59 
183 149 
110 75 
65 15 
39 75 
102 91 
19 88 
33 57 
147 22 
127 70 
81 177 
154 183 
37 114 
99 39 
15 106 
182 87 
25 88 
54 162 
139 173 
7 56 
92 174 
4 8 
22 177 
153 26 
106 119 
67 74 
20 59 
35 168 
25 94 
179 68 
3 144 
57 20 
32 133 
43 66 
120 189 
20 17 
36 163 
39 179 
92 56 
35 78 
189 153 
32 75 
54 104 
191 29 
11 137 
150 18 
33 64 
37 171 
146 93 
143 188 
100 52 
25 18 
13 107 
105 147 
94 174 
67 24 
48 42 
32 18 
131 36 
156 10 
159 138 
12 71 
143 19 
115 185 
81 39 
76 152 
86 116 
177 25 
164 167 
186 22 
146 58 
170 67 
189 24 
99 78 
57 161 
134 7 
113 182 
186 81 
33 85 
34 165 
50 146 
54 71 
123 43 
173 92 
133 121 
31 155 
192 39 
69 145 
68 155 
44 71 
94 109 
57 53 
123 99 
151 144 
84 10 
172 156 
61 89 
140 45 
94 170 
51 70 
102 64 
173 180 
99 126 
154 49 
95 127 
63 33 
67 174 
88 99 
42 111 
16 72 
83 96 
50 92 
164 22 
20 107 
39 152 
53 134 
136 145 
71 104 
71 17 
74 108 
88 133 
150 182 
32 57 
169 120 
54 150 
168 96 
187 184 
40 87 
45 153 
81 18 
51 189 
102 141 
148 69 
89 85 
185 182 
69 37 
79 138 
17 101 
91 64 
143 120 
187 101 
88 185 
90 47 
33 128 
28 71 
77 169 
117 141 
155 114 
159 10 
56 35 
76 62 
29 17 
128 167 
32 124 
114 181 
143 142 
32 54 
29 10 
23 75 
83 126 
165 57 
42 124 
18 5 
63 107 
23 181 
139 54 
155 67 
155 102 
169 150 
58 109 
176 94 
56 5 
130 131 
125 161 
162 147 
96 128 
28 155 
18 21 
100 180 
182 97 
108 154 
170 113 
93 116 
164 37 
76 82 
95 178 
31 126 
192 48 
23 36 
102 82 
90 131 
126 125 
143 5 
50 74 
97 92 
98 121 
170 65 
86 39 
63 181 
117 120 
174 53 
74 127 
125 184 
143 43 
105 12 
191 142 
135 30 
99 154 
148 129 
13 68 
176 103 
149 92 
185 135 
28 95 
184 1 
184 114 
68 14 
51 161 
8 152 
184 131 
180 112 
155 89 
33 108 
154 182 
122 83 
126 65 
21 13 
43 92 
41 31 
144 172 
80 76 
67 190 
191 45 
145 179 
18 16 
106 174 
121 99 
18 53 
108 181 
16 191 
21 36 
25 16 
26 91 
39 121 
69 118 
101 9 
108 47 
166 174 
160 73 
20 51 
58 95 
121 34 
25 90 
81 144 
133 160 
88 139 
28 154 
58 4 
192 167 
157 49 
143 100 
7 37 
182 98 
192 41 
13 3 
32 121 
161 166 
27 139 
149 60 
168 159 
112 186 
154 52 
63 104 
137 77 
49 155 
49 83 
142 105 
161 89 
45 117 
32 169 
14 162 
82 22 
57 71 
121 82 
118 28 
186 129 
154 45 
67 16 
158 5 
117 88 
140 22 
117 158 
134 36 
85 65 
165 189 
87 30 
9 87 
165 119 
49 190 
91 76 
103 169 
117 105 
34 120 
176 108 
3 131 
186 47 
106 127 
1 8 
5 119 
26 96 
153 33 
107 86 
80 46 
36 11 
161 102 
169 107 
116 103 
86 174 
158 128 
178 36 
124 110 
159 134 
81 94 
123 167 
93 121 
189 112 
79 155 
23 51 
23 115 
64 110 
43 73 
93 6 
86 89 
142 44 
93 171 
72 64 
110 97 
98 53 
44 57 
50 25 
4 90 
83 85 
88 106 
68 70 
107 30 
40 170 
181 147 
183 140 
78 180 
180 108 
107 83 
162 82 
105 50 
145 78 
141 50 
32 40 
74 114 
10 127 
66 103 
166 153 
73 89 
81 142 
50 78 
62 51 
46 106 
38 36 
37 73 
183 7 
94 159 
52 133 
154 118 
9 120 
157 83 
185 90 
18 33 
14 108 
148 97 
100 172 
133 101 
188 7 
69 171 
176 81 
134 21 
19 150 
55 132 
140 156 
29 88 
154 169 
114 39 
115 38 
4 152 
38 135 
59 109 
120 162 
4 23 
92 128 
132 128 
127 24 
154 95 
68 160 
55 161 
59 10 
94 54 
161 171 
129 180 
137 173 
186 170 
29 74 
19 145 
51 139 
23 151 
118 114 
131 95 
177 115 
114 190 
156 184 
167 41 
4 61 
10 184 
6 47 
28 120 
183 189 
187 77 
188 137 
174 158 
75 88 
93 186 
14 62 
14 146 
84 14 
121 164 
191 43 
52 183 
168 102 
111 79 
42 142 
96 131 
130 21 
81 166 
74 165 
130 134 
88 43 
135 145 
119 52 
34 152 
171 4 
186 66 
160 61 
158 141 
162 126 
172 192 
85 167 
8 36 
4 14 
150 190 
53 32 
76 108 
150 188 
20 12 
12 10 
191 192 
143 78 
176 186 
155 47 
42 177 
177 44 
60 23 
75 138 
23 191 
70 190 
87 173 
157 112 
93 169 
130 11 
64 25 
72 183 
110 120 
107 168 
68 83 
146 44 
23 46 
97 125 
4 3 
57 141 
116 161 
101 171 
88 148 
30 125 
128 59 
175 52 
160 67 
34 15 
179 150 
84 165 
167 110 
136 111 
15 192 
9 61 
100 11 
41 158 
105 151 
18 164 
97 179 
58 12 
101 107 
67 112 
57 13 
163 17 
92 30 
42 72 
170 72 
23 162 
42 55 
122 47 
165 164 
75 152 
10 92 
20 110 
142 150 
111 83 
116 36 
138 117 
14 123 
104 77 
53 68 
148 109 
134 179 
31 117 
84 154 
136 66 
78 105 
4 42 
6 28 
179 8 
115 113 
142 187 
133 18 
91 105 
62 23 
5 98 
65 175 
160 101 
17 49 
175 89 
106 151 
145 176 
114 24 
33 2 
10 162 
65 63 
11 175 
35 116 
164 29 
34 138 
70 65 
131 77 
175 16 
189 17 
167 125 
91 183 
50 59 
56 64 
76 172 
94 163 
139 190 
90 124 
116 53 
127 139 
133 102 
77 88 
40 172 
101 40 
142 155 
15 162 
167 114 
169 16 
7 30 
8 49 
59 19 
50 73 
26 111 
146 51 
96 34 
9 66 
163 145 
5 190 
10 15 
81 129 
23 67 
27 75 
9 36 
162 176 
93 80 
160 103 
38 133 
148 175 
56 71 
151 16 
163 42 
29 136 
115 183 
17 94 
12 117 
66 127 
156 78 
14 49 
117 113 
158 47 
13 78 
32 104 
110 172 
34 191 
161 147 
92 159 
78 109 
9 145 
72 87 
82 132 
22 145 
113 140 
180 117 
42 79 
36 53 
70 142 
122 46 
45 73 
184 77 
74 43 
83 7 
114 31 
45 157 
38 18 
66 121 
113 3 
20 163 
13 85 
7 94 
41 190 
180 92 
11 26 
80 112 
161 144 
184 70 
37 36 
81 107 
173 42 
83 58 
191 54 
156 108 
181 111 
116 41 
75 61 
83 119 
170 16 
189 128 
127 141 
186 168 
128 8 
169 98 
7 130 
118 79 
43 122 
139 7 
10 37 
164 33 
65 107 
31 40 
157 75 
31 1 
36 26 
162 154 
83 3 
159 67 
23 128 
61 63 
39 182 
65 164 
76 44 
58 190 
94 96 
120 18 
34 77 
89 17 
13 124 
45 103 
86 188 
37 65 
63 35 
143 133 
91 130 
77 117 
22 56 
89 97 
8 96 
118 135 
63 108 
16 81 
102 95 
187 87 
77 85 
55 171 
187 118 
4 55 
121 58 
35 83 
71 127 
185 45 
11 158 
188 99 
104 7 
110 136 
95 158 
143 140 
37 120 
178 162 
76 30 
132 33 
113 25 
14 13 
181 103 
17 51 
113 59 
158 40 
90 113 
60 95 
54 163 
177 106 
49 137 
50 17 
143 104 
168 31 
147 24 
2 84 
78 160 
182 79 
44 152 
159 7 
26 65 
99 189 
90 11 
43 181 
37 16 
91 165 
19 104 
128 90 
91 182 
142 66 
156 145 
188 98 
97 105 
43 67 
100 190 
22 127 
63 26 
17 24 
155 25 
138 62 
30 86 
16 152 
69 163 
72 131 
140 76 
88 11 
148 38 
141 185 
105 80 
26 47 
132 87 
56 33 
95 128 
116 95 
5 140 
96 173 
91 33 
11 126 
13 138 
126 63 
174 60 
122 34 
160 182 
142 89 
115 178 
5 88 
95 24 
178 163 
124 80 
178 151 
189 102 
33 109 
76 11 
3 169 
21 120 
176 26 
97 143 
118 56 
116 77 
134 46 
186 55 
155 168 
78 169 
180 49 
146 171 
170 153 
95 130 
20 74 
41 104 
91 119 
50 173 
172 150 
103 97 
161 81 
180 163 
120 98 
178 34 
94 6 
8 14 
107 152 
11 135 
88 16 
96 114 
121 146 
115 71 
129 191 
153 101 
100 112 
128 22 
185 18 
92 184 
87 47 
79 106 
46 141 
66 83 
107 4 
186 102 
93 131 
120 93 
101 28 
130 30 
158 79 
31 93 
48 130 
1 91 
189 148 
181 137 
20 87 
114 55 
97 166 
59 66 
131 30 
65 117 
134 133 
72 180 
184 88 
118 113 
57 111 
92 104 
28 47 
26 67 
21 1 
119 136 
73 169 
25 55 
130 37 
154 21 
171 61 
188 178 
51 71 
176 75 
182 99 
127 174 
163 186 
172 183 
175 64 
105 83 
3 23 
114 7 
97 65 
146 35 
52 156 
44 21 
44 63 
130 159 
108 168 
132 161 
172 39 
88 86 
56 32 
153 181 
150 91 
177 73 
57 160 
178 6 
77 158 
103 155 
12 62 
31 138 
141 82 
15 13 
61 64 
147 127 
70 39 
175 92 
