172 4715 
284 215 143 70 300 202 179 216 234 297 132 61 209 26 200 81 190 40 187 151 122 113 216 144 52 239 255 175 134 106 175 234 54 280 289 53 61 260 237 98 1 287 142 190 232 283 112 215 245 153 217 92 32 214 221 148 194 182 266 235 171 173 108 73 130 60 51 107 65 251 259 250 26 271 209 157 271 64 67 209 213 166 62 283 86 24 16 142 157 52 258 110 159 52 8 206 58 241 276 40 279 47 214 227 34 2 158 189 93 207 163 237 110 107 296 206 63 31 91 260 295 1 140 245 152 18 126 293 79 197 267 210 107 175 207 112 274 257 16 3 247 148 272 4 265 51 19 281 245 79 167 75 174 235 69 104 112 157 78 90 300 215 162 94 14 223 21 13 203 61 233 49 
136 143 
143 160 
151 168 
6 17 
68 133 
124 142 
172 19 
57 66 
78 140 
105 62 
84 171 
113 67 
66 25 
95 147 
72 10 
124 149 
29 140 
36 53 
25 163 
87 86 
44 6 
153 112 
46 51 
63 28 
19 82 
59 24 
68 37 
10 100 
165 104 
99 109 
126 62 
11 155 
71 147 
31 171 
134 58 
105 67 
91 78 
108 65 
156 114 
8 35 
4 115 
39 88 
37 9 
142 101 
137 142 
166 139 
47 98 
59 153 
40 137 
157 58 
6 9 
59 15 
74 50 
161 40 
43 83 
169 139 
95 87 
130 166 
24 48 
102 160 
71 146 
92 54 
10 50 
158 49 
10 127 
37 106 
52 146 
169 19 
117 1 
88 130 
162 103 
138 158 
50 71 
171 81 
91 77 
154 151 
144 40 
170 149 
106 140 
164 59 
23 61 
91 124 
168 39 
112 66 
162 170 
24 109 
47 40 
133 142 
29 105 
85 114 
32 22 
88 142 
144 28 
100 114 
6 35 
54 150 
108 152 
56 139 
76 83 
168 109 
30 17 
133 169 
162 87 
148 129 
118 11 
66 137 
158 31 
75 172 
85 56 
127 86 
105 86 
35 99 
153 34 
17 151 
79 45 
13 117 
45 63 
22 97 
89 26 
120 22 
1 15 
101 4 
106 46 
89 45 
103 76 
156 158 
133 72 
49 139 
73 144 
9 125 
172 162 
156 165 
138 153 
33 40 
81 63 
101 152 
66 73 
94 145 
30 156 
78 154 
125 82 
145 83 
69 67 
141 52 
45 137 
42 153 
13 98 
92 141 
79 143 
77 162 
166 92 
91 66 
7 40 
38 62 
88 166 
109 64 
22 54 
4 106 
53 162 
44 93 
73 139 
85 109 
121 70 
61 105 
20 44 
103 169 
23 172 
117 151 
2 162 
81 66 
133 59 
165 107 
43 99 
127 28 
20 68 
155 146 
108 120 
22 26 
72 13 
76 167 
29 144 
163 79 
27 3 
171 100 
105 60 
17 145 
121 108 
42 172 
19 107 
147 26 
69 4 
122 112 
115 57 
45 46 
156 143 
146 159 
29 85 
27 170 
6 72 
2 6 
78 71 
155 95 
68 90 
104 44 
90 19 
49 122 
114 57 
127 54 
140 153 
128 123 
58 44 
116 10 
53 149 
138 69 
67 59 
138 74 
3 12 
161 82 
22 114 
84 126 
139 113 
93 162 
66 152 
81 170 
160 26 
4 142 
67 129 
143 61 
49 100 
164 107 
109 80 
46 7 
161 21 
127 131 
88 153 
6 109 
4 81 
79 130 
7 157 
21 101 
135 2 
66 150 
169 87 
166 140 
140 67 
80 73 
20 59 
57 95 
78 34 
142 113 
75 8 
151 27 
123 160 
168 126 
27 134 
34 122 
91 56 
168 57 
71 99 
37 130 
72 137 
145 137 
72 54 
96 21 
73 32 
39 75 
80 107 
61 127 
109 167 
159 29 
163 104 
38 25 
121 12 
159 137 
167 44 
127 51 
66 124 
37 101 
150 102 
1 96 
20 12 
29 45 
166 43 
97 11 
128 157 
18 110 
78 20 
112 80 
21 39 
13 67 
149 118 
65 10 
41 11 
128 121 
5 161 
51 56 
124 154 
93 99 
104 32 
50 155 
36 6 
88 107 
111 130 
120 77 
125 54 
46 31 
92 16 
121 41 
172 111 
30 80 
127 19 
73 170 
110 113 
75 112 
43 80 
3 107 
41 17 
92 110 
101 9 
68 172 
83 129 
132 137 
57 125 
77 125 
36 105 
114 154 
8 82 
38 145 
76 60 
60 150 
98 31 
30 53 
54 39 
92 34 
17 74 
168 65 
93 158 
102 89 
1 69 
113 14 
42 156 
3 150 
163 63 
30 153 
71 39 
59 109 
90 112 
42 14 
149 41 
51 25 
152 64 
25 55 
9 66 
23 100 
24 91 
131 144 
37 27 
28 50 
141 125 
62 90 
164 86 
37 26 
6 100 
115 92 
66 166 
146 44 
156 169 
112 137 
96 155 
58 33 
47 154 
76 87 
68 80 
111 27 
55 104 
157 45 
50 44 
136 19 
108 85 
15 156 
155 147 
132 62 
52 157 
60 89 
48 100 
46 84 
129 168 
120 25 
126 140 
13 99 
94 32 
60 37 
132 90 
94 117 
157 14 
144 85 
120 96 
13 146 
138 161 
172 41 
63 103 
44 96 
84 49 
86 42 
160 33 
74 33 
134 26 
91 58 
32 99 
68 116 
83 25 
51 59 
36 49 
109 27 
91 81 
103 45 
112 143 
167 147 
46 21 
120 143 
101 135 
55 86 
22 3 
135 60 
127 163 
99 159 
3 17 
28 88 
123 139 
38 128 
131 68 
151 145 
113 120 
59 17 
62 170 
1 136 
149 91 
119 145 
99 70 
123 113 
27 171 
64 77 
25 172 
2 105 
64 25 
21 18 
150 1 
47 57 
170 158 
116 88 
100 70 
76 36 
72 113 
156 136 
40 130 
129 59 
1 110 
31 72 
142 128 
67 111 
4 9 
73 161 
2 60 
118 87 
83 44 
51 171 
94 105 
128 71 
8 40 
95 141 
134 148 
166 160 
139 38 
150 99 
171 169 
25 58 
58 118 
33 141 
101 155 
152 46 
126 13 
131 145 
72 83 
114 68 
41 63 
135 59 
62 22 
128 20 
165 19 
169 57 
49 147 
7 129 
71 7 
141 142 
155 115 
132 58 
53 104 
114 160 
81 155 
14 10 
93 65 
9 93 
80 139 
132 8 
69 49 
159 5 
1 169 
161 87 
81 111 
66 164 
83 31 
151 166 
170 115 
144 132 
88 16 
22 45 
141 160 
159 114 
86 133 
43 70 
127 171 
124 29 
6 83 
33 120 
113 34 
112 59 
159 28 
36 102 
30 122 
171 32 
165 68 
69 105 
20 10 
53 23 
160 71 
126 15 
45 139 
154 8 
9 22 
170 14 
80 83 
89 43 
24 37 
128 91 
4 116 
79 42 
62 107 
145 7 
115 19 
150 39 
165 12 
52 148 
49 47 
41 120 
127 164 
146 17 
53 62 
87 17 
160 153 
146 3 
47 51 
2 97 
136 120 
41 138 
9 126 
165 149 
74 153 
77 100 
167 47 
6 138 
118 3 
146 35 
73 47 
35 113 
111 112 
161 164 
118 95 
30 25 
50 18 
117 82 
65 134 
109 63 
160 37 
122 147 
142 76 
82 73 
51 89 
126 102 
84 146 
99 25 
66 17 
29 135 
42 105 
145 128 
84 59 
113 155 
53 70 
94 26 
135 51 
52 59 
70 96 
159 123 
96 66 
103 79 
9 96 
90 122 
66 134 
87 128 
77 161 
137 102 
134 87 
144 118 
113 18 
44 124 
156 116 
2 34 
38 107 
124 98 
19 65 
89 87 
16 40 
142 155 
3 132 
139 164 
108 81 
169 66 
153 172 
17 160 
132 89 
44 107 
32 128 
124 30 
44 26 
51 34 
13 42 
148 35 
135 96 
149 138 
37 92 
37 99 
113 66 
128 50 
131 55 
31 49 
49 50 
100 97 
31 11 
47 165 
68 102 
21 122 
46 34 
124 99 
82 44 
98 3 
134 2 
9 159 
131 59 
141 68 
11 99 
168 112 
139 147 
27 23 
142 2 
94 114 
87 8 
81 6 
168 73 
136 80 
143 91 
1 63 
56 10 
89 42 
113 160 
12 63 
26 170 
23 18 
5 6 
23 154 
149 69 
79 46 
10 167 
124 109 
154 66 
14 1 
33 90 
136 164 
80 102 
154 113 
69 39 
19 150 
41 75 
134 122 
54 4 
112 166 
9 132 
40 58 
41 24 
13 84 
60 30 
62 8 
54 99 
159 31 
105 114 
64 74 
164 113 
6 157 
58 68 
127 141 
63 97 
104 155 
89 38 
169 88 
108 77 
106 66 
3 117 
104 118 
126 158 
84 16 
116 144 
140 13 
28 110 
46 60 
79 125 
75 34 
38 54 
44 94 
125 15 
51 152 
116 21 
154 123 
111 4 
135 147 
19 110 
122 40 
59 117 
113 98 
152 142 
152 153 
108 23 
87 148 
38 35 
63 26 
5 37 
9 114 
124 21 
120 131 
124 100 
88 147 
166 158 
25 155 
72 24 
152 53 
100 146 
71 167 
126 17 
156 108 
72 20 
126 166 
157 50 
125 62 
123 110 
94 160 
124 23 
142 47 
120 38 
5 34 
84 93 
28 74 
17 137 
153 63 
139 152 
164 115 
54 6 
101 75 
146 8 
11 21 
2 92 
37 43 
5 18 
82 81 
160 13 
20 115 
60 4 
83 98 
137 111 
19 123 
165 89 
12 99 
138 27 
75 78 
80 145 
7 92 
147 91 
123 24 
71 22 
97 119 
37 29 
102 142 
111 139 
38 64 
109 50 
8 152 
145 81 
137 147 
28 12 
87 132 
107 121 
166 147 
97 145 
57 153 
171 82 
144 42 
102 52 
144 167 
68 12 
103 154 
50 131 
80 84 
45 147 
15 68 
80 142 
93 120 
120 97 
58 87 
123 60 
142 52 
128 55 
162 71 
145 170 
91 9 
155 17 
164 125 
23 126 
96 94 
168 2 
89 152 
108 100 
104 68 
91 122 
84 128 
117 57 
31 96 
46 75 
145 66 
118 151 
150 84 
6 11 
159 21 
46 12 
123 69 
5 24 
154 106 
99 77 
10 61 
35 83 
25 20 
152 112 
163 124 
67 4 
50 163 
30 108 
164 98 
18 37 
61 107 
63 6 
79 72 
77 79 
108 148 
55 27 
69 14 
70 112 
32 110 
1 171 
163 155 
15 86 
97 40 
64 130 
19 38 
152 55 
90 74 
114 90 
144 145 
11 136 
44 3 
117 56 
157 63 
145 18 
152 54 
8 68 
35 43 
167 111 
123 93 
152 114 
151 73 
134 79 
126 29 
32 17 
139 69 
70 107 
141 3 
60 118 
101 78 
3 130 
101 85 
131 170 
68 112 
26 41 
56 128 
16 43 
105 37 
144 156 
120 166 
172 114 
67 94 
117 70 
164 36 
116 100 
36 94 
20 166 
27 148 
134 132 
104 66 
8 145 
60 152 
133 17 
31 80 
168 37 
115 50 
150 76 
15 155 
72 80 
118 133 
61 144 
14 80 
115 101 
8 103 
62 149 
147 117 
43 111 
110 40 
134 57 
13 51 
29 59 
26 144 
12 164 
26 138 
138 56 
104 64 
115 41 
20 104 
21 115 
24 8 
154 5 
106 166 
128 7 
31 140 
111 92 
132 33 
104 36 
153 119 
101 121 
124 122 
113 82 
21 110 
156 66 
130 53 
29 101 
60 158 
8 139 
85 99 
31 117 
158 83 
69 29 
118 30 
124 16 
61 90 
34 13 
103 107 
16 129 
165 42 
93 143 
119 121 
108 84 
66 38 
26 59 
115 51 
138 157 
129 106 
53 32 
79 10 
139 83 
4 38 
160 36 
161 111 
45 164 
110 56 
6 159 
17 111 
34 131 
87 93 
92 73 
156 107 
123 4 
134 110 
144 162 
58 72 
132 25 
93 155 
139 128 
160 24 
124 64 
38 125 
67 29 
93 79 
117 101 
152 99 
80 171 
48 1 
63 16 
168 3 
54 78 
47 138 
133 80 
137 91 
151 47 
158 145 
136 77 
137 99 
90 13 
20 15 
104 88 
78 88 
87 30 
86 169 
64 90 
22 56 
9 123 
45 171 
94 38 
108 104 
116 37 
128 69 
8 32 
8 51 
20 107 
142 126 
61 110 
95 7 
157 53 
107 130 
64 161 
81 2 
153 165 
18 24 
37 30 
134 20 
138 99 
87 4 
81 169 
97 99 
75 63 
162 97 
70 64 
26 109 
105 107 
73 49 
128 132 
61 24 
65 41 
37 22 
29 120 
47 172 
77 2 
17 2 
110 63 
81 146 
153 24 
97 141 
77 89 
168 50 
96 119 
75 153 
96 111 
57 34 
27 132 
90 91 
28 164 
80 57 
127 16 
95 52 
8 61 
132 1 
150 10 
60 93 
44 68 
123 124 
165 148 
53 8 
147 128 
112 49 
112 46 
140 161 
13 153 
159 166 
128 119 
11 158 
25 2 
151 113 
57 4 
68 97 
131 35 
2 116 
59 81 
76 58 
161 112 
9 75 
73 103 
25 151 
97 96 
165 154 
74 172 
71 94 
149 21 
91 73 
167 153 
67 18 
19 154 
51 64 
100 154 
60 111 
167 119 
40 83 
131 101 
64 44 
149 140 
79 164 
105 9 
66 27 
124 45 
27 147 
23 138 
149 49 
99 114 
109 131 
60 167 
154 49 
90 86 
114 58 
117 48 
17 18 
58 11 
148 46 
74 2 
74 36 
110 104 
37 47 
155 110 
55 154 
7 32 
17 60 
36 55 
126 99 
122 143 
83 141 
75 134 
65 35 
162 60 
122 92 
10 51 
65 74 
150 73 
7 159 
55 102 
40 30 
62 91 
2 14 
70 120 
92 63 
145 59 
117 108 
138 38 
152 134 
143 40 
76 94 
124 97 
66 35 
129 108 
63 165 
70 127 
60 59 
113 3 
70 94 
119 148 
5 56 
94 7 
138 67 
107 50 
117 29 
138 121 
153 44 
46 137 
115 158 
99 149 
140 30 
127 43 
57 76 
84 10 
88 123 
37 149 
158 58 
9 58 
144 141 
92 126 
103 23 
158 90 
113 148 
89 120 
89 107 
69 73 
141 73 
127 155 
121 127 
143 172 
38 37 
105 101 
127 64 
150 95 
147 70 
41 161 
169 121 
75 42 
135 131 
49 35 
150 138 
1 164 
24 75 
50 43 
96 33 
160 15 
111 144 
47 113 
152 4 
130 7 
163 154 
127 80 
60 50 
83 124 
77 106 
121 88 
144 34 
116 38 
21 136 
163 64 
94 101 
132 157 
32 97 
47 15 
41 148 
47 132 
70 31 
170 71 
139 79 
7 133 
54 169 
108 169 
34 88 
113 41 
23 171 
69 84 
160 169 
86 14 
98 78 
48 158 
40 145 
86 80 
60 169 
119 45 
126 127 
115 79 
44 13 
2 145 
77 124 
168 134 
5 94 
67 131 
29 162 
81 71 
6 102 
67 125 
36 163 
130 125 
167 127 
48 25 
38 123 
19 62 
130 134 
35 64 
15 8 
22 160 
31 162 
117 142 
42 104 
99 87 
66 61 
69 93 
88 79 
83 171 
52 134 
120 121 
165 171 
8 171 
70 45 
78 41 
85 102 
79 14 
95 18 
22 91 
136 25 
83 34 
56 145 
85 120 
77 87 
68 67 
165 97 
61 39 
64 73 
67 1 
134 12 
8 55 
20 122 
110 9 
59 105 
150 9 
19 28 
124 49 
161 74 
138 82 
50 113 
162 23 
172 8 
85 49 
27 86 
4 76 
118 128 
61 25 
83 11 
49 121 
167 48 
124 73 
124 22 
48 11 
50 146 
52 128 
82 97 
160 48 
78 19 
83 53 
71 85 
46 156 
161 103 
145 54 
13 26 
98 165 
162 168 
12 131 
34 124 
68 119 
156 96 
18 111 
66 58 
124 72 
163 26 
63 61 
77 65 
139 165 
127 103 
135 28 
120 30 
86 96 
12 8 
55 41 
104 8 
160 54 
19 113 
76 85 
154 129 
71 69 
127 24 
75 4 
92 30 
16 117 
159 13 
5 101 
24 147 
67 160 
11 64 
91 101 
55 56 
117 91 
92 164 
40 37 
74 112 
87 80 
153 139 
121 149 
94 58 
125 14 
55 42 
24 159 
76 52 
164 14 
32 59 
41 67 
59 106 
128 9 
103 120 
80 81 
32 117 
16 41 
156 60 
56 101 
78 35 
24 74 
121 97 
28 160 
103 106 
95 151 
14 152 
144 126 
155 71 
15 54 
93 56 
48 85 
116 22 
150 32 
150 122 
67 44 
65 51 
45 141 
164 100 
172 158 
139 145 
38 163 
41 79 
58 167 
101 149 
14 76 
9 134 
155 74 
64 112 
47 17 
124 63 
119 147 
121 91 
145 100 
27 135 
104 145 
165 2 
16 72 
161 46 
132 56 
46 93 
129 102 
76 29 
52 50 
135 104 
42 103 
172 69 
41 25 
80 36 
139 135 
89 126 
125 16 
146 133 
53 77 
121 37 
113 159 
57 100 
101 28 
23 35 
81 123 
108 126 
117 143 
134 74 
40 150 
93 40 
98 171 
170 138 
141 111 
101 141 
89 172 
138 12 
80 143 
99 140 
25 96 
42 64 
106 93 
77 164 
108 99 
134 158 
96 69 
37 126 
21 38 
128 96 
41 163 
38 153 
151 41 
60 126 
159 71 
148 72 
131 19 
60 62 
164 168 
25 62 
50 136 
133 55 
16 163 
3 66 
91 79 
43 84 
72 65 
39 55 
134 92 
5 95 
93 118 
23 94 
76 72 
163 165 
46 73 
142 3 
46 163 
160 109 
70 20 
81 50 
50 36 
166 155 
79 133 
25 148 
128 29 
88 159 
23 76 
129 91 
80 167 
84 68 
116 161 
84 58 
28 75 
110 24 
120 167 
118 44 
20 119 
108 63 
3 19 
3 77 
106 145 
109 89 
141 57 
115 78 
160 25 
126 129 
93 145 
41 13 
170 88 
65 99 
62 76 
33 19 
117 9 
78 153 
18 119 
23 83 
54 162 
151 36 
138 89 
155 91 
84 116 
121 99 
109 8 
150 104 
26 146 
140 12 
70 73 
52 145 
5 133 
13 61 
22 103 
48 28 
117 120 
44 102 
155 59 
40 121 
120 50 
42 107 
119 55 
22 110 
88 32 
148 125 
157 115 
79 29 
97 72 
32 85 
92 169 
51 1 
142 118 
78 123 
144 13 
41 23 
86 113 
157 163 
129 150 
93 49 
73 16 
60 35 
102 163 
30 38 
59 141 
23 67 
121 43 
86 152 
88 89 
131 136 
130 39 
143 8 
136 152 
15 127 
29 41 
55 109 
129 78 
39 91 
134 144 
47 11 
15 172 
131 71 
139 88 
164 93 
152 131 
11 29 
96 2 
67 54 
57 121 
130 152 
42 134 
142 81 
27 79 
49 98 
45 126 
72 1 
87 12 
37 140 
65 60 
122 85 
125 61 
141 58 
43 11 
148 88 
156 2 
20 147 
110 68 
96 50 
61 55 
3 51 
166 128 
107 37 
99 75 
96 105 
21 104 
23 39 
4 23 
16 81 
1 28 
112 31 
79 34 
54 57 
10 117 
36 7 
141 85 
158 24 
52 47 
60 52 
58 70 
120 28 
2 9 
36 20 
9 12 
2 138 
40 43 
70 29 
65 64 
32 13 
27 48 
101 137 
167 21 
92 158 
99 113 
141 138 
107 127 
171 168 
169 151 
140 65 
98 146 
16 10 
69 113 
139 15 
116 130 
47 102 
55 93 
147 81 
170 43 
146 142 
94 110 
80 9 
50 26 
169 104 
86 9 
169 52 
128 116 
109 49 
64 153 
23 49 
113 92 
94 61 
16 44 
58 89 
94 22 
84 96 
61 154 
48 113 
23 104 
163 107 
20 168 
23 167 
138 61 
112 48 
9 95 
48 154 
90 87 
137 68 
9 77 
18 30 
155 31 
159 117 
46 27 
35 132 
91 17 
25 122 
166 168 
172 62 
60 21 
74 104 
69 74 
58 53 
93 81 
144 41 
5 32 
84 95 
70 26 
34 53 
121 166 
6 20 
52 63 
37 132 
115 89 
31 40 
74 76 
28 104 
75 89 
21 153 
63 44 
123 147 
36 101 
154 153 
100 18 
146 5 
100 15 
119 51 
96 99 
65 147 
10 108 
118 114 
36 86 
72 8 
111 120 
47 110 
73 68 
109 126 
78 86 
86 117 
64 50 
86 167 
58 23 
13 131 
105 104 
52 22 
122 86 
1 152 
32 21 
43 28 
2 27 
104 58 
68 21 
153 7 
46 146 
106 43 
36 47 
96 13 
169 80 
104 33 
133 48 
169 71 
167 148 
20 109 
83 8 
147 148 
52 82 
127 22 
60 64 
141 165 
19 121 
123 148 
146 97 
41 57 
24 26 
168 87 
167 100 
150 103 
67 8 
127 115 
54 131 
78 69 
53 56 
76 109 
132 168 
88 138 
67 101 
12 52 
133 163 
71 10 
76 152 
68 88 
33 102 
32 96 
129 131 
87 125 
70 80 
168 154 
120 112 
111 38 
96 56 
139 117 
14 127 
97 38 
103 54 
70 166 
25 147 
20 97 
60 115 
132 29 
87 88 
116 46 
85 19 
161 97 
20 130 
31 130 
104 18 
111 115 
26 61 
70 111 
121 60 
68 52 
30 102 
24 135 
136 91 
150 57 
163 68 
65 130 
75 115 
146 6 
60 24 
118 26 
151 119 
44 113 
90 172 
34 33 
70 172 
31 26 
32 122 
123 107 
94 102 
78 110 
72 2 
26 98 
139 134 
62 165 
118 76 
86 156 
143 88 
28 55 
35 121 
31 76 
171 39 
30 145 
111 106 
61 102 
58 152 
76 5 
166 109 
7 105 
59 110 
86 94 
135 18 
82 27 
14 21 
77 49 
23 12 
48 164 
12 56 
28 129 
171 123 
39 164 
120 118 
80 170 
60 26 
156 63 
84 70 
16 161 
126 31 
134 117 
165 152 
141 29 
83 51 
34 100 
53 54 
12 170 
9 74 
105 83 
167 46 
39 74 
51 45 
106 114 
147 76 
69 51 
149 44 
50 48 
111 51 
47 31 
97 105 
89 13 
139 120 
140 80 
67 63 
100 101 
155 140 
110 142 
33 35 
36 62 
36 15 
170 123 
78 162 
168 66 
28 56 
151 26 
136 35 
29 44 
76 136 
7 8 
95 165 
26 40 
8 31 
24 63 
130 84 
151 159 
150 149 
48 39 
104 37 
126 169 
41 159 
169 26 
26 124 
126 72 
115 59 
151 170 
61 171 
159 53 
101 124 
29 153 
160 152 
19 98 
123 40 
116 124 
45 8 
27 117 
97 67 
133 150 
137 135 
9 118 
149 36 
102 106 
95 45 
62 161 
160 128 
151 64 
62 4 
148 59 
14 43 
120 42 
87 159 
30 36 
40 48 
63 141 
87 91 
154 37 
138 166 
58 10 
51 39 
132 6 
59 73 
141 42 
153 121 
81 168 
121 112 
85 6 
47 116 
157 85 
141 126 
138 52 
163 120 
144 130 
88 6 
4 90 
19 87 
38 76 
59 9 
9 164 
6 148 
76 164 
10 87 
99 24 
82 115 
20 21 
129 57 
168 19 
14 36 
115 70 
32 141 
166 116 
153 70 
4 163 
95 46 
8 106 
33 68 
169 53 
38 80 
29 121 
113 43 
154 52 
83 136 
60 18 
147 51 
84 172 
161 171 
73 56 
121 62 
153 113 
36 54 
110 60 
158 5 
25 9 
24 102 
89 37 
127 156 
58 115 
5 153 
64 123 
111 37 
100 38 
62 30 
166 167 
1 39 
87 123 
52 92 
132 20 
94 10 
114 101 
9 57 
6 40 
4 133 
144 109 
54 16 
120 35 
28 4 
162 121 
90 134 
70 169 
58 67 
67 34 
70 66 
29 1 
135 39 
64 67 
164 46 
51 150 
4 58 
139 101 
131 169 
122 23 
111 85 
93 117 
28 24 
10 131 
5 31 
30 107 
31 164 
15 84 
45 169 
41 6 
150 50 
11 13 
69 168 
10 81 
143 106 
58 79 
6 87 
148 28 
82 158 
145 35 
17 109 
2 163 
171 96 
124 171 
81 158 
47 131 
27 74 
88 154 
44 72 
113 39 
168 84 
94 146 
145 12 
132 52 
104 157 
135 76 
23 3 
170 45 
130 71 
23 106 
149 127 
124 170 
166 5 
127 160 
37 33 
85 7 
149 13 
45 114 
93 75 
46 155 
62 95 
15 67 
49 135 
125 69 
114 135 
68 122 
59 147 
151 122 
121 51 
40 132 
97 31 
89 150 
143 73 
34 32 
103 96 
139 77 
43 98 
119 65 
10 57 
35 4 
86 106 
131 105 
65 22 
48 83 
167 37 
26 55 
110 49 
35 139 
81 74 
130 11 
119 118 
70 131 
151 155 
148 142 
39 115 
153 114 
15 168 
37 75 
61 33 
14 3 
11 14 
150 82 
57 161 
149 93 
103 135 
25 43 
44 154 
44 49 
162 33 
57 72 
47 83 
57 79 
99 63 
62 46 
49 128 
22 144 
142 86 
3 34 
44 138 
144 45 
157 33 
132 100 
53 20 
44 17 
121 145 
117 133 
168 113 
140 83 
143 30 
158 108 
68 145 
148 143 
146 111 
104 92 
24 56 
16 98 
159 25 
131 42 
75 106 
159 12 
42 135 
17 152 
67 84 
159 23 
107 148 
32 58 
71 4 
121 109 
87 150 
76 141 
157 167 
51 98 
96 6 
108 131 
19 52 
123 117 
121 67 
90 140 
103 109 
28 134 
81 35 
103 18 
45 127 
105 65 
31 14 
95 131 
88 29 
39 45 
43 86 
96 60 
37 93 
119 150 
98 122 
35 71 
122 10 
97 92 
44 75 
85 73 
140 86 
39 3 
70 40 
90 105 
70 158 
122 152 
96 114 
34 17 
123 92 
78 167 
36 77 
66 77 
18 71 
166 113 
141 149 
164 149 
96 112 
72 61 
47 30 
146 105 
14 96 
107 83 
12 93 
42 126 
79 53 
53 74 
121 44 
72 111 
139 68 
111 5 
121 140 
141 50 
133 111 
7 10 
38 8 
12 64 
141 11 
32 139 
87 78 
55 54 
63 89 
27 8 
68 128 
164 55 
21 79 
118 138 
57 106 
57 61 
58 74 
117 20 
56 126 
145 114 
107 29 
73 74 
3 84 
37 137 
150 148 
90 70 
13 81 
72 172 
131 72 
114 127 
23 63 
96 78 
73 156 
108 22 
8 125 
5 64 
49 90 
121 144 
149 59 
164 130 
123 36 
140 89 
90 58 
75 121 
109 44 
66 37 
72 35 
128 79 
111 119 
10 39 
38 96 
115 163 
172 9 
38 16 
134 141 
105 142 
78 166 
72 119 
115 113 
110 165 
91 108 
146 151 
71 82 
50 70 
83 14 
30 109 
128 169 
162 83 
135 7 
105 140 
58 35 
56 114 
166 83 
135 61 
47 53 
56 19 
128 64 
86 163 
90 60 
106 9 
158 55 
76 89 
90 161 
158 167 
92 135 
170 153 
146 90 
4 31 
171 94 
42 163 
6 115 
64 116 
41 166 
111 71 
122 96 
116 57 
96 169 
138 60 
42 51 
63 161 
12 79 
71 122 
28 16 
6 97 
48 58 
69 120 
31 124 
7 67 
10 172 
91 82 
151 93 
107 40 
140 122 
133 49 
120 39 
48 84 
76 27 
26 90 
16 164 
37 6 
33 67 
80 71 
104 111 
41 102 
109 140 
41 81 
108 102 
165 4 
95 39 
88 117 
127 150 
105 121 
67 49 
130 96 
171 35 
55 160 
61 11 
72 168 
68 95 
75 144 
170 163 
150 109 
151 4 
109 69 
90 31 
131 21 
143 43 
108 106 
65 55 
60 12 
150 146 
94 65 
65 98 
17 52 
116 28 
120 55 
12 153 
65 83 
84 82 
78 127 
149 163 
119 47 
88 112 
127 134 
113 70 
25 81 
47 166 
15 85 
104 39 
129 52 
41 18 
71 41 
56 136 
63 42 
164 165 
31 170 
88 4 
149 84 
13 86 
81 1 
148 131 
59 53 
74 15 
61 89 
1 115 
114 59 
134 63 
122 88 
27 119 
42 142 
59 68 
142 7 
128 60 
11 22 
134 171 
167 105 
144 114 
51 95 
12 97 
57 20 
47 12 
62 64 
164 56 
14 58 
30 121 
132 64 
53 71 
93 68 
118 161 
6 106 
157 116 
35 110 
163 6 
34 98 
84 64 
49 60 
140 74 
75 135 
102 128 
138 57 
66 67 
40 57 
96 29 
151 9 
39 127 
168 38 
56 86 
130 94 
128 125 
18 32 
151 51 
16 19 
147 39 
8 39 
89 155 
124 133 
23 116 
3 38 
124 48 
157 101 
13 68 
149 104 
117 109 
39 30 
74 91 
8 44 
5 170 
92 68 
75 95 
80 113 
126 1 
31 111 
2 19 
131 167 
110 170 
2 7 
121 96 
31 15 
27 121 
128 14 
136 122 
93 139 
104 124 
94 156 
64 143 
81 167 
58 27 
111 42 
51 169 
90 9 
71 31 
116 73 
13 172 
12 147 
138 29 
140 132 
46 98 
113 17 
58 120 
32 20 
68 10 
170 118 
89 66 
31 107 
29 34 
47 170 
82 31 
19 79 
43 55 
28 93 
29 118 
127 139 
146 19 
89 125 
117 119 
153 104 
34 20 
82 131 
12 69 
60 124 
76 50 
111 75 
123 46 
118 134 
95 33 
126 51 
36 131 
28 9 
60 31 
62 85 
141 109 
101 122 
38 109 
6 55 
135 134 
158 77 
45 72 
157 49 
129 53 
103 12 
168 139 
172 50 
75 12 
129 156 
48 43 
1 101 
55 142 
29 5 
166 119 
93 92 
147 121 
98 147 
83 19 
136 119 
85 30 
110 160 
26 166 
107 147 
121 90 
120 54 
128 65 
150 114 
157 89 
163 162 
128 112 
162 84 
73 169 
136 18 
165 111 
37 59 
63 8 
33 128 
71 13 
126 50 
136 102 
89 82 
161 39 
40 82 
10 24 
126 88 
147 149 
10 27 
145 125 
60 68 
66 62 
92 95 
65 9 
116 59 
70 67 
155 118 
128 76 
1 154 
170 20 
60 56 
67 93 
80 155 
123 18 
148 3 
167 35 
135 172 
164 19 
62 130 
47 112 
56 99 
75 55 
57 170 
133 11 
143 57 
89 39 
68 138 
157 97 
99 72 
132 5 
60 148 
73 76 
100 78 
104 14 
74 165 
153 87 
11 145 
123 77 
129 86 
133 131 
3 42 
2 1 
5 22 
37 48 
125 113 
161 168 
136 169 
162 117 
159 140 
54 74 
33 89 
131 118 
163 140 
96 164 
126 135 
75 50 
79 25 
75 62 
160 7 
121 118 
20 160 
9 99 
114 82 
10 33 
171 159 
16 113 
57 49 
148 53 
5 58 
43 114 
148 9 
11 86 
104 99 
124 59 
67 151 
96 153 
96 77 
47 122 
27 11 
55 14 
47 103 
40 63 
130 155 
16 170 
26 45 
19 7 
159 32 
94 129 
162 110 
53 163 
142 79 
124 159 
9 72 
98 76 
149 89 
155 19 
55 19 
103 134 
2 94 
132 161 
30 103 
87 75 
41 116 
148 13 
11 8 
172 142 
93 96 
24 88 
40 133 
62 128 
126 165 
158 169 
160 45 
87 165 
136 43 
65 111 
153 77 
152 103 
161 71 
158 86 
125 124 
61 170 
142 9 
37 151 
133 157 
33 86 
46 52 
168 167 
2 83 
120 21 
85 159 
45 6 
49 46 
6 34 
64 166 
149 71 
72 105 
44 59 
12 13 
139 72 
14 44 
91 49 
39 105 
87 120 
109 102 
20 39 
170 101 
158 34 
97 17 
118 67 
144 70 
29 63 
127 69 
33 51 
95 113 
110 116 
132 95 
153 15 
106 44 
34 93 
99 15 
34 87 
105 78 
10 102 
148 144 
120 114 
112 34 
6 98 
37 39 
17 50 
65 58 
78 146 
1 42 
58 172 
79 99 
1 89 
97 15 
105 168 
100 66 
79 70 
136 96 
121 111 
162 137 
73 39 
59 127 
147 83 
151 24 
62 129 
23 168 
148 23 
56 49 
72 128 
125 20 
48 46 
132 79 
142 44 
66 139 
97 30 
101 82 
5 44 
51 17 
165 81 
127 75 
140 84 
109 22 
10 76 
107 170 
10 134 
5 45 
144 7 
58 110 
61 27 
53 160 
3 16 
7 50 
145 103 
159 43 
51 85 
97 14 
125 115 
3 78 
143 11 
109 101 
106 101 
19 81 
43 147 
22 75 
165 161 
93 109 
72 28 
126 7 
146 172 
163 35 
79 138 
159 163 
124 150 
156 166 
116 162 
128 146 
33 119 
119 15 
137 22 
92 72 
140 151 
145 116 
48 26 
22 118 
53 11 
100 141 
3 91 
53 73 
94 16 
28 76 
19 116 
93 43 
90 124 
149 139 
21 65 
114 157 
103 71 
41 136 
50 56 
80 108 
115 112 
117 156 
49 131 
86 81 
143 109 
65 82 
82 59 
8 100 
83 126 
167 171 
39 18 
22 80 
129 135 
111 33 
161 68 
43 13 
22 163 
86 165 
3 81 
91 96 
132 120 
155 83 
69 62 
153 125 
158 47 
46 2 
50 16 
14 25 
61 69 
152 144 
138 163 
2 24 
46 159 
53 141 
63 171 
67 144 
66 59 
171 120 
129 166 
144 50 
132 141 
48 95 
21 66 
33 108 
151 134 
82 157 
146 162 
7 17 
88 2 
24 132 
129 30 
100 84 
13 101 
95 73 
109 68 
60 139 
103 125 
153 126 
70 161 
15 111 
145 129 
135 19 
156 105 
66 151 
166 67 
25 97 
131 48 
156 121 
93 35 
15 80 
29 102 
100 16 
12 90 
83 46 
110 147 
114 92 
141 51 
154 3 
46 41 
2 144 
90 59 
168 138 
2 26 
171 64 
110 93 
1 25 
138 115 
18 19 
95 145 
4 12 
159 72 
95 124 
37 12 
162 14 
14 65 
158 15 
81 94 
42 62 
9 43 
112 103 
112 78 
81 14 
108 111 
6 24 
146 168 
2 98 
166 54 
35 1 
11 100 
171 67 
111 12 
171 86 
91 5 
143 70 
87 62 
118 157 
11 126 
140 62 
97 116 
110 149 
102 88 
78 108 
148 11 
110 42 
105 5 
113 130 
21 109 
117 104 
104 134 
22 35 
57 128 
128 104 
117 76 
139 155 
100 151 
90 99 
169 102 
114 109 
165 75 
88 77 
99 51 
150 98 
151 7 
153 84 
96 98 
10 9 
156 51 
13 29 
150 4 
79 111 
47 14 
148 103 
64 58 
68 24 
118 49 
15 89 
159 91 
30 43 
164 160 
162 41 
39 43 
147 114 
162 109 
44 145 
102 91 
4 125 
39 4 
123 30 
82 39 
66 86 
92 170 
31 123 
62 28 
163 105 
117 52 
21 78 
49 119 
29 110 
82 64 
123 135 
62 112 
139 121 
46 1 
121 80 
105 13 
45 50 
108 28 
34 1 
121 163 
102 130 
77 133 
114 77 
11 35 
81 150 
101 128 
5 69 
76 79 
19 166 
84 77 
120 71 
163 65 
142 50 
37 83 
139 87 
166 9 
95 35 
70 42 
122 50 
44 54 
153 133 
32 41 
140 95 
57 22 
82 9 
149 83 
103 133 
46 59 
159 64 
66 22 
145 112 
69 108 
86 20 
162 18 
164 144 
123 150 
88 44 
88 37 
129 50 
140 142 
62 111 
22 172 
142 17 
158 120 
2 67 
20 93 
143 163 
36 71 
63 127 
68 142 
93 153 
51 137 
146 169 
25 75 
160 97 
148 95 
166 71 
38 167 
131 87 
48 172 
96 115 
1 102 
50 69 
16 14 
170 167 
170 125 
21 98 
21 152 
76 106 
156 20 
9 33 
23 71 
50 159 
135 124 
138 148 
12 58 
28 96 
118 88 
81 36 
13 133 
131 23 
160 29 
58 106 
169 118 
162 112 
103 88 
121 74 
136 92 
23 152 
143 26 
26 102 
22 166 
97 91 
67 73 
104 133 
158 119 
9 139 
130 121 
142 163 
10 128 
45 97 
159 132 
146 2 
20 129 
30 100 
11 128 
71 140 
172 80 
147 15 
150 161 
17 76 
84 27 
70 62 
10 74 
47 16 
83 159 
81 143 
172 81 
84 9 
24 58 
28 145 
83 75 
65 115 
137 141 
3 63 
58 122 
60 11 
39 50 
147 104 
62 171 
24 44 
148 92 
43 138 
115 22 
95 168 
76 65 
90 81 
127 125 
120 137 
70 97 
47 78 
170 93 
127 66 
110 163 
20 80 
18 159 
112 15 
160 117 
6 113 
135 33 
34 89 
132 32 
11 30 
121 93 
90 21 
93 161 
117 124 
38 95 
22 39 
40 20 
132 121 
82 118 
106 79 
2 109 
123 22 
172 51 
78 83 
40 159 
27 97 
6 43 
143 114 
162 90 
105 143 
65 11 
140 66 
70 104 
32 86 
18 153 
36 57 
159 158 
99 147 
135 86 
50 167 
38 151 
23 141 
26 91 
102 74 
33 161 
168 150 
5 163 
137 67 
7 61 
54 168 
142 168 
87 53 
40 42 
95 58 
102 117 
9 138 
165 101 
110 167 
75 36 
22 125 
31 19 
127 34 
107 33 
42 19 
65 67 
33 13 
157 29 
30 65 
150 83 
146 157 
48 136 
42 58 
58 124 
85 96 
83 33 
159 93 
164 106 
59 170 
84 57 
64 19 
97 78 
38 70 
121 89 
123 76 
110 146 
87 143 
42 125 
2 69 
92 120 
161 25 
163 161 
16 51 
123 125 
30 55 
145 142 
143 108 
65 37 
65 61 
57 82 
47 152 
166 127 
91 63 
110 36 
90 32 
63 80 
50 112 
167 66 
22 38 
26 65 
143 158 
19 1 
150 101 
100 71 
65 151 
106 130 
160 21 
39 67 
55 97 
158 14 
52 91 
155 116 
11 87 
10 107 
170 144 
64 136 
141 136 
24 122 
7 42 
31 13 
163 27 
58 19 
72 130 
143 23 
163 15 
14 161 
97 131 
61 37 
2 93 
46 85 
5 43 
37 53 
54 130 
24 90 
59 139 
167 25 
46 89 
96 19 
163 98 
12 91 
78 24 
35 127 
40 46 
154 132 
165 57 
99 67 
126 5 
22 167 
117 30 
91 53 
20 161 
69 100 
50 47 
132 135 
150 132 
152 74 
60 91 
31 100 
36 162 
49 19 
168 30 
153 142 
133 97 
90 63 
68 99 
43 2 
30 160 
119 12 
31 153 
18 27 
48 89 
34 166 
67 20 
22 130 
142 16 
162 101 
125 53 
88 135 
143 101 
145 6 
101 163 
66 54 
1 16 
163 44 
34 47 
168 136 
60 131 
122 55 
157 164 
22 107 
82 38 
16 52 
52 74 
163 141 
149 32 
69 52 
145 169 
107 46 
3 32 
86 141 
82 109 
58 137 
98 71 
59 2 
14 156 
32 137 
152 94 
17 154 
37 146 
109 12 
85 165 
111 107 
121 141 
32 109 
89 65 
98 157 
150 135 
135 3 
14 132 
35 37 
75 18 
26 38 
100 14 
4 45 
172 79 
130 161 
104 79 
92 24 
118 108 
24 55 
147 1 
122 36 
155 55 
171 78 
84 169 
92 9 
49 111 
68 22 
68 123 
22 119 
21 94 
168 144 
30 141 
125 13 
16 103 
38 10 
16 4 
156 168 
140 70 
77 132 
52 123 
14 123 
20 74 
72 158 
5 145 
86 59 
124 134 
18 172 
11 110 
127 135 
129 9 
123 49 
15 82 
63 82 
54 11 
157 55 
10 92 
12 71 
84 44 
120 165 
98 114 
94 90 
15 69 
69 47 
90 37 
142 147 
101 96 
158 91 
93 5 
97 9 
50 33 
135 9 
113 100 
172 165 
92 156 
66 55 
123 12 
118 143 
129 151 
70 46 
122 48 
77 170 
3 65 
106 39 
115 152 
56 147 
77 154 
117 78 
8 65 
77 19 
128 153 
120 168 
157 71 
51 134 
170 48 
66 48 
17 115 
6 39 
18 72 
24 35 
66 123 
7 84 
47 56 
106 83 
30 136 
151 59 
48 13 
5 125 
167 142 
159 4 
38 159 
122 22 
4 154 
52 93 
112 57 
132 68 
83 113 
61 67 
111 30 
89 73 
86 130 
71 117 
31 57 
153 122 
93 66 
77 16 
15 64 
129 164 
142 160 
28 21 
79 114 
125 111 
4 84 
82 168 
110 37 
118 163 
169 113 
171 113 
121 159 
168 140 
105 111 
151 48 
113 84 
28 66 
73 19 
119 36 
48 109 
90 144 
25 82 
154 146 
140 32 
33 170 
129 123 
88 65 
17 58 
134 119 
172 132 
96 157 
13 53 
162 67 
150 97 
45 64 
91 152 
113 30 
13 3 
51 32 
102 110 
170 104 
66 52 
167 150 
26 5 
119 157 
61 126 
58 163 
21 61 
165 35 
1 100 
9 8 
10 119 
153 14 
75 149 
96 117 
129 87 
137 110 
34 118 
141 156 
99 28 
142 30 
158 171 
38 132 
54 84 
93 53 
89 104 
53 127 
31 101 
102 105 
31 142 
7 37 
47 65 
96 67 
164 64 
80 82 
29 111 
172 30 
73 172 
78 84 
18 160 
157 28 
3 134 
65 44 
154 18 
147 105 
131 96 
42 101 
51 117 
45 108 
63 51 
24 154 
109 136 
111 127 
87 83 
122 17 
28 97 
31 121 
20 143 
142 114 
164 124 
162 124 
79 94 
31 169 
136 98 
18 99 
43 142 
36 168 
135 102 
155 126 
115 123 
64 43 
92 91 
22 135 
150 59 
144 60 
47 39 
68 170 
99 163 
124 145 
111 48 
101 74 
139 90 
120 78 
18 86 
15 118 
41 64 
126 120 
123 10 
94 39 
26 12 
133 149 
102 75 
101 30 
56 20 
99 153 
123 111 
60 142 
71 60 
29 2 
157 117 
72 145 
22 83 
65 33 
133 16 
138 116 
161 110 
27 129 
148 152 
142 27 
126 143 
34 94 
144 104 
67 110 
134 81 
95 142 
39 170 
47 133 
105 171 
136 71 
103 93 
122 166 
100 28 
65 96 
133 109 
42 161 
170 137 
50 166 
30 26 
138 169 
147 78 
21 34 
160 50 
165 119 
24 118 
83 90 
154 135 
45 86 
46 25 
168 14 
95 27 
58 128 
106 54 
91 13 
123 101 
2 139 
48 54 
158 151 
91 88 
145 108 
142 57 
99 40 
147 129 
32 165 
77 32 
121 9 
39 66 
87 59 
96 140 
92 131 
84 117 
12 160 
162 86 
57 16 
156 115 
108 122 
55 138 
123 42 
30 106 
102 82 
45 84 
92 155 
146 64 
113 27 
148 155 
84 119 
59 122 
155 73 
16 153 
122 105 
58 153 
45 153 
115 49 
23 123 
58 77 
129 109 
124 41 
61 153 
133 43 
79 38 
99 6 
75 5 
11 113 
170 9 
111 156 
103 130 
7 60 
14 41 
139 102 
111 145 
50 66 
116 113 
43 158 
52 94 
69 115 
35 107 
145 3 
118 166 
20 108 
70 17 
82 67 
60 133 
142 1 
79 24 
149 153 
146 59 
127 18 
160 103 
37 77 
17 149 
35 61 
157 34 
50 19 
160 8 
119 66 
76 92 
18 53 
171 76 
166 31 
1 160 
167 88 
155 161 
137 160 
151 97 
92 35 
95 135 
154 45 
117 46 
150 20 
159 95 
74 44 
157 87 
72 118 
136 38 
20 140 
88 160 
123 90 
12 54 
131 1 
99 128 
36 78 
161 15 
134 22 
68 19 
111 84 
16 131 
34 84 
112 113 
135 80 
14 28 
124 54 
83 12 
165 134 
170 160 
10 63 
149 29 
98 86 
158 100 
151 43 
91 170 
20 17 
58 2 
132 112 
137 4 
36 31 
92 151 
55 85 
129 110 
73 88 
113 8 
141 62 
24 101 
86 29 
156 37 
154 102 
134 89 
142 149 
108 123 
61 122 
28 125 
6 126 
150 44 
152 70 
42 6 
9 119 
157 30 
52 98 
71 66 
14 107 
21 44 
148 91 
108 159 
4 3 
84 72 
158 28 
33 168 
76 68 
2 86 
80 158 
43 140 
63 155 
52 119 
59 167 
34 138 
108 53 
107 15 
38 6 
73 84 
114 86 
87 146 
3 115 
171 44 
28 156 
162 72 
3 161 
144 171 
171 2 
98 80 
148 126 
142 143 
168 42 
54 104 
141 84 
92 55 
52 121 
125 92 
33 131 
2 140 
147 163 
112 32 
95 60 
153 115 
94 8 
2 91 
119 74 
74 25 
170 135 
161 149 
62 12 
36 24 
156 65 
81 153 
100 91 
158 42 
57 139 
88 163 
100 9 
63 27 
89 118 
143 18 
60 113 
153 41 
150 170 
163 130 
25 50 
13 145 
146 91 
103 157 
76 131 
86 88 
51 170 
123 136 
133 14 
148 32 
111 19 
133 50 
86 91 
125 31 
44 10 
35 34 
114 70 
133 106 
90 95 
101 81 
116 5 
68 147 
88 70 
45 38 
78 22 
43 107 
143 24 
156 118 
143 7 
41 160 
1 166 
124 28 
111 159 
155 6 
97 4 
143 169 
65 137 
31 25 
94 41 
27 13 
140 114 
41 37 
86 52 
149 145 
127 152 
142 99 
78 42 
55 105 
78 79 
129 72 
168 59 
126 111 
97 137 
57 107 
73 44 
142 157 
48 71 
74 123 
24 148 
147 44 
162 167 
94 111 
63 79 
92 103 
79 64 
163 37 
18 45 
107 6 
112 7 
38 106 
149 92 
54 73 
162 125 
152 65 
39 142 
163 34 
125 139 
2 75 
119 24 
39 159 
99 42 
170 166 
133 119 
104 122 
60 43 
159 122 
7 79 
1 77 
151 13 
71 104 
48 130 
52 172 
107 141 
55 2 
124 81 
16 13 
154 62 
80 166 
90 85 
51 31 
170 120 
83 73 
119 159 
26 54 
129 66 
170 55 
29 33 
104 73 
118 7 
38 65 
44 161 
131 119 
88 151 
28 118 
23 134 
18 55 
153 166 
141 105 
164 138 
111 166 
60 69 
155 144 
57 33 
31 84 
26 126 
28 46 
7 163 
18 52 
52 27 
138 87 
48 145 
21 86 
51 7 
148 38 
28 22 
91 71 
19 124 
162 46 
2 45 
33 122 
4 34 
84 17 
74 146 
50 3 
162 152 
66 111 
36 35 
73 126 
98 123 
19 109 
105 25 
32 71 
56 103 
135 11 
158 155 
17 9 
92 74 
55 126 
26 120 
131 99 
105 145 
53 166 
11 101 
120 65 
102 28 
15 5 
24 25 
1 141 
150 43 
7 99 
164 94 
153 164 
171 70 
38 20 
137 154 
125 102 
103 40 
169 135 
49 152 
140 48 
25 42 
126 3 
106 1 
149 107 
82 154 
41 10 
142 77 
73 105 
104 45 
56 40 
11 75 
43 163 
18 57 
86 126 
151 87 
115 159 
58 15 
94 93 
74 154 
147 21 
61 121 
95 107 
168 123 
85 124 
1 105 
4 73 
122 89 
155 109 
149 108 
154 86 
35 124 
54 153 
33 1 
72 73 
109 33 
63 148 
141 21 
154 164 
159 81 
29 125 
139 44 
23 92 
34 109 
106 16 
136 17 
147 57 
101 16 
151 63 
34 156 
28 82 
72 138 
128 23 
156 101 
33 145 
30 93 
74 51 
110 154 
107 108 
61 134 
33 112 
85 23 
43 17 
29 97 
87 55 
99 83 
78 143 
73 134 
134 116 
116 112 
51 101 
58 54 
70 124 
80 88 
156 155 
57 42 
81 58 
36 146 
11 103 
99 118 
3 156 
101 166 
168 100 
31 85 
160 66 
92 44 
58 108 
168 70 
58 45 
97 148 
147 171 
92 69 
28 85 
99 23 
99 111 
45 168 
54 119 
74 99 
82 143 
69 129 
9 14 
78 1 
58 140 
142 40 
100 159 
102 7 
156 54 
46 94 
10 132 
152 126 
141 20 
157 64 
13 97 
85 171 
77 29 
80 97 
100 37 
63 9 
138 108 
1 31 
153 143 
166 46 
117 7 
163 82 
99 4 
70 148 
63 20 
106 110 
126 68 
138 127 
139 46 
72 153 
144 110 
71 3 
139 23 
84 142 
131 38 
26 15 
145 143 
139 14 
128 110 
102 50 
85 152 
96 35 
44 32 
76 95 
1 118 
6 136 
42 102 
58 36 
43 1 
165 38 
63 74 
170 141 
145 113 
154 20 
105 48 
71 57 
89 49 
82 134 
118 54 
153 83 
63 15 
13 123 
145 109 
33 39 
1 104 
54 31 
40 22 
135 91 
102 4 
55 33 
63 65 
90 155 
147 132 
4 117 
148 156 
162 42 
81 72 
170 140 
57 90 
30 34 
153 67 
112 29 
78 99 
90 16 
145 118 
112 20 
87 54 
149 152 
109 11 
170 38 
103 137 
33 43 
92 96 
130 38 
91 130 
112 44 
7 88 
106 3 
114 65 
36 52 
75 108 
76 46 
78 172 
75 52 
140 25 
146 145 
68 118 
54 144 
16 168 
102 118 
146 149 
111 7 
54 50 
21 150 
119 170 
40 170 
31 104 
165 144 
159 168 
78 6 
126 97 
70 150 
117 25 
106 50 
127 46 
169 162 
75 61 
115 11 
57 151 
81 24 
23 118 
126 77 
117 169 
101 53 
83 142 
52 9 
77 167 
90 39 
35 54 
149 98 
107 71 
30 16 
102 2 
88 84 
110 26 
26 114 
97 86 
63 17 
104 59 
10 64 
97 107 
4 64 
157 75 
125 56 
152 7 
129 75 
102 156 
82 72 
145 16 
138 122 
85 147 
5 110 
110 168 
135 17 
11 166 
94 20 
93 58 
82 22 
105 113 
73 14 
107 68 
34 59 
27 144 
32 153 
11 127 
146 101 
82 47 
20 47 
152 111 
149 131 
64 61 
54 117 
26 105 
99 112 
106 40 
7 166 
19 120 
16 139 
43 164 
98 109 
148 67 
106 20 
45 158 
171 77 
19 5 
154 136 
79 60 
57 171 
167 116 
25 73 
156 159 
109 112 
139 106 
170 172 
153 76 
28 31 
164 119 
128 168 
70 3 
13 155 
49 64 
94 17 
128 31 
64 31 
141 119 
51 4 
143 51 
69 76 
100 21 
4 105 
157 113 
31 22 
169 149 
142 75 
37 8 
31 32 
58 61 
76 11 
103 62 
37 63 
49 136 
140 92 
45 142 
17 170 
152 95 
91 120 
82 68 
143 63 
154 54 
97 88 
73 121 
67 19 
99 17 
111 98 
27 81 
35 125 
165 46 
84 159 
101 54 
167 130 
28 154 
134 105 
67 21 
153 60 
143 59 
89 29 
159 61 
169 101 
7 106 
147 84 
105 46 
32 93 
25 77 
62 83 
129 35 
140 69 
54 97 
23 22 
45 112 
124 6 
4 48 
26 53 
121 78 
65 6 
140 72 
85 80 
54 96 
55 62 
115 166 
53 42 
36 111 
133 2 
52 57 
63 83 
37 32 
135 111 
148 37 
119 94 
51 109 
123 26 
76 19 
172 96 
33 54 
18 101 
104 107 
67 163 
90 6 
113 101 
15 141 
45 94 
33 147 
69 154 
57 148 
94 56 
50 105 
14 85 
64 54 
87 65 
128 25 
67 132 
146 1 
117 103 
138 130 
170 15 
105 136 
139 6 
122 137 
132 4 
39 138 
45 96 
79 1 
106 85 
166 132 
81 141 
95 143 
68 166 
82 4 
24 96 
29 147 
88 140 
165 131 
50 82 
79 162 
150 160 
69 132 
159 97 
123 158 
98 33 
141 162 
36 13 
34 68 
65 113 
139 63 
96 76 
114 139 
112 117 
146 47 
21 117 
83 9 
93 76 
16 137 
55 73 
170 109 
157 79 
13 110 
154 9 
68 105 
52 116 
102 153 
124 153 
135 144 
128 159 
155 125 
117 170 
25 16 
48 19 
137 47 
158 65 
29 155 
72 95 
51 146 
66 16 
140 119 
22 113 
75 17 
3 144 
44 48 
168 141 
126 44 
170 108 
3 35 
115 129 
18 116 
58 69 
155 114 
53 86 
104 52 
125 100 
100 140 
109 111 
128 122 
61 50 
159 63 
172 20 
67 136 
29 23 
103 39 
109 16 
136 82 
81 78 
20 1 
152 135 
50 57 
91 25 
100 41 
90 119 
4 36 
114 47 
44 117 
156 72 
105 71 
122 82 
102 21 
133 57 
61 32 
44 46 
27 156 
162 5 
66 4 
5 25 
153 168 
36 127 
143 139 
