154 4249 
136 236 199 54 236 78 25 283 30 185 11 291 220 246 179 108 284 34 99 239 130 26 97 113 154 111 167 57 43 285 204 4 202 59 156 146 255 185 174 287 240 94 94 272 220 71 213 99 4 109 258 41 200 143 226 64 43 164 252 3 1 216 94 214 20 71 254 68 63 109 112 116 56 57 99 22 67 254 270 250 241 184 203 200 111 131 226 164 130 257 130 86 169 229 291 15 77 138 156 226 277 107 52 204 123 261 163 74 39 160 86 190 295 46 42 29 274 282 206 157 86 198 40 159 63 237 47 220 3 14 7 119 228 3 288 79 271 254 226 150 199 115 213 174 132 278 190 212 165 13 31 133 82 244 
137 47 
150 56 
137 41 
42 73 
117 122 
90 93 
22 147 
142 22 
38 120 
132 1 
20 104 
90 136 
153 134 
148 114 
58 10 
131 136 
152 151 
71 129 
2 130 
94 138 
7 17 
142 103 
39 151 
68 56 
46 82 
18 114 
130 135 
81 143 
3 45 
109 72 
7 97 
106 101 
76 9 
99 16 
47 12 
152 77 
103 140 
152 31 
56 5 
93 61 
153 50 
134 89 
35 138 
60 21 
76 89 
49 147 
105 125 
36 11 
13 57 
1 126 
141 50 
17 39 
62 85 
104 145 
31 8 
126 131 
116 15 
138 31 
6 47 
60 66 
128 93 
21 66 
3 27 
131 91 
18 131 
12 88 
80 140 
116 52 
135 106 
116 126 
136 44 
25 151 
7 105 
111 114 
105 144 
10 8 
20 5 
1 125 
57 154 
69 115 
57 20 
84 20 
150 15 
70 30 
56 115 
154 85 
138 8 
111 90 
35 148 
116 4 
26 30 
127 136 
80 96 
15 21 
141 152 
61 27 
32 12 
29 98 
48 18 
24 99 
94 2 
123 99 
36 138 
3 2 
5 4 
119 13 
54 108 
152 1 
45 107 
23 8 
112 109 
120 15 
10 33 
55 69 
148 65 
12 51 
148 33 
71 84 
14 105 
85 107 
57 124 
95 44 
96 67 
15 11 
28 82 
85 147 
36 34 
21 125 
61 78 
135 103 
18 128 
36 24 
15 101 
150 60 
4 123 
154 64 
32 143 
96 75 
26 34 
47 89 
88 98 
1 115 
81 72 
119 133 
85 125 
54 112 
41 95 
120 45 
59 50 
4 124 
14 44 
87 28 
86 64 
142 117 
9 29 
152 93 
30 55 
41 117 
64 22 
115 82 
128 87 
46 19 
55 135 
33 125 
85 99 
55 107 
151 128 
90 45 
77 126 
154 36 
81 132 
4 90 
116 55 
93 154 
73 15 
104 132 
107 72 
111 28 
28 95 
37 17 
110 79 
62 53 
66 111 
126 129 
91 84 
33 28 
131 77 
47 29 
90 99 
32 58 
51 152 
13 136 
95 9 
102 63 
143 34 
5 112 
12 135 
50 10 
82 124 
46 51 
43 15 
56 84 
1 10 
84 10 
72 114 
47 115 
22 8 
54 11 
113 89 
109 24 
88 100 
125 30 
59 108 
7 35 
38 148 
82 37 
134 110 
51 86 
148 22 
81 94 
107 130 
19 53 
151 147 
16 149 
24 118 
35 92 
97 12 
116 89 
83 23 
27 86 
90 40 
22 74 
10 133 
30 138 
30 65 
95 133 
22 25 
122 75 
38 45 
27 118 
102 110 
7 63 
24 110 
139 90 
107 34 
28 23 
144 121 
80 121 
111 125 
63 54 
118 103 
96 152 
150 81 
10 145 
118 86 
68 41 
129 32 
92 12 
77 117 
79 39 
138 80 
81 152 
17 60 
135 5 
61 147 
86 30 
59 56 
86 119 
70 42 
76 19 
100 47 
107 53 
31 34 
54 15 
53 43 
120 64 
97 82 
145 125 
44 50 
113 135 
72 50 
145 28 
73 87 
125 20 
93 126 
8 38 
85 131 
27 33 
72 131 
37 88 
112 49 
121 153 
101 66 
26 129 
66 102 
108 85 
23 109 
47 28 
4 153 
42 87 
3 103 
47 126 
138 25 
61 144 
140 51 
5 61 
86 101 
92 97 
127 130 
47 16 
38 153 
23 144 
113 32 
7 28 
56 69 
34 101 
3 78 
106 36 
120 69 
135 122 
133 70 
125 6 
154 136 
78 17 
91 94 
97 4 
129 79 
24 2 
97 95 
15 129 
81 49 
40 65 
39 135 
23 71 
86 120 
48 79 
54 25 
45 136 
134 80 
148 61 
64 33 
124 148 
142 54 
142 70 
87 57 
73 4 
66 120 
113 56 
16 2 
92 10 
64 114 
129 103 
7 59 
46 54 
113 146 
43 17 
27 102 
27 73 
121 25 
76 95 
84 12 
30 25 
103 48 
46 148 
26 2 
39 143 
72 147 
22 107 
32 134 
9 106 
147 131 
68 34 
97 38 
96 74 
20 67 
110 20 
84 90 
64 118 
154 68 
2 139 
120 76 
104 45 
63 39 
84 98 
12 127 
43 89 
99 17 
58 80 
13 122 
36 124 
8 83 
45 97 
124 43 
112 150 
6 63 
100 151 
4 109 
104 138 
49 146 
132 31 
83 50 
40 34 
74 127 
124 127 
23 96 
45 31 
58 57 
47 22 
72 113 
69 91 
74 108 
122 40 
59 13 
153 119 
92 119 
60 47 
133 145 
104 79 
104 102 
49 102 
54 57 
104 4 
106 44 
131 137 
101 58 
110 55 
153 1 
13 83 
130 57 
63 25 
107 111 
134 58 
28 51 
126 11 
3 134 
150 93 
94 37 
99 82 
61 35 
148 135 
91 41 
147 14 
149 99 
138 21 
89 22 
3 37 
33 145 
54 86 
151 74 
100 98 
76 115 
87 77 
13 18 
92 138 
154 82 
150 146 
68 113 
132 128 
108 65 
112 140 
124 54 
13 100 
51 149 
78 47 
123 45 
107 27 
12 3 
153 23 
147 128 
24 128 
66 84 
37 149 
30 89 
112 46 
10 20 
115 133 
145 141 
63 131 
82 119 
69 32 
28 13 
28 98 
124 77 
118 98 
16 111 
122 126 
16 107 
83 93 
83 102 
125 27 
108 25 
47 11 
84 27 
153 25 
79 112 
135 56 
99 6 
120 72 
88 32 
22 51 
112 152 
21 119 
83 49 
134 67 
55 61 
55 149 
101 6 
52 81 
32 48 
9 20 
50 143 
130 47 
28 130 
54 16 
51 119 
124 112 
142 131 
132 9 
102 107 
64 102 
116 42 
79 64 
109 145 
32 38 
112 61 
13 113 
68 18 
114 35 
85 150 
141 15 
125 128 
71 132 
60 125 
9 147 
62 20 
19 133 
97 129 
130 142 
139 4 
93 13 
113 76 
110 73 
93 153 
98 135 
49 35 
77 76 
67 97 
67 119 
115 146 
85 47 
23 52 
122 104 
24 31 
73 59 
15 111 
81 79 
122 8 
12 65 
142 111 
82 49 
46 122 
12 137 
124 17 
131 39 
133 121 
97 93 
106 7 
47 96 
31 134 
88 51 
67 46 
2 20 
49 144 
150 38 
95 62 
149 29 
59 95 
5 84 
15 146 
127 69 
32 59 
24 85 
151 28 
118 9 
102 72 
14 115 
94 64 
59 98 
150 139 
29 28 
142 88 
100 39 
138 19 
41 136 
149 127 
6 154 
123 109 
70 79 
50 103 
5 154 
61 87 
147 38 
22 34 
1 105 
19 102 
101 124 
149 52 
145 144 
76 114 
47 48 
137 104 
14 132 
98 17 
69 50 
53 125 
20 51 
16 37 
26 68 
76 62 
129 5 
72 146 
137 62 
97 15 
15 33 
28 103 
48 31 
49 80 
108 134 
34 151 
119 78 
93 85 
87 50 
97 87 
43 68 
19 89 
84 30 
99 89 
140 73 
112 38 
88 63 
119 9 
91 62 
128 17 
111 146 
44 100 
85 65 
12 147 
125 103 
112 100 
152 67 
128 112 
79 19 
44 114 
147 4 
153 152 
93 131 
73 54 
62 27 
140 86 
121 90 
69 101 
77 86 
106 144 
141 14 
66 72 
50 7 
109 103 
17 75 
13 74 
82 69 
79 45 
76 129 
43 144 
119 73 
152 109 
2 138 
72 49 
124 32 
66 64 
115 42 
95 34 
14 35 
30 41 
139 51 
37 112 
141 149 
108 131 
149 89 
71 27 
89 141 
73 89 
69 100 
20 91 
138 6 
76 16 
152 126 
11 133 
129 13 
49 44 
14 42 
51 18 
148 77 
13 71 
52 42 
82 75 
51 134 
121 146 
123 152 
19 129 
35 120 
67 31 
104 14 
91 109 
153 77 
105 152 
15 58 
95 134 
135 48 
96 59 
52 121 
48 81 
83 3 
103 76 
113 18 
43 104 
28 129 
14 10 
34 24 
151 107 
42 144 
61 138 
69 5 
121 98 
123 88 
66 77 
69 96 
4 130 
62 78 
114 23 
38 70 
47 14 
55 12 
33 106 
114 131 
21 124 
66 110 
53 40 
75 109 
136 124 
123 61 
16 94 
31 63 
3 66 
104 61 
11 91 
38 111 
148 112 
84 31 
32 133 
38 65 
124 104 
37 108 
54 41 
37 100 
74 30 
64 45 
154 129 
98 24 
141 93 
86 149 
121 55 
107 14 
82 11 
63 3 
77 42 
55 37 
60 127 
93 110 
50 117 
63 123 
4 143 
82 126 
59 139 
22 28 
91 63 
28 143 
126 141 
147 53 
80 52 
73 6 
141 97 
64 39 
141 114 
32 51 
94 76 
99 62 
7 110 
46 7 
70 104 
44 40 
141 49 
108 38 
68 16 
135 58 
83 32 
111 92 
119 97 
147 98 
72 137 
91 49 
124 131 
6 129 
31 100 
134 37 
81 11 
110 121 
108 12 
139 113 
80 54 
39 149 
141 5 
79 108 
121 20 
81 71 
125 98 
88 18 
150 101 
15 26 
105 131 
142 36 
68 94 
40 55 
28 31 
51 77 
4 56 
127 32 
120 27 
14 149 
78 154 
100 12 
88 132 
78 46 
90 110 
101 55 
142 66 
44 7 
148 21 
28 56 
130 145 
146 32 
41 92 
47 57 
90 87 
4 140 
17 65 
102 42 
72 65 
141 81 
120 147 
47 41 
151 23 
52 7 
39 44 
125 93 
79 103 
22 31 
35 153 
29 108 
130 89 
108 60 
128 89 
77 6 
32 84 
148 123 
152 20 
72 92 
95 151 
65 123 
74 45 
86 96 
17 119 
112 15 
12 120 
20 4 
32 139 
123 5 
45 134 
84 106 
139 73 
109 6 
133 43 
20 143 
40 43 
116 40 
104 86 
95 69 
128 29 
74 87 
110 65 
3 93 
9 104 
148 24 
138 13 
13 78 
147 129 
2 39 
99 122 
118 33 
47 73 
14 82 
129 80 
68 84 
22 90 
90 14 
56 13 
56 50 
110 23 
99 71 
24 14 
25 65 
83 141 
79 90 
39 49 
36 82 
49 43 
3 16 
68 51 
35 119 
130 31 
88 35 
67 18 
83 74 
109 9 
119 142 
79 95 
78 140 
96 121 
107 119 
125 99 
52 92 
27 45 
103 115 
71 90 
107 80 
88 83 
89 94 
73 28 
101 2 
115 107 
97 70 
79 61 
11 29 
64 141 
127 14 
135 137 
126 33 
88 16 
127 55 
96 1 
140 111 
90 119 
81 91 
91 142 
142 2 
137 91 
23 18 
51 136 
2 105 
15 123 
150 29 
76 149 
104 117 
114 52 
16 143 
153 26 
151 54 
22 120 
60 145 
71 5 
81 8 
68 65 
81 110 
36 65 
1 85 
88 8 
98 154 
33 102 
11 13 
59 140 
67 32 
97 63 
130 32 
19 25 
45 126 
33 152 
87 135 
60 3 
115 39 
14 116 
65 13 
85 11 
117 119 
56 22 
146 54 
43 125 
145 80 
32 128 
146 90 
93 40 
74 97 
32 86 
8 12 
86 48 
47 79 
110 62 
133 69 
23 82 
57 12 
143 5 
96 22 
57 137 
11 9 
94 129 
131 145 
45 15 
142 50 
19 52 
98 20 
71 35 
86 76 
2 118 
109 54 
11 50 
35 19 
106 18 
150 31 
79 6 
128 43 
129 137 
127 125 
97 105 
61 38 
76 78 
93 109 
42 59 
65 127 
96 139 
13 120 
79 87 
110 42 
82 63 
15 9 
19 141 
134 15 
115 64 
145 41 
63 73 
63 42 
81 10 
90 70 
87 81 
70 122 
60 26 
129 89 
44 62 
24 72 
113 131 
33 104 
152 120 
106 126 
34 25 
82 146 
22 151 
18 95 
112 64 
47 71 
84 18 
74 71 
37 73 
78 52 
125 25 
29 145 
27 104 
53 68 
82 66 
26 5 
57 67 
28 40 
34 84 
6 143 
97 35 
26 16 
122 39 
123 81 
140 118 
118 53 
135 21 
65 57 
10 48 
5 35 
11 112 
118 104 
30 103 
69 151 
52 16 
43 10 
24 129 
141 57 
25 68 
15 14 
117 17 
13 27 
152 136 
78 105 
14 125 
117 40 
123 120 
41 70 
114 48 
105 63 
107 127 
139 110 
10 100 
54 69 
147 57 
72 140 
9 89 
68 136 
150 6 
114 94 
40 57 
103 61 
146 9 
139 123 
32 19 
34 30 
111 80 
89 8 
81 39 
66 88 
45 29 
93 94 
12 52 
118 92 
1 24 
103 88 
81 144 
151 33 
54 4 
61 129 
50 68 
111 112 
62 82 
117 74 
90 153 
71 46 
13 146 
132 47 
19 109 
15 57 
37 33 
33 83 
96 8 
65 64 
91 80 
107 84 
104 37 
72 116 
64 70 
143 54 
22 23 
136 134 
34 90 
92 143 
144 47 
45 63 
36 119 
51 91 
125 31 
117 135 
8 91 
55 58 
82 6 
4 28 
112 134 
140 85 
94 59 
137 74 
7 147 
40 64 
91 44 
9 135 
120 89 
134 138 
23 67 
4 44 
144 73 
67 143 
108 40 
46 9 
139 78 
29 52 
28 43 
47 61 
8 2 
124 81 
23 95 
64 85 
109 137 
139 84 
110 5 
58 70 
45 49 
101 49 
58 26 
124 122 
30 29 
109 128 
55 73 
126 139 
121 68 
17 56 
112 19 
91 72 
97 39 
92 148 
121 59 
65 80 
101 133 
51 57 
71 133 
4 128 
77 139 
64 129 
128 107 
25 20 
18 43 
67 17 
103 128 
106 74 
115 34 
49 26 
46 134 
60 64 
124 12 
120 65 
18 148 
77 54 
4 119 
41 15 
121 74 
71 144 
78 90 
17 149 
57 69 
76 148 
42 150 
147 152 
83 11 
73 9 
30 79 
132 28 
80 152 
32 105 
23 98 
23 12 
54 44 
123 105 
154 147 
50 136 
88 128 
135 15 
151 45 
93 50 
150 5 
143 78 
123 92 
14 75 
5 75 
84 40 
105 51 
82 77 
51 61 
9 150 
151 73 
23 45 
11 51 
24 150 
30 49 
46 121 
117 28 
91 144 
27 106 
145 100 
128 25 
107 142 
118 106 
74 75 
37 80 
120 57 
33 97 
148 137 
87 82 
105 11 
52 72 
87 107 
143 43 
43 154 
72 111 
16 89 
23 55 
85 97 
55 83 
54 145 
14 146 
77 74 
129 39 
52 147 
91 21 
110 128 
85 88 
61 146 
140 65 
43 7 
72 8 
30 112 
82 92 
103 47 
12 129 
52 113 
124 89 
12 34 
67 108 
56 117 
49 92 
30 73 
147 100 
71 19 
24 57 
119 127 
108 154 
98 97 
36 150 
50 89 
35 135 
109 27 
81 140 
33 147 
11 86 
98 104 
23 116 
132 29 
105 5 
41 37 
80 9 
11 119 
121 1 
18 15 
38 145 
50 71 
99 136 
77 72 
17 115 
122 98 
126 95 
88 105 
3 62 
84 154 
133 97 
154 53 
69 41 
83 127 
5 118 
92 106 
113 100 
63 4 
102 15 
18 24 
53 139 
68 37 
109 68 
92 79 
101 46 
77 67 
144 31 
12 28 
115 16 
125 16 
27 22 
75 148 
75 89 
80 48 
114 118 
81 106 
3 131 
14 13 
62 96 
65 97 
108 96 
114 62 
19 2 
17 107 
41 25 
11 124 
27 100 
147 11 
151 52 
94 101 
153 96 
59 29 
107 86 
120 42 
23 27 
64 127 
72 141 
102 16 
133 45 
18 73 
121 112 
154 145 
84 136 
108 21 
133 59 
26 67 
92 81 
103 42 
57 106 
73 95 
19 30 
139 100 
118 10 
130 58 
127 88 
92 2 
50 25 
5 47 
79 57 
137 36 
99 75 
46 105 
108 35 
41 78 
85 130 
38 67 
61 20 
52 122 
108 51 
77 143 
88 50 
75 106 
14 113 
125 4 
48 45 
154 75 
68 76 
67 69 
27 7 
133 67 
137 5 
34 53 
25 112 
90 18 
11 116 
48 7 
126 91 
81 102 
23 129 
44 152 
65 141 
44 60 
34 82 
111 61 
71 139 
30 27 
77 133 
62 5 
44 13 
51 133 
48 139 
129 58 
65 113 
98 14 
151 101 
60 57 
45 152 
9 111 
20 63 
31 135 
107 49 
144 21 
6 86 
2 102 
53 123 
91 50 
18 74 
140 117 
121 127 
16 131 
82 131 
54 87 
135 16 
85 124 
11 117 
59 131 
94 109 
125 136 
2 44 
154 149 
28 46 
77 137 
124 126 
82 58 
125 139 
57 78 
80 10 
62 30 
55 113 
94 54 
129 73 
128 133 
106 123 
15 74 
135 57 
33 120 
86 63 
46 87 
32 150 
58 36 
113 57 
116 29 
26 113 
22 128 
98 21 
49 84 
63 48 
17 31 
6 113 
130 151 
93 87 
104 89 
60 118 
29 86 
15 2 
56 36 
15 77 
140 98 
121 45 
122 6 
95 37 
100 34 
73 143 
111 96 
141 68 
87 80 
123 96 
142 96 
11 149 
147 102 
49 31 
137 59 
33 81 
124 5 
42 78 
6 123 
132 39 
100 54 
39 52 
103 132 
68 135 
124 68 
77 138 
119 129 
34 44 
5 54 
28 41 
53 124 
106 41 
81 36 
104 147 
2 81 
91 54 
112 31 
70 123 
60 140 
105 95 
77 101 
125 80 
102 28 
33 22 
50 129 
50 54 
33 87 
94 5 
34 77 
82 76 
97 49 
99 7 
150 20 
30 47 
117 137 
67 116 
74 9 
154 151 
97 1 
125 114 
36 64 
127 117 
124 46 
150 133 
45 118 
51 62 
37 118 
13 150 
55 137 
62 84 
58 100 
61 29 
71 64 
60 58 
15 91 
103 24 
40 136 
34 118 
25 115 
29 76 
61 37 
66 93 
130 52 
33 5 
54 64 
135 115 
122 4 
55 72 
96 106 
74 20 
30 91 
64 81 
91 73 
69 135 
29 23 
58 40 
130 39 
82 103 
139 107 
47 127 
33 116 
61 143 
113 110 
132 139 
63 43 
134 36 
147 110 
113 142 
148 4 
60 34 
50 149 
92 27 
58 9 
83 152 
60 107 
111 25 
81 56 
75 2 
11 100 
122 36 
8 41 
11 26 
81 17 
63 10 
3 57 
27 56 
33 13 
3 108 
73 49 
134 88 
111 29 
7 32 
133 131 
65 114 
97 71 
90 5 
49 135 
26 72 
74 39 
64 90 
143 75 
145 94 
43 93 
53 47 
20 45 
109 139 
41 146 
4 81 
71 89 
76 139 
128 23 
25 83 
76 124 
100 146 
100 38 
151 103 
69 52 
112 93 
132 129 
70 22 
27 36 
104 73 
151 148 
142 92 
122 1 
153 137 
98 111 
153 41 
2 68 
102 82 
100 153 
118 66 
85 52 
48 100 
34 136 
149 3 
95 11 
48 68 
56 151 
80 123 
16 122 
27 103 
32 138 
48 85 
132 110 
56 87 
6 124 
7 2 
73 111 
62 58 
122 10 
118 70 
53 138 
33 91 
130 154 
47 95 
35 146 
108 84 
17 32 
122 5 
135 96 
137 18 
25 84 
25 91 
106 39 
135 78 
20 26 
72 7 
84 137 
6 28 
71 68 
112 55 
37 139 
61 75 
122 19 
35 89 
55 31 
21 12 
13 22 
76 87 
68 131 
108 33 
30 33 
64 27 
86 67 
118 55 
81 115 
17 23 
105 49 
139 106 
78 100 
28 71 
112 77 
128 13 
37 12 
116 71 
96 92 
78 5 
9 102 
136 67 
102 54 
66 20 
78 88 
37 25 
25 139 
11 66 
116 101 
54 65 
111 24 
39 88 
48 40 
115 119 
49 58 
118 82 
13 135 
98 95 
18 116 
8 104 
69 86 
78 37 
36 89 
87 149 
128 42 
33 117 
86 151 
44 122 
86 1 
83 21 
16 38 
146 128 
113 83 
14 106 
81 148 
102 3 
70 60 
21 56 
122 128 
13 41 
56 138 
140 129 
115 35 
9 145 
56 24 
92 16 
127 99 
154 41 
111 106 
35 33 
34 59 
84 123 
140 90 
109 78 
125 10 
31 145 
80 148 
120 146 
56 105 
85 102 
7 61 
53 144 
151 133 
20 144 
140 31 
74 55 
63 141 
4 112 
27 149 
50 65 
7 114 
73 2 
58 151 
113 58 
102 46 
67 106 
149 91 
52 87 
92 45 
8 129 
100 49 
37 50 
88 91 
91 92 
55 136 
93 123 
119 94 
3 46 
146 135 
101 27 
54 35 
146 58 
87 114 
85 74 
82 112 
154 110 
72 53 
32 74 
25 27 
94 67 
132 134 
98 80 
23 72 
145 134 
55 103 
97 102 
136 17 
52 105 
30 94 
114 89 
118 97 
40 103 
146 11 
26 139 
83 57 
127 49 
43 94 
105 27 
139 8 
122 32 
34 7 
30 122 
146 3 
132 43 
79 117 
24 3 
86 128 
32 36 
29 119 
21 150 
10 5 
93 104 
96 145 
111 75 
75 21 
107 150 
95 144 
34 135 
57 75 
153 12 
78 102 
70 113 
123 147 
103 116 
120 31 
129 49 
5 22 
25 57 
81 69 
54 128 
137 111 
62 13 
69 114 
107 140 
151 104 
8 131 
83 22 
20 16 
3 113 
141 142 
81 117 
94 65 
111 128 
2 148 
144 55 
3 104 
2 137 
125 26 
79 21 
6 110 
57 126 
98 52 
134 75 
92 7 
63 110 
128 12 
9 17 
34 125 
20 79 
128 101 
113 54 
57 89 
27 78 
19 45 
56 121 
147 67 
152 38 
51 31 
101 138 
152 25 
75 7 
54 70 
52 63 
15 127 
70 130 
86 147 
83 14 
74 54 
148 98 
68 88 
127 152 
44 125 
139 20 
58 76 
61 131 
57 118 
54 89 
140 25 
23 118 
72 95 
152 61 
102 65 
37 125 
138 123 
15 85 
123 46 
51 9 
47 104 
116 113 
36 25 
96 117 
152 54 
53 76 
27 2 
66 134 
94 83 
60 14 
70 18 
48 60 
15 137 
62 59 
50 135 
97 134 
119 22 
152 115 
101 152 
41 132 
38 37 
78 73 
76 132 
92 37 
14 91 
100 90 
102 62 
59 5 
89 3 
78 147 
48 116 
34 14 
84 130 
17 3 
20 52 
77 64 
69 1 
62 113 
79 113 
128 56 
125 28 
22 71 
144 10 
119 138 
114 119 
147 97 
148 72 
52 139 
82 57 
48 71 
114 150 
115 67 
10 95 
73 142 
14 52 
87 89 
135 4 
46 91 
83 40 
142 102 
154 97 
60 143 
135 112 
56 106 
73 147 
123 130 
124 107 
81 32 
64 47 
102 73 
153 54 
50 47 
88 7 
101 113 
20 135 
127 93 
121 105 
65 152 
5 97 
73 152 
16 150 
52 75 
76 17 
89 125 
48 112 
130 62 
27 4 
22 123 
93 48 
33 107 
39 105 
50 19 
13 125 
131 23 
59 77 
53 45 
83 52 
122 118 
106 31 
65 101 
130 120 
123 75 
13 145 
125 39 
97 115 
56 45 
24 20 
120 114 
121 53 
129 9 
93 133 
96 43 
114 30 
62 146 
137 98 
152 79 
78 60 
95 5 
119 45 
82 42 
88 80 
6 146 
42 4 
127 134 
149 67 
61 3 
16 72 
67 35 
141 26 
13 4 
59 138 
51 72 
89 91 
55 125 
66 55 
48 43 
82 19 
28 99 
103 2 
112 154 
92 131 
86 44 
45 62 
70 2 
41 61 
86 19 
31 40 
114 56 
102 130 
113 119 
31 129 
138 68 
84 6 
100 59 
31 25 
89 78 
74 59 
19 128 
79 141 
97 17 
107 31 
55 1 
145 97 
149 19 
13 99 
144 39 
92 80 
103 56 
138 38 
24 144 
9 25 
64 97 
20 50 
15 126 
94 132 
95 65 
22 7 
120 109 
78 149 
60 72 
148 79 
2 107 
35 85 
129 63 
148 63 
121 95 
60 73 
43 103 
129 44 
48 90 
120 28 
81 99 
13 38 
1 20 
114 149 
70 151 
36 104 
13 61 
85 39 
42 23 
28 58 
127 72 
97 2 
100 1 
133 76 
132 40 
144 38 
149 138 
53 41 
14 11 
137 92 
67 81 
88 27 
104 120 
85 96 
142 65 
63 153 
105 83 
31 11 
98 115 
100 23 
19 23 
124 143 
1 43 
150 145 
38 109 
75 46 
127 66 
33 38 
40 25 
117 123 
136 102 
50 97 
129 62 
5 114 
131 21 
153 16 
44 110 
26 44 
26 64 
146 127 
75 121 
130 94 
59 148 
12 154 
101 35 
125 130 
46 98 
42 140 
69 66 
73 80 
91 130 
77 113 
110 145 
63 50 
6 102 
115 40 
56 108 
37 6 
133 23 
91 141 
154 32 
4 46 
78 123 
39 133 
10 93 
81 100 
86 150 
92 9 
28 142 
99 58 
43 55 
117 108 
40 37 
11 138 
10 87 
149 119 
95 142 
39 1 
141 4 
124 2 
59 118 
73 34 
104 23 
125 71 
110 124 
41 129 
16 140 
49 9 
81 12 
96 6 
48 111 
126 134 
76 143 
102 45 
71 146 
73 70 
108 106 
122 96 
122 9 
118 4 
140 40 
116 25 
58 94 
60 148 
7 26 
65 28 
84 78 
61 101 
48 84 
9 54 
117 26 
21 31 
67 123 
109 99 
67 54 
126 42 
147 31 
138 75 
144 112 
131 37 
42 81 
72 73 
125 118 
18 25 
103 15 
5 120 
48 132 
48 109 
28 91 
108 101 
109 67 
144 50 
154 1 
5 9 
36 74 
121 88 
94 134 
4 92 
58 74 
138 124 
123 21 
28 67 
5 98 
41 113 
93 119 
49 62 
109 5 
33 45 
37 56 
147 70 
107 63 
38 24 
103 100 
54 116 
153 8 
128 57 
36 135 
12 110 
67 104 
2 30 
154 17 
40 26 
58 6 
140 10 
46 12 
142 25 
70 96 
62 149 
139 19 
21 153 
151 24 
22 146 
37 138 
143 30 
55 17 
138 16 
32 65 
40 85 
46 84 
122 90 
43 83 
17 96 
9 63 
79 126 
58 1 
78 130 
150 52 
14 111 
17 100 
49 70 
151 13 
84 92 
11 77 
87 84 
27 75 
123 145 
96 50 
22 86 
19 13 
2 76 
85 49 
102 116 
138 12 
28 68 
103 18 
134 69 
36 22 
78 64 
138 98 
112 151 
67 56 
3 70 
5 103 
152 95 
128 36 
139 143 
86 25 
138 52 
7 108 
32 97 
127 9 
15 13 
141 13 
116 144 
137 22 
29 22 
129 65 
32 35 
144 4 
2 89 
117 147 
54 126 
83 17 
7 138 
61 140 
7 77 
121 58 
44 41 
114 68 
40 77 
70 146 
109 55 
76 145 
9 97 
151 17 
38 40 
149 30 
49 76 
98 89 
8 36 
113 21 
109 154 
144 52 
7 120 
118 47 
94 6 
136 135 
150 131 
137 86 
136 126 
126 48 
110 99 
127 78 
45 93 
149 42 
106 55 
62 132 
24 66 
104 65 
147 150 
106 46 
114 4 
124 64 
19 75 
58 138 
29 84 
136 140 
5 65 
152 85 
113 20 
94 113 
109 45 
73 65 
34 126 
136 87 
139 85 
113 67 
148 95 
76 34 
97 127 
67 64 
96 49 
142 115 
21 137 
95 46 
41 46 
64 147 
35 109 
89 13 
66 39 
102 106 
45 13 
104 152 
19 91 
112 29 
40 97 
82 43 
53 84 
77 1 
137 80 
121 123 
68 87 
86 47 
111 120 
76 142 
9 7 
136 83 
108 78 
134 85 
140 47 
81 57 
124 99 
75 29 
97 78 
121 65 
115 99 
129 54 
32 102 
19 74 
98 143 
80 118 
144 85 
122 82 
122 139 
50 130 
4 29 
107 15 
40 145 
53 111 
153 78 
98 4 
2 14 
57 73 
122 149 
5 113 
96 89 
79 88 
145 105 
130 44 
154 152 
148 118 
41 60 
53 58 
154 26 
82 89 
98 57 
127 54 
120 74 
138 20 
110 150 
30 24 
8 50 
77 35 
116 125 
88 136 
106 69 
122 106 
112 32 
24 78 
148 109 
6 51 
40 12 
88 139 
154 9 
66 27 
31 54 
101 143 
146 45 
119 53 
146 130 
95 147 
112 113 
29 77 
101 112 
13 84 
95 128 
7 58 
69 21 
60 134 
152 12 
37 121 
51 30 
153 120 
138 97 
115 13 
67 11 
53 105 
108 129 
128 62 
75 50 
127 94 
145 101 
118 136 
143 131 
40 70 
84 102 
144 64 
62 22 
70 144 
141 77 
13 10 
111 76 
34 144 
129 124 
153 40 
50 14 
115 62 
151 139 
35 52 
121 67 
16 142 
29 110 
8 3 
85 105 
75 43 
141 55 
131 118 
116 108 
37 142 
150 37 
128 9 
136 107 
134 150 
27 35 
83 108 
39 16 
105 117 
140 82 
19 40 
13 12 
149 80 
151 88 
11 41 
107 118 
142 122 
89 138 
15 30 
74 141 
101 125 
38 93 
67 103 
153 148 
24 23 
75 76 
24 97 
4 111 
35 41 
148 141 
113 138 
26 28 
119 44 
81 41 
100 132 
120 75 
110 38 
26 144 
11 130 
20 64 
139 80 
68 55 
27 147 
124 146 
47 84 
32 141 
99 102 
4 67 
42 19 
45 103 
148 40 
20 149 
37 90 
20 49 
9 21 
134 124 
21 45 
136 56 
134 18 
34 137 
135 108 
100 154 
137 152 
138 91 
75 150 
132 143 
83 154 
31 72 
67 1 
50 112 
125 29 
119 46 
106 140 
16 97 
45 2 
22 20 
33 112 
22 110 
145 20 
40 47 
9 139 
19 38 
49 116 
107 9 
152 19 
132 50 
12 6 
117 99 
67 145 
106 13 
5 37 
144 36 
110 28 
6 68 
1 75 
50 134 
55 47 
111 91 
28 85 
109 37 
102 92 
61 136 
118 22 
6 41 
59 57 
119 7 
129 122 
98 106 
93 27 
108 10 
89 44 
142 74 
43 39 
140 138 
5 49 
47 45 
128 64 
120 98 
104 84 
124 67 
1 22 
17 114 
117 130 
89 119 
8 152 
71 121 
145 84 
134 77 
118 72 
57 100 
107 37 
102 127 
119 152 
149 36 
140 91 
20 147 
8 128 
8 5 
153 3 
29 103 
3 118 
19 37 
129 81 
114 10 
26 116 
36 96 
85 87 
46 115 
38 44 
27 17 
118 35 
105 98 
154 51 
105 148 
136 70 
70 82 
19 33 
149 150 
30 98 
107 66 
88 22 
66 106 
140 154 
11 46 
129 139 
46 88 
146 83 
60 9 
17 91 
106 107 
77 31 
128 117 
101 68 
3 55 
65 42 
74 76 
72 1 
144 16 
41 102 
52 6 
132 15 
95 132 
20 72 
118 25 
2 99 
37 59 
52 11 
9 126 
96 82 
141 70 
131 83 
74 50 
96 16 
71 117 
29 113 
51 112 
34 106 
109 36 
82 21 
126 97 
83 82 
153 114 
132 70 
15 113 
102 153 
80 90 
142 97 
95 55 
95 100 
107 54 
17 33 
105 57 
109 97 
119 135 
123 141 
10 94 
138 131 
119 110 
61 31 
77 146 
39 54 
138 57 
153 31 
84 3 
36 35 
153 7 
38 68 
51 124 
76 13 
63 151 
19 97 
147 47 
34 114 
21 62 
144 56 
64 151 
135 109 
141 44 
83 120 
60 84 
126 96 
43 60 
20 6 
46 61 
26 80 
81 116 
135 141 
17 122 
93 76 
127 8 
154 14 
135 120 
106 136 
73 108 
131 70 
120 95 
49 138 
34 112 
126 51 
142 123 
93 145 
129 48 
23 39 
116 146 
41 122 
87 67 
75 32 
41 110 
61 12 
48 136 
102 74 
30 3 
84 119 
138 110 
87 129 
67 98 
121 27 
31 14 
4 66 
137 85 
108 137 
143 3 
21 71 
108 47 
29 51 
74 16 
45 75 
100 71 
23 80 
2 74 
140 41 
78 33 
82 80 
111 70 
127 116 
5 138 
119 106 
79 101 
99 92 
137 20 
42 51 
29 107 
111 47 
105 6 
15 142 
116 145 
57 46 
25 26 
99 130 
144 129 
134 102 
56 141 
60 23 
116 94 
31 154 
33 127 
147 81 
51 106 
141 95 
134 81 
72 115 
109 143 
95 39 
52 40 
136 7 
109 62 
153 39 
56 73 
49 75 
76 137 
64 51 
129 117 
63 124 
39 14 
31 2 
51 121 
129 27 
24 22 
40 92 
31 26 
62 65 
97 75 
58 71 
47 112 
30 153 
39 92 
45 24 
127 40 
123 68 
107 121 
149 88 
117 24 
36 14 
67 110 
128 154 
71 25 
61 98 
51 78 
8 112 
38 35 
106 77 
46 151 
125 66 
92 34 
127 67 
25 141 
65 21 
5 45 
136 12 
10 9 
26 128 
94 137 
117 39 
42 99 
74 100 
141 3 
43 64 
99 5 
86 49 
59 40 
63 79 
22 85 
122 121 
153 33 
65 153 
91 3 
8 13 
103 73 
50 18 
61 118 
33 51 
101 53 
96 18 
47 146 
36 112 
119 34 
22 58 
151 97 
66 1 
14 86 
29 50 
117 73 
21 35 
76 79 
141 33 
152 114 
119 52 
142 77 
104 1 
84 110 
55 152 
62 57 
154 79 
91 97 
120 52 
53 39 
23 30 
99 57 
150 26 
75 129 
136 113 
148 125 
117 31 
120 113 
27 110 
148 113 
44 33 
31 3 
116 10 
31 148 
27 154 
30 110 
144 28 
81 1 
13 112 
76 7 
44 52 
69 154 
85 25 
149 33 
94 49 
148 120 
108 146 
114 66 
147 141 
58 140 
121 145 
106 99 
126 86 
3 145 
87 132 
42 1 
35 22 
75 40 
133 122 
116 39 
138 128 
90 128 
74 139 
34 47 
42 27 
10 28 
92 6 
134 9 
69 44 
82 64 
56 76 
120 110 
35 64 
62 48 
64 134 
21 81 
83 123 
61 43 
131 9 
15 47 
111 148 
54 21 
41 72 
41 131 
96 15 
2 61 
95 71 
86 139 
111 81 
128 100 
58 123 
13 58 
74 44 
132 89 
147 146 
103 85 
122 49 
17 147 
82 128 
140 126 
107 113 
6 119 
133 73 
138 136 
42 58 
22 67 
35 124 
142 41 
16 124 
15 8 
36 20 
144 58 
146 92 
137 81 
37 11 
89 84 
52 102 
154 80 
4 65 
66 151 
68 150 
40 107 
103 62 
30 64 
141 7 
32 91 
68 106 
129 84 
108 104 
112 22 
38 20 
56 89 
67 59 
136 137 
32 56 
143 63 
9 44 
134 113 
9 18 
35 55 
84 95 
99 128 
91 136 
27 15 
5 83 
19 31 
109 138 
70 100 
67 15 
107 18 
62 15 
60 103 
152 15 
53 145 
59 45 
17 120 
138 135 
99 70 
142 27 
132 133 
33 115 
51 83 
20 136 
90 28 
98 139 
152 89 
59 66 
21 120 
78 6 
124 10 
21 37 
92 130 
143 137 
68 145 
138 117 
111 110 
18 58 
1 44 
38 14 
115 149 
88 120 
9 152 
38 98 
3 10 
101 39 
20 85 
37 101 
140 84 
126 32 
154 35 
134 151 
144 150 
30 18 
75 105 
53 143 
27 50 
69 92 
32 50 
100 6 
55 122 
95 101 
6 141 
153 131 
36 44 
23 81 
45 61 
56 43 
54 28 
10 59 
36 60 
79 138 
39 138 
99 139 
92 128 
108 125 
135 97 
62 29 
53 150 
98 86 
73 50 
86 62 
82 142 
73 145 
152 41 
146 126 
5 27 
36 147 
91 124 
84 15 
29 13 
63 67 
6 57 
32 107 
96 109 
16 62 
82 108 
130 119 
154 94 
54 40 
123 79 
122 69 
108 153 
21 104 
54 144 
71 106 
57 121 
114 117 
1 6 
152 17 
122 116 
95 51 
87 110 
126 43 
102 5 
60 30 
149 93 
116 130 
140 102 
121 93 
51 26 
133 123 
144 79 
47 133 
61 134 
65 11 
139 23 
147 84 
40 49 
61 77 
153 145 
17 138 
129 98 
135 91 
12 18 
87 20 
7 33 
140 5 
6 40 
44 84 
141 122 
30 12 
31 32 
97 90 
68 116 
73 128 
70 72 
141 9 
119 132 
143 97 
106 115 
48 87 
45 54 
54 2 
85 54 
44 80 
77 96 
78 43 
17 54 
105 76 
108 34 
49 48 
53 25 
58 27 
76 66 
152 69 
24 10 
80 31 
26 66 
105 26 
25 89 
52 58 
82 44 
94 25 
70 14 
146 37 
48 73 
133 38 
6 35 
8 145 
95 48 
4 102 
51 17 
100 96 
9 72 
40 139 
141 99 
95 54 
153 83 
124 147 
137 93 
140 83 
69 128 
40 69 
74 52 
5 106 
153 73 
65 75 
6 4 
140 87 
137 105 
50 41 
55 21 
63 33 
7 60 
49 55 
71 42 
134 49 
1 27 
18 83 
5 58 
78 120 
2 28 
129 136 
95 99 
131 112 
68 32 
127 82 
81 118 
17 57 
142 86 
38 95 
59 2 
129 93 
81 90 
50 92 
127 140 
122 26 
36 152 
31 131 
109 41 
149 108 
105 90 
139 21 
53 16 
133 36 
143 24 
133 139 
34 99 
124 135 
8 100 
73 92 
151 94 
154 42 
144 153 
78 16 
102 121 
80 85 
11 76 
99 14 
106 1 
84 52 
107 132 
145 74 
137 43 
140 70 
79 78 
55 85 
30 96 
112 120 
91 118 
90 10 
125 96 
103 77 
9 62 
40 126 
40 89 
9 57 
2 132 
111 69 
12 101 
130 61 
45 106 
62 1 
30 59 
139 16 
77 97 
24 59 
145 65 
151 81 
24 92 
27 141 
97 73 
97 136 
118 99 
8 154 
80 7 
48 150 
105 94 
126 108 
77 49 
95 20 
126 83 
137 145 
85 123 
141 76 
124 116 
70 5 
114 22 
127 37 
123 111 
68 119 
131 50 
74 91 
127 133 
127 86 
58 21 
97 55 
37 154 
116 83 
98 19 
108 143 
123 101 
109 98 
45 89 
135 144 
33 9 
43 76 
4 136 
64 15 
75 44 
18 2 
25 148 
51 74 
52 32 
54 66 
149 53 
120 14 
43 22 
78 124 
97 11 
35 141 
57 68 
35 134 
55 57 
121 111 
133 152 
119 64 
58 12 
137 45 
65 112 
35 126 
48 15 
56 126 
75 126 
76 3 
126 142 
131 19 
38 58 
41 42 
125 62 
6 71 
33 94 
34 79 
59 91 
100 61 
82 39 
117 97 
71 67 
83 148 
134 105 
68 149 
130 105 
56 127 
25 39 
112 141 
103 12 
119 120 
113 137 
92 56 
45 6 
61 82 
120 34 
80 60 
148 134 
64 105 
61 4 
28 124 
45 100 
67 5 
152 34 
153 112 
111 64 
120 1 
81 128 
42 10 
123 90 
70 87 
33 95 
80 8 
147 145 
13 85 
147 79 
69 26 
108 152 
152 22 
7 150 
11 145 
27 52 
62 12 
120 18 
54 118 
117 36 
19 41 
76 8 
19 63 
92 29 
67 132 
60 154 
119 26 
153 72 
151 27 
147 13 
137 144 
119 148 
83 76 
88 29 
131 6 
40 121 
2 65 
41 99 
89 51 
154 61 
136 77 
120 82 
89 27 
48 25 
33 100 
136 21 
77 71 
87 8 
63 90 
133 65 
153 18 
31 142 
33 154 
15 119 
30 4 
22 111 
113 45 
123 48 
87 9 
113 92 
128 119 
5 18 
58 142 
50 94 
20 44 
137 30 
30 151 
17 10 
151 89 
62 77 
25 62 
127 113 
13 123 
4 120 
107 51 
44 68 
49 66 
35 16 
112 26 
132 138 
131 22 
92 44 
48 6 
60 97 
49 125 
64 48 
79 99 
29 123 
18 99 
8 111 
68 92 
36 148 
2 128 
110 52 
124 22 
103 153 
128 144 
119 154 
91 145 
125 84 
12 148 
21 77 
2 66 
111 49 
121 94 
123 118 
56 88 
143 105 
62 40 
74 105 
102 98 
128 10 
133 153 
90 72 
141 71 
3 119 
29 48 
83 139 
132 5 
84 35 
37 98 
114 91 
3 36 
114 61 
127 61 
21 112 
1 143 
144 117 
126 133 
92 134 
47 149 
43 131 
24 83 
34 70 
104 78 
140 39 
140 64 
87 26 
154 76 
8 90 
26 3 
59 47 
59 90 
12 70 
131 152 
114 21 
56 54 
28 72 
127 87 
87 60 
87 126 
102 87 
57 104 
24 60 
54 36 
60 74 
19 77 
3 7 
150 137 
103 38 
75 59 
131 139 
51 116 
107 153 
109 11 
89 122 
60 69 
47 98 
45 139 
124 144 
91 98 
132 118 
67 76 
61 54 
121 77 
116 85 
99 143 
5 115 
34 28 
153 5 
137 123 
1 150 
66 83 
152 124 
142 21 
42 94 
123 124 
126 138 
42 111 
111 11 
6 83 
140 26 
110 80 
111 5 
3 81 
147 25 
29 79 
62 106 
148 132 
32 3 
105 22 
148 88 
20 117 
28 30 
99 9 
151 1 
101 74 
77 132 
70 1 
142 30 
31 110 
40 135 
34 145 
116 34 
112 56 
18 140 
64 21 
147 69 
81 105 
65 15 
78 116 
151 16 
107 117 
83 36 
42 119 
105 91 
94 63 
7 8 
67 74 
61 108 
95 117 
17 126 
40 67 
39 29 
133 107 
63 87 
128 48 
83 132 
6 44 
151 91 
51 52 
127 109 
73 32 
84 57 
8 11 
83 134 
24 58 
152 94 
63 30 
46 137 
115 127 
106 120 
36 85 
124 92 
64 49 
103 136 
74 53 
87 19 
30 20 
72 75 
125 42 
89 10 
119 16 
142 94 
147 108 
147 125 
89 1 
107 46 
11 73 
122 123 
98 35 
129 142 
52 67 
14 112 
33 89 
74 31 
89 60 
46 70 
36 108 
123 129 
124 33 
91 12 
133 110 
56 41 
37 99 
50 98 
12 15 
103 121 
43 150 
115 151 
72 3 
103 92 
65 98 
37 130 
2 141 
86 16 
131 127 
37 133 
75 124 
140 20 
90 30 
136 8 
10 66 
3 6 
24 42 
54 121 
32 142 
71 41 
150 63 
71 55 
41 125 
132 114 
13 96 
23 33 
75 142 
15 49 
52 101 
132 144 
1 140 
1 21 
58 136 
111 141 
97 34 
77 69 
149 100 
50 118 
81 74 
45 81 
92 28 
141 136 
20 7 
144 35 
85 30 
149 45 
147 113 
89 135 
56 29 
35 81 
94 41 
120 68 
102 128 
62 90 
81 108 
54 14 
39 11 
73 150 
35 100 
69 25 
117 37 
118 110 
109 86 
70 98 
94 139 
40 36 
55 117 
92 93 
45 115 
126 123 
126 102 
17 101 
94 147 
63 126 
139 18 
12 122 
66 28 
55 105 
39 136 
12 107 
6 126 
93 75 
15 148 
135 110 
45 135 
76 97 
39 72 
65 84 
20 89 
90 54 
64 73 
3 29 
129 11 
119 20 
120 87 
55 75 
69 17 
84 28 
6 72 
108 75 
99 84 
5 126 
27 90 
62 119 
125 88 
88 19 
108 63 
117 23 
77 56 
29 42 
54 82 
58 8 
133 7 
35 102 
151 71 
59 69 
140 151 
44 24 
114 71 
31 102 
97 152 
111 51 
93 102 
94 53 
88 38 
10 6 
106 154 
122 59 
26 17 
70 107 
62 32 
39 9 
92 117 
68 40 
146 106 
95 96 
86 80 
153 110 
41 38 
65 56 
73 23 
31 42 
107 147 
95 15 
64 57 
135 111 
108 46 
3 124 
58 98 
128 136 
115 9 
53 2 
44 101 
32 145 
24 154 
32 90 
120 3 
41 126 
36 30 
52 60 
140 130 
18 75 
62 81 
19 143 
121 30 
106 65 
141 8 
94 1 
83 58 
21 122 
87 98 
116 129 
101 57 
66 51 
76 130 
43 139 
148 71 
84 38 
117 83 
9 110 
65 107 
57 112 
79 44 
54 84 
59 60 
36 55 
73 5 
147 127 
119 81 
5 101 
75 48 
66 71 
22 72 
142 81 
98 34 
7 130 
76 59 
54 8 
98 127 
10 136 
82 47 
91 39 
64 89 
70 80 
141 118 
73 1 
138 129 
149 98 
110 54 
130 141 
5 23 
40 74 
75 51 
92 62 
65 144 
130 26 
24 6 
147 82 
44 102 
66 143 
106 53 
138 14 
136 105 
126 121 
51 93 
83 122 
34 4 
32 152 
146 138 
130 147 
150 140 
41 5 
45 71 
18 93 
15 69 
82 59 
51 23 
31 43 
123 20 
44 154 
83 115 
101 54 
117 121 
90 24 
77 120 
148 139 
149 96 
33 57 
121 81 
51 7 
79 13 
96 113 
131 98 
4 36 
9 101 
40 106 
123 18 
34 130 
80 130 
134 79 
37 32 
150 92 
104 15 
79 77 
61 81 
51 45 
36 132 
125 19 
73 126 
100 80 
87 71 
14 12 
82 106 
110 114 
105 12 
149 70 
54 119 
90 150 
116 41 
131 104 
59 35 
38 56 
5 24 
98 32 
39 47 
91 42 
94 51 
66 74 
115 111 
98 12 
108 121 
23 62 
28 106 
143 152 
81 24 
103 19 
40 56 
121 137 
15 20 
122 57 
8 102 
84 135 
83 129 
76 90 
70 28 
59 152 
6 104 
127 22 
21 49 
9 70 
147 122 
2 42 
125 56 
126 29 
109 44 
72 142 
69 93 
84 153 
50 79 
112 45 
36 66 
15 55 
109 3 
131 66 
88 11 
112 12 
69 13 
56 139 
62 145 
64 84 
54 24 
83 144 
28 80 
36 139 
104 123 
43 92 
32 71 
111 37 
130 111 
127 26 
44 48 
40 98 
143 11 
111 89 
89 108 
106 105 
55 48 
48 144 
100 79 
69 131 
104 16 
43 9 
103 146 
50 127 
71 131 
135 18 
58 139 
135 60 
150 151 
144 74 
78 74 
26 62 
134 143 
126 62 
89 69 
144 32 
38 72 
138 120 
108 28 
86 129 
65 58 
106 128 
132 125 
26 71 
55 20 
142 151 
129 72 
28 150 
117 14 
75 4 
2 90 
140 50 
18 141 
130 81 
1 61 
153 117 
121 104 
14 8 
8 101 
44 138 
102 12 
103 71 
56 71 
33 88 
139 130 
67 8 
67 79 
89 12 
58 126 
142 120 
75 60 
1 25 
38 74 
133 56 
88 45 
116 84 
69 78 
48 17 
118 21 
124 151 
88 59 
153 143 
45 99 
98 77 
