147 3036 
81 182 2 119 58 29 130 103 43 267 109 50 173 164 218 200 6 128 143 100 189 287 117 185 149 108 57 144 14 284 273 52 59 86 51 23 194 288 203 288 8 129 26 97 150 193 13 263 19 88 5 10 117 39 57 23 9 33 64 294 226 33 162 30 24 146 149 214 83 96 42 179 90 121 2 224 283 192 4 138 55 148 136 130 19 279 136 166 175 67 248 175 132 34 105 59 202 274 244 70 258 259 103 245 35 233 283 198 133 158 186 35 77 144 193 125 79 210 180 105 62 35 39 290 22 88 253 245 134 93 180 236 294 137 271 90 118 33 116 89 217 176 27 199 93 203 3 
70 83 
70 51 
16 36 
45 25 
19 147 
107 30 
102 79 
82 80 
112 70 
50 20 
145 21 
100 127 
43 23 
35 53 
26 22 
94 64 
140 122 
71 25 
130 133 
21 137 
103 90 
107 54 
128 42 
34 146 
87 79 
13 79 
118 136 
33 119 
32 19 
43 27 
61 129 
56 86 
59 129 
86 5 
30 130 
108 130 
147 141 
59 7 
55 74 
57 72 
119 122 
45 52 
72 117 
126 62 
51 97 
131 141 
14 99 
72 55 
79 19 
77 117 
76 66 
5 137 
142 101 
29 53 
2 38 
111 124 
80 68 
130 18 
51 121 
96 69 
53 27 
59 3 
144 85 
89 47 
76 5 
128 11 
95 50 
48 35 
107 32 
72 16 
128 140 
26 42 
18 35 
109 75 
137 35 
142 22 
87 68 
143 30 
134 46 
41 10 
20 18 
1 69 
144 13 
8 75 
106 143 
58 68 
47 137 
39 17 
36 109 
4 132 
28 66 
25 26 
51 118 
77 99 
35 147 
48 74 
61 26 
138 20 
93 95 
13 128 
112 121 
31 99 
63 114 
140 55 
66 119 
56 112 
46 13 
106 134 
109 1 
114 50 
43 76 
59 144 
111 46 
14 147 
16 114 
114 4 
34 89 
101 56 
14 119 
88 108 
134 8 
14 25 
143 86 
48 105 
48 95 
143 13 
61 66 
34 29 
106 55 
77 120 
54 114 
54 17 
16 133 
15 145 
99 22 
53 117 
95 53 
104 35 
114 20 
80 119 
59 138 
110 111 
60 6 
90 102 
106 122 
116 134 
107 112 
20 120 
70 16 
31 12 
59 102 
85 7 
38 130 
20 146 
23 135 
112 82 
75 50 
58 17 
119 2 
39 57 
25 4 
84 129 
89 50 
25 44 
122 121 
81 17 
4 109 
3 112 
90 85 
130 11 
83 142 
23 34 
66 67 
70 79 
96 105 
23 123 
16 95 
73 128 
109 44 
108 103 
28 109 
56 4 
46 146 
44 99 
65 122 
143 100 
3 143 
120 47 
17 140 
109 62 
28 78 
91 49 
144 73 
49 136 
90 93 
44 147 
112 60 
111 7 
66 75 
140 71 
73 78 
122 49 
115 134 
96 6 
94 110 
141 49 
120 19 
77 52 
91 20 
107 24 
44 136 
119 118 
56 120 
29 127 
102 138 
18 43 
112 26 
4 24 
11 51 
125 114 
119 115 
59 65 
100 17 
103 35 
77 12 
7 48 
68 4 
125 131 
76 128 
6 3 
81 107 
20 139 
83 93 
20 15 
93 42 
61 6 
21 8 
9 89 
49 48 
134 102 
65 73 
93 136 
92 60 
135 147 
88 77 
127 124 
10 22 
141 1 
43 26 
119 111 
1 120 
19 136 
55 17 
142 56 
51 105 
129 90 
54 60 
96 110 
19 39 
55 76 
29 141 
61 107 
129 35 
139 78 
48 84 
98 78 
8 83 
92 101 
118 70 
73 5 
41 40 
16 19 
37 69 
26 98 
17 10 
89 80 
100 124 
87 83 
103 24 
26 84 
121 102 
23 125 
4 133 
145 90 
132 17 
68 7 
88 83 
11 96 
96 53 
45 93 
95 64 
112 102 
101 87 
45 56 
102 20 
82 131 
49 138 
80 116 
74 138 
109 8 
42 9 
57 74 
59 108 
75 114 
136 85 
42 117 
31 109 
120 70 
105 66 
80 63 
132 83 
97 22 
69 50 
7 137 
72 30 
16 6 
109 10 
141 47 
135 79 
134 141 
27 141 
107 130 
135 58 
38 127 
104 66 
27 22 
32 141 
17 109 
75 48 
84 89 
22 109 
50 85 
99 53 
72 5 
75 3 
17 99 
71 108 
55 92 
8 84 
100 79 
136 143 
26 16 
118 1 
47 3 
144 26 
90 61 
129 110 
124 84 
138 37 
137 93 
46 115 
4 72 
100 122 
78 120 
60 16 
71 41 
147 38 
108 10 
18 56 
117 101 
52 130 
76 112 
132 81 
2 127 
72 65 
134 108 
26 6 
103 118 
127 121 
10 38 
44 18 
71 101 
32 138 
96 14 
65 145 
46 78 
45 141 
42 20 
147 56 
52 146 
119 19 
91 21 
38 1 
26 116 
83 76 
38 31 
62 121 
104 99 
115 107 
138 90 
12 97 
105 12 
108 13 
143 105 
59 103 
86 89 
142 98 
77 70 
4 69 
18 22 
16 117 
4 29 
63 62 
107 7 
39 37 
135 22 
141 118 
43 137 
133 26 
57 53 
5 26 
113 107 
128 63 
104 88 
107 111 
110 43 
3 72 
111 147 
140 52 
46 47 
119 143 
131 3 
81 85 
27 90 
113 56 
41 51 
69 106 
85 33 
48 116 
70 58 
146 108 
50 144 
60 139 
49 62 
52 93 
40 83 
138 131 
106 35 
140 65 
77 9 
92 49 
115 47 
35 121 
5 59 
99 64 
116 33 
78 34 
105 30 
101 40 
108 94 
19 103 
104 116 
102 29 
67 115 
60 146 
75 118 
21 87 
7 5 
113 118 
20 54 
74 88 
100 129 
116 4 
121 39 
73 146 
51 73 
138 75 
84 24 
88 147 
118 135 
129 11 
126 23 
143 133 
95 125 
40 89 
89 11 
39 85 
103 72 
72 94 
107 43 
143 88 
105 25 
29 133 
30 42 
107 15 
84 119 
122 48 
40 11 
50 131 
11 10 
96 13 
37 127 
39 105 
85 121 
117 31 
28 25 
126 1 
37 101 
82 88 
47 116 
91 11 
108 23 
73 1 
98 88 
52 136 
52 11 
101 18 
79 39 
33 135 
83 62 
60 45 
110 64 
25 51 
128 136 
48 45 
31 37 
122 8 
31 134 
44 132 
29 98 
48 44 
124 74 
105 100 
54 34 
10 47 
13 60 
96 103 
78 113 
96 125 
101 14 
55 26 
123 19 
51 110 
94 119 
16 15 
66 53 
70 87 
103 63 
16 138 
75 94 
21 107 
144 3 
56 65 
59 25 
116 55 
42 44 
76 115 
109 112 
64 109 
52 68 
39 38 
2 80 
87 136 
57 63 
19 33 
59 12 
58 82 
7 131 
34 134 
72 129 
83 91 
23 100 
144 132 
26 102 
51 10 
132 126 
2 94 
10 143 
146 107 
80 132 
25 38 
47 130 
51 100 
1 9 
78 44 
94 12 
23 85 
17 51 
74 72 
102 36 
104 8 
86 111 
21 26 
19 131 
125 41 
137 36 
124 145 
120 141 
130 99 
113 130 
136 98 
134 114 
116 45 
92 77 
139 29 
4 146 
52 124 
28 32 
11 58 
93 20 
1 66 
88 22 
104 143 
104 125 
87 91 
122 134 
16 48 
134 54 
20 6 
141 10 
92 1 
97 59 
140 39 
118 40 
42 57 
31 66 
146 11 
146 115 
15 63 
114 2 
121 66 
8 137 
124 23 
47 48 
81 83 
114 43 
85 60 
46 49 
82 44 
144 72 
42 108 
135 130 
71 112 
95 111 
136 56 
38 146 
8 131 
17 115 
32 126 
57 15 
17 89 
50 51 
31 88 
54 14 
17 108 
131 140 
116 27 
59 114 
123 9 
105 23 
127 63 
86 79 
83 53 
60 1 
80 38 
110 67 
31 96 
129 2 
11 45 
35 131 
6 104 
102 115 
46 109 
142 103 
134 50 
45 22 
115 23 
35 26 
64 105 
9 98 
16 38 
11 66 
15 142 
51 76 
133 72 
31 116 
104 42 
12 57 
107 122 
40 139 
121 24 
38 20 
118 128 
92 139 
146 64 
18 118 
22 64 
13 11 
70 96 
25 54 
16 49 
46 107 
80 31 
49 14 
81 25 
7 6 
64 133 
84 107 
17 13 
85 145 
27 104 
139 112 
133 45 
139 90 
102 84 
6 145 
64 78 
102 72 
36 85 
81 8 
91 56 
62 59 
1 116 
133 119 
126 65 
97 113 
146 72 
59 39 
75 73 
102 4 
50 63 
2 29 
33 43 
91 29 
64 120 
65 64 
39 31 
100 92 
72 44 
122 144 
72 90 
144 92 
129 3 
138 68 
9 96 
6 109 
106 68 
142 60 
136 80 
34 2 
65 85 
78 61 
105 81 
125 59 
92 98 
85 109 
107 17 
66 50 
40 65 
88 121 
5 108 
23 37 
38 81 
55 34 
94 37 
105 70 
30 49 
106 12 
49 54 
57 17 
69 61 
31 85 
7 89 
127 82 
80 29 
43 128 
90 89 
138 60 
113 80 
132 120 
29 72 
133 104 
74 21 
49 81 
146 53 
35 107 
54 104 
138 13 
72 64 
140 41 
24 8 
124 16 
16 17 
99 139 
80 111 
4 134 
82 102 
121 115 
3 100 
81 93 
142 17 
133 109 
116 39 
21 128 
88 57 
138 119 
93 120 
61 34 
82 140 
85 82 
8 138 
53 72 
32 137 
37 140 
51 114 
90 92 
114 147 
135 28 
61 83 
79 145 
104 146 
133 111 
54 93 
94 5 
69 49 
110 107 
38 126 
31 58 
128 85 
12 126 
13 22 
87 115 
50 41 
135 113 
135 131 
111 3 
100 144 
108 102 
71 36 
116 113 
95 133 
17 116 
52 99 
107 64 
88 6 
133 58 
120 130 
142 107 
94 82 
75 9 
97 68 
132 62 
125 56 
22 35 
94 40 
5 65 
104 107 
41 107 
145 43 
127 39 
71 93 
129 31 
9 129 
95 142 
78 69 
58 139 
14 106 
100 131 
108 38 
16 59 
105 77 
81 146 
130 127 
16 30 
22 131 
21 112 
96 81 
2 92 
29 77 
9 146 
3 90 
120 45 
139 137 
89 16 
25 133 
127 30 
131 14 
46 79 
52 95 
17 62 
99 87 
30 70 
5 61 
65 37 
26 27 
34 21 
19 53 
124 81 
128 104 
147 77 
87 59 
45 62 
55 47 
25 76 
44 64 
50 138 
118 85 
102 147 
113 143 
134 48 
108 144 
95 40 
116 16 
21 117 
93 123 
124 128 
40 26 
132 61 
65 146 
56 92 
121 133 
142 79 
110 60 
91 120 
4 125 
36 136 
120 137 
123 13 
51 90 
71 138 
145 129 
93 132 
79 6 
20 23 
107 29 
5 145 
135 21 
130 106 
123 112 
43 51 
42 146 
47 133 
81 50 
30 64 
31 63 
34 103 
108 46 
125 110 
12 24 
55 39 
35 136 
105 146 
107 95 
115 77 
82 95 
125 84 
62 14 
55 93 
53 132 
138 70 
125 106 
12 136 
58 95 
52 49 
112 118 
99 27 
47 125 
40 22 
126 59 
83 64 
19 104 
147 57 
12 85 
135 129 
44 121 
61 98 
97 24 
28 8 
4 21 
7 94 
76 74 
39 99 
145 68 
45 26 
137 23 
74 54 
131 72 
4 50 
5 81 
57 36 
99 47 
64 27 
13 99 
143 78 
86 34 
11 59 
1 27 
10 84 
40 35 
16 132 
107 56 
60 4 
123 74 
91 80 
138 141 
93 110 
68 101 
124 116 
62 137 
65 55 
40 141 
83 110 
42 67 
35 56 
96 129 
117 115 
70 62 
135 59 
4 88 
111 34 
144 31 
72 92 
100 45 
81 47 
4 115 
72 60 
89 54 
40 74 
32 140 
94 17 
92 71 
31 131 
105 147 
9 37 
100 70 
131 85 
132 63 
84 109 
22 145 
75 147 
35 64 
109 80 
33 63 
55 133 
115 109 
11 120 
41 58 
117 56 
129 88 
80 58 
108 138 
29 56 
45 6 
46 70 
136 144 
109 98 
83 103 
30 129 
146 44 
12 23 
146 50 
126 88 
130 114 
79 127 
87 10 
101 45 
53 8 
54 146 
88 34 
97 66 
137 146 
124 142 
63 115 
7 55 
81 125 
24 88 
104 74 
91 23 
92 125 
107 77 
42 1 
9 4 
100 90 
42 16 
108 112 
134 27 
144 123 
71 144 
14 125 
37 72 
72 109 
16 50 
112 110 
109 143 
73 119 
99 62 
112 113 
99 110 
38 96 
90 76 
52 40 
49 67 
24 2 
55 60 
3 85 
72 7 
134 12 
9 20 
60 65 
109 45 
98 105 
31 45 
142 28 
95 7 
143 145 
41 24 
48 138 
126 112 
86 83 
109 147 
73 53 
1 103 
18 95 
123 43 
94 140 
139 14 
98 51 
8 101 
139 53 
33 124 
65 62 
139 105 
133 36 
46 15 
74 33 
140 83 
118 13 
106 132 
106 92 
69 2 
81 110 
5 17 
117 142 
63 137 
90 144 
30 145 
14 13 
111 14 
93 129 
143 21 
101 66 
120 73 
4 111 
28 112 
134 95 
10 40 
21 98 
82 137 
45 64 
55 111 
21 1 
55 56 
53 93 
141 78 
116 42 
76 101 
112 79 
96 39 
89 119 
95 109 
84 56 
130 9 
41 147 
135 127 
74 145 
11 144 
74 28 
82 126 
23 25 
12 54 
144 1 
133 34 
88 1 
132 91 
35 62 
10 4 
98 94 
135 36 
30 7 
118 36 
24 109 
100 81 
47 74 
11 56 
8 135 
37 12 
123 39 
48 64 
103 110 
101 51 
147 68 
35 75 
74 86 
52 145 
108 139 
81 141 
13 27 
16 46 
80 147 
145 29 
22 105 
26 20 
37 50 
50 128 
72 45 
51 82 
60 73 
124 91 
140 116 
34 64 
132 124 
51 38 
59 60 
98 91 
65 94 
110 79 
16 101 
68 47 
123 103 
21 44 
131 24 
89 109 
55 120 
100 123 
89 3 
9 7 
79 11 
56 66 
29 51 
96 100 
119 32 
61 73 
135 61 
2 116 
74 16 
103 76 
64 106 
87 14 
67 86 
139 6 
30 73 
36 46 
111 68 
56 123 
41 143 
100 103 
39 128 
62 138 
13 58 
22 2 
88 61 
1 95 
57 51 
143 91 
71 43 
138 107 
20 43 
93 107 
127 13 
47 36 
123 136 
133 140 
58 45 
89 105 
135 2 
79 51 
34 116 
80 138 
140 47 
84 97 
130 129 
3 135 
110 33 
30 22 
28 27 
55 11 
70 134 
132 127 
38 141 
142 8 
87 132 
87 146 
138 143 
142 102 
44 115 
18 50 
121 31 
78 47 
45 113 
32 88 
13 5 
136 106 
11 92 
23 88 
23 64 
2 62 
2 144 
117 84 
24 127 
87 12 
80 51 
131 29 
135 35 
117 17 
131 57 
54 11 
112 117 
59 32 
81 7 
89 51 
120 3 
99 144 
115 133 
98 30 
64 51 
137 86 
12 111 
33 142 
144 121 
107 58 
147 103 
16 141 
46 41 
116 103 
5 111 
57 135 
6 23 
46 8 
18 72 
35 4 
72 97 
44 76 
8 14 
100 116 
1 119 
7 106 
138 128 
139 98 
29 78 
48 87 
138 135 
145 62 
139 41 
49 135 
58 56 
66 22 
46 63 
112 91 
129 85 
20 133 
127 141 
44 24 
142 89 
81 108 
52 64 
100 20 
88 100 
79 144 
2 47 
139 132 
146 63 
15 41 
28 63 
61 29 
106 29 
34 8 
42 134 
75 95 
95 62 
33 115 
114 72 
88 13 
48 132 
122 83 
22 101 
142 91 
18 88 
51 36 
27 92 
119 127 
70 55 
4 40 
41 32 
71 143 
72 108 
111 29 
145 11 
143 111 
105 141 
15 30 
91 28 
104 79 
42 86 
20 89 
19 41 
87 120 
71 23 
35 138 
135 62 
71 134 
111 59 
119 113 
145 18 
67 20 
50 32 
26 120 
21 72 
126 145 
137 9 
106 43 
103 113 
24 47 
29 147 
14 44 
75 78 
15 127 
46 112 
31 127 
131 86 
133 122 
24 139 
119 55 
38 107 
69 114 
135 132 
130 87 
34 83 
107 134 
21 6 
123 111 
58 97 
29 83 
126 77 
113 24 
86 20 
136 137 
81 122 
73 104 
127 25 
125 40 
15 33 
43 147 
129 37 
145 122 
89 75 
119 75 
41 55 
108 114 
48 89 
15 32 
46 54 
70 135 
127 7 
36 101 
13 114 
28 44 
88 27 
72 2 
94 115 
47 90 
65 43 
91 79 
118 80 
101 103 
145 116 
69 85 
16 27 
79 18 
44 52 
34 143 
108 27 
54 97 
18 104 
144 94 
48 124 
112 65 
72 24 
116 105 
50 56 
113 42 
86 94 
15 146 
112 116 
21 31 
13 8 
134 53 
60 113 
13 74 
54 32 
124 39 
117 27 
57 112 
63 59 
25 19 
129 14 
63 3 
40 136 
69 77 
10 100 
51 139 
19 146 
112 37 
99 134 
112 143 
50 74 
16 128 
70 102 
101 27 
29 90 
82 146 
106 111 
112 132 
17 45 
11 83 
19 71 
113 29 
100 89 
31 119 
112 96 
69 24 
93 106 
55 81 
68 107 
65 27 
39 70 
70 48 
123 85 
68 27 
126 95 
98 7 
130 79 
72 130 
3 39 
87 3 
117 40 
126 64 
22 32 
31 42 
43 83 
5 32 
69 34 
83 28 
41 76 
57 2 
63 21 
121 143 
52 135 
25 30 
25 49 
31 100 
80 43 
92 76 
20 132 
134 120 
44 127 
58 6 
92 74 
124 136 
138 7 
26 75 
87 142 
19 64 
74 61 
67 2 
140 24 
66 147 
103 2 
10 50 
79 32 
16 21 
67 56 
108 57 
37 120 
18 110 
33 113 
91 12 
145 138 
74 133 
86 54 
37 28 
20 68 
11 126 
60 43 
132 32 
74 141 
125 130 
10 97 
124 30 
15 135 
32 43 
60 145 
146 83 
54 52 
45 37 
117 132 
90 83 
110 54 
95 19 
13 83 
110 120 
73 41 
42 136 
99 83 
95 112 
30 52 
3 29 
117 1 
102 46 
141 122 
46 128 
131 123 
129 32 
50 9 
67 82 
140 2 
59 141 
41 126 
20 76 
45 28 
40 6 
66 33 
14 58 
42 139 
5 124 
97 107 
74 79 
35 37 
101 54 
87 1 
2 5 
137 45 
16 135 
103 25 
135 123 
6 18 
49 72 
82 96 
112 24 
84 23 
99 90 
3 109 
87 85 
78 4 
147 48 
40 46 
103 127 
89 121 
143 66 
9 83 
8 22 
92 26 
71 1 
128 103 
82 69 
67 118 
137 101 
25 29 
44 50 
43 115 
76 40 
24 102 
63 23 
31 114 
61 18 
114 56 
10 69 
68 43 
25 94 
84 80 
12 103 
27 78 
93 112 
40 86 
144 146 
136 11 
62 34 
10 30 
65 79 
83 120 
34 112 
65 77 
100 56 
101 19 
135 13 
120 23 
33 105 
30 131 
96 128 
3 121 
86 35 
126 70 
59 77 
8 145 
60 61 
96 89 
69 38 
72 77 
63 129 
24 35 
7 25 
71 137 
122 61 
147 87 
25 21 
69 99 
6 17 
45 125 
100 93 
79 58 
78 13 
3 46 
2 11 
50 13 
106 95 
79 101 
94 43 
49 94 
14 61 
147 133 
63 70 
2 15 
18 71 
32 53 
28 121 
52 55 
143 79 
7 26 
62 81 
106 81 
124 89 
83 133 
105 82 
43 127 
122 96 
19 7 
50 92 
23 74 
19 128 
54 147 
6 140 
115 50 
36 147 
4 47 
5 46 
144 125 
119 110 
58 22 
34 105 
135 17 
78 85 
82 77 
67 18 
109 57 
128 106 
125 6 
26 64 
88 109 
104 118 
60 104 
54 81 
122 127 
60 8 
27 10 
4 94 
61 102 
70 107 
52 15 
117 2 
79 81 
100 8 
120 85 
122 1 
21 3 
63 140 
133 129 
139 38 
69 67 
127 52 
103 48 
126 46 
46 130 
147 58 
94 76 
50 3 
81 120 
18 53 
36 131 
28 42 
95 140 
2 65 
93 44 
28 98 
10 131 
141 116 
81 20 
15 117 
39 45 
4 139 
95 33 
45 38 
86 136 
80 10 
18 8 
19 93 
32 120 
30 11 
70 128 
86 47 
124 44 
127 26 
63 138 
14 4 
118 92 
51 144 
9 143 
35 124 
67 59 
114 67 
58 141 
5 134 
67 15 
58 16 
74 129 
116 96 
38 6 
76 30 
104 109 
145 93 
86 102 
127 96 
113 2 
16 18 
138 42 
22 16 
137 100 
65 20 
3 38 
99 15 
118 38 
101 145 
53 140 
47 22 
4 87 
120 95 
64 138 
130 32 
82 31 
119 76 
89 97 
18 80 
19 49 
46 18 
138 23 
95 102 
94 89 
129 4 
64 123 
85 100 
51 69 
117 135 
26 12 
36 44 
100 64 
87 34 
105 75 
143 27 
121 6 
61 137 
120 24 
71 113 
45 132 
99 12 
18 1 
97 136 
98 55 
40 135 
104 98 
134 43 
16 122 
109 82 
15 95 
95 98 
123 42 
36 30 
31 146 
45 24 
102 144 
72 99 
36 9 
127 49 
109 33 
110 32 
22 83 
143 17 
74 116 
5 146 
122 35 
38 61 
26 24 
115 70 
6 32 
12 1 
78 77 
75 64 
12 143 
32 9 
91 59 
12 62 
63 58 
9 94 
121 101 
41 29 
70 22 
10 9 
115 142 
57 81 
44 60 
3 101 
57 124 
18 87 
111 57 
38 121 
102 110 
22 69 
25 75 
16 20 
104 119 
49 146 
49 10 
96 47 
75 74 
134 97 
111 36 
97 95 
78 3 
14 126 
30 136 
139 95 
105 109 
47 14 
106 52 
105 44 
10 39 
35 77 
20 52 
47 33 
102 35 
40 55 
54 119 
65 95 
41 104 
37 66 
34 44 
117 30 
10 28 
11 44 
26 147 
110 28 
103 119 
109 145 
102 92 
9 73 
68 104 
98 124 
106 63 
60 25 
56 63 
10 121 
13 45 
126 37 
5 29 
15 40 
3 126 
145 63 
77 106 
105 129 
2 4 
130 39 
86 103 
144 7 
2 100 
64 39 
105 127 
58 118 
102 143 
75 102 
72 134 
28 104 
100 58 
96 28 
114 7 
16 3 
73 58 
12 120 
34 24 
5 9 
145 131 
114 87 
96 42 
85 35 
28 31 
102 87 
23 97 
119 37 
61 1 
99 79 
6 33 
89 88 
127 142 
143 35 
65 16 
115 24 
28 86 
116 63 
6 118 
71 133 
41 3 
19 9 
70 139 
57 100 
135 108 
28 132 
45 91 
111 25 
67 123 
53 116 
46 37 
76 17 
112 133 
4 96 
77 80 
40 9 
36 63 
137 129 
17 37 
144 106 
147 99 
91 95 
121 103 
69 90 
5 141 
98 140 
35 92 
61 4 
125 138 
92 34 
104 103 
7 86 
102 44 
131 147 
16 145 
7 132 
17 111 
41 44 
99 126 
3 77 
25 37 
92 146 
75 139 
125 3 
133 90 
109 90 
115 78 
57 123 
64 124 
28 89 
29 16 
92 44 
61 113 
72 110 
139 129 
70 72 
102 47 
143 107 
18 100 
127 12 
125 78 
41 35 
146 13 
132 108 
47 8 
125 60 
92 120 
53 137 
147 21 
65 33 
22 4 
22 59 
36 55 
49 58 
31 43 
42 143 
27 25 
43 42 
37 68 
62 61 
24 20 
101 55 
62 125 
56 146 
134 137 
46 2 
53 44 
131 37 
103 79 
54 10 
55 135 
77 110 
31 46 
41 128 
87 20 
77 7 
92 140 
139 69 
69 48 
61 65 
112 29 
114 19 
27 7 
107 47 
21 11 
30 139 
68 23 
119 97 
126 2 
16 96 
119 69 
127 45 
84 20 
61 143 
13 18 
84 27 
83 97 
116 3 
71 107 
70 13 
121 5 
20 96 
94 1 
124 80 
15 106 
95 6 
36 1 
42 66 
116 37 
58 92 
15 130 
12 108 
102 145 
105 31 
146 101 
133 84 
147 16 
33 53 
46 117 
2 40 
95 74 
45 129 
49 65 
131 74 
129 75 
108 8 
94 90 
133 53 
144 16 
40 87 
114 120 
16 10 
122 71 
125 22 
11 65 
32 117 
40 79 
61 136 
48 31 
48 127 
76 134 
78 37 
138 114 
77 142 
74 6 
72 135 
29 114 
3 52 
51 145 
54 111 
29 1 
67 140 
141 63 
128 107 
109 21 
82 43 
50 46 
147 139 
32 23 
82 141 
50 34 
15 14 
22 44 
115 98 
88 136 
92 42 
122 112 
16 118 
119 62 
74 3 
100 28 
136 72 
13 132 
99 76 
97 85 
54 113 
100 119 
68 99 
25 123 
9 103 
85 29 
27 81 
59 56 
32 60 
27 111 
12 30 
141 42 
8 132 
12 19 
133 37 
134 6 
5 6 
1 123 
28 43 
31 75 
115 3 
147 108 
63 88 
93 34 
73 140 
20 60 
51 54 
106 133 
101 35 
57 16 
107 48 
100 136 
40 104 
53 41 
10 139 
38 53 
138 101 
101 10 
8 67 
125 28 
33 2 
12 75 
71 54 
138 88 
100 6 
130 4 
115 41 
140 80 
16 131 
71 15 
56 87 
90 33 
31 5 
120 125 
79 94 
84 62 
147 24 
29 36 
63 130 
35 36 
48 27 
68 84 
115 147 
147 61 
16 142 
67 73 
64 127 
21 120 
59 98 
126 35 
48 136 
28 90 
143 84 
65 98 
50 58 
102 57 
4 46 
39 36 
68 73 
59 117 
120 49 
81 101 
45 142 
19 78 
47 113 
133 22 
114 64 
41 117 
17 146 
64 40 
27 6 
27 126 
49 113 
125 79 
32 90 
29 65 
30 65 
26 79 
107 49 
1 17 
23 129 
40 146 
40 7 
92 5 
133 103 
7 124 
10 134 
115 112 
113 86 
90 142 
129 101 
56 13 
9 58 
75 28 
134 123 
76 132 
32 144 
63 96 
18 98 
147 25 
23 79 
131 45 
13 139 
82 3 
105 21 
59 17 
93 131 
103 67 
83 14 
84 136 
12 15 
9 135 
8 80 
27 82 
67 145 
47 108 
99 36 
78 26 
116 50 
1 79 
108 19 
77 61 
62 142 
97 33 
61 40 
43 130 
14 88 
64 87 
62 54 
48 21 
41 95 
18 82 
127 94 
10 94 
85 16 
33 30 
53 124 
7 65 
24 9 
59 57 
114 68 
44 54 
129 76 
45 16 
124 143 
54 67 
54 48 
71 55 
136 109 
144 143 
6 73 
146 8 
118 121 
32 85 
122 11 
69 28 
101 49 
62 143 
49 140 
57 3 
31 93 
6 111 
62 94 
146 124 
108 93 
77 27 
50 53 
100 107 
61 8 
19 4 
8 118 
78 133 
50 145 
3 18 
94 53 
91 38 
82 4 
51 127 
17 133 
41 113 
118 117 
58 59 
60 107 
112 104 
64 93 
128 145 
95 92 
67 47 
117 88 
3 146 
60 99 
144 61 
123 109 
25 137 
111 89 
122 76 
135 97 
125 5 
2 25 
2 128 
16 73 
75 103 
84 72 
67 16 
26 113 
116 78 
9 71 
40 27 
143 114 
126 131 
56 49 
53 62 
29 95 
37 51 
50 77 
119 25 
12 90 
89 146 
97 114 
7 11 
115 27 
98 101 
116 65 
131 39 
77 73 
17 49 
56 90 
121 2 
13 29 
64 85 
109 43 
82 107 
53 82 
55 13 
75 54 
136 63 
14 40 
104 129 
73 54 
50 73 
98 113 
147 118 
81 133 
46 74 
47 35 
26 68 
78 20 
99 40 
120 61 
11 111 
80 71 
122 91 
104 126 
146 97 
14 136 
141 77 
141 114 
33 52 
79 78 
71 146 
90 95 
143 122 
84 70 
39 94 
55 82 
76 110 
127 95 
74 103 
19 129 
40 98 
52 1 
52 115 
122 73 
131 76 
21 81 
74 59 
52 118 
42 56 
106 53 
85 96 
99 107 
145 3 
84 60 
90 136 
136 114 
17 126 
128 65 
92 136 
115 32 
113 74 
10 15 
143 58 
52 34 
121 59 
59 15 
5 71 
57 96 
12 114 
16 97 
48 18 
71 147 
55 122 
75 80 
88 96 
69 43 
69 30 
1 114 
144 114 
77 42 
65 139 
77 49 
135 128 
111 26 
129 60 
78 127 
131 25 
18 12 
35 38 
142 99 
82 68 
84 140 
74 12 
13 48 
130 66 
23 26 
109 110 
66 19 
144 107 
67 40 
44 8 
137 133 
139 50 
119 140 
120 6 
62 117 
73 18 
18 24 
106 30 
42 147 
134 135 
93 75 
12 109 
116 8 
32 2 
136 34 
7 142 
56 2 
138 54 
26 62 
136 59 
44 75 
84 52 
128 24 
66 5 
128 29 
1 101 
103 94 
71 103 
99 112 
100 146 
62 102 
95 85 
100 120 
6 116 
74 132 
114 28 
52 134 
89 61 
48 131 
121 29 
97 74 
9 90 
17 123 
85 137 
116 76 
91 69 
72 145 
74 31 
97 106 
91 125 
26 48 
72 123 
125 133 
82 89 
10 72 
34 117 
51 85 
144 88 
89 135 
49 124 
117 64 
140 117 
136 65 
5 139 
95 77 
103 77 
64 32 
58 57 
20 83 
38 101 
27 3 
110 36 
57 145 
57 32 
112 33 
59 54 
30 18 
97 62 
118 66 
32 12 
77 89 
73 96 
112 124 
73 121 
71 70 
73 105 
45 36 
2 13 
117 147 
111 132 
88 47 
92 83 
74 49 
28 26 
105 37 
133 120 
135 12 
143 8 
127 21 
69 3 
34 30 
96 62 
68 17 
109 20 
10 135 
17 70 
117 89 
92 126 
125 147 
34 142 
39 21 
43 144 
19 34 
11 142 
37 96 
29 88 
93 61 
74 100 
94 71 
4 39 
23 82 
52 62 
72 132 
48 28 
121 116 
65 100 
69 95 
60 124 
55 88 
86 45 
20 108 
133 10 
147 51 
36 26 
88 19 
2 53 
124 47 
23 92 
143 131 
96 109 
131 136 
143 64 
140 77 
39 54 
37 87 
111 56 
102 78 
4 95 
126 43 
77 38 
10 7 
102 41 
134 140 
38 143 
99 119 
29 119 
10 32 
78 128 
19 99 
15 120 
79 8 
5 106 
101 59 
134 130 
112 20 
84 38 
102 58 
132 114 
32 92 
76 91 
30 68 
132 26 
127 8 
143 59 
109 127 
36 100 
77 21 
98 66 
24 56 
15 118 
88 68 
30 74 
120 18 
39 137 
146 10 
45 106 
72 127 
9 65 
77 2 
101 90 
105 47 
74 119 
144 6 
65 103 
55 25 
94 125 
46 22 
81 19 
32 25 
62 48 
92 96 
101 95 
92 116 
33 120 
95 132 
123 122 
132 86 
130 110 
28 119 
102 19 
114 93 
145 104 
110 86 
108 142 
113 99 
72 20 
22 139 
93 1 
67 33 
43 57 
93 28 
79 22 
77 112 
96 35 
136 132 
74 32 
46 81 
93 113 
69 62 
80 131 
25 39 
52 10 
17 80 
59 140 
70 97 
105 88 
124 138 
133 33 
35 31 
98 68 
96 26 
3 71 
28 111 
46 129 
63 142 
106 123 
44 101 
124 69 
85 10 
85 14 
120 84 
95 99 
62 88 
133 132 
84 122 
124 88 
98 41 
10 83 
46 34 
11 135 
45 134 
2 133 
72 23 
72 96 
126 53 
119 139 
106 104 
104 36 
19 135 
64 129 
101 75 
33 7 
49 137 
63 24 
56 79 
49 5 
49 105 
116 106 
135 105 
86 18 
112 128 
40 16 
102 122 
78 96 
16 44 
32 122 
15 18 
55 2 
51 19 
115 127 
68 38 
129 22 
25 139 
65 133 
46 88 
42 15 
25 134 
42 140 
22 141 
146 66 
128 98 
29 58 
42 49 
102 119 
106 140 
19 3 
75 68 
15 3 
142 52 
88 76 
48 55 
78 82 
70 29 
16 79 
85 57 
137 94 
15 54 
132 35 
19 94 
7 35 
75 33 
126 50 
34 128 
110 105 
90 73 
138 65 
125 115 
1 49 
52 86 
25 58 
94 61 
89 102 
44 9 
109 135 
138 118 
26 54 
73 23 
23 30 
27 131 
21 9 
124 63 
102 88 
128 127 
135 137 
116 58 
107 59 
113 122 
119 106 
120 115 
92 145 
104 96 
123 28 
134 67 
134 16 
21 35 
50 40 
95 8 
59 124 
30 29 
65 48 
120 129 
107 90 
128 51 
14 113 
38 21 
70 117 
126 25 
17 103 
103 111 
122 56 
55 45 
17 61 
105 7 
28 55 
139 44 
23 5 
81 11 
60 82 
119 8 
69 46 
52 29 
127 69 
52 98 
85 124 
87 45 
101 20 
60 56 
139 47 
5 136 
83 31 
104 53 
30 135 
117 75 
14 104 
115 58 
6 142 
12 145 
65 14 
82 90 
83 101 
48 20 
80 23 
31 90 
99 85 
81 82 
17 63 
77 6 
14 43 
74 89 
139 49 
114 122 
138 61 
128 52 
37 60 
70 136 
17 29 
115 95 
59 127 
25 145 
116 117 
114 5 
37 38 
27 60 
30 122 
74 58 
4 127 
14 115 
81 13 
56 137 
31 9 
118 83 
117 91 
8 7 
62 13 
16 146 
63 44 
124 82 
7 16 
42 107 
25 43 
130 10 
110 27 
32 80 
50 123 
68 142 
77 91 
115 135 
74 146 
17 92 
21 118 
14 143 
145 36 
130 45 
26 19 
9 139 
143 120 
81 1 
46 42 
118 39 
1 134 
35 45 
110 101 
115 62 
67 46 
105 9 
141 107 
44 128 
73 114 
60 63 
57 143 
90 113 
91 126 
87 84 
31 57 
10 62 
