151 5542 
115 202 32 295 134 188 105 281 86 38 52 42 275 149 73 222 212 52 25 86 257 211 150 206 236 276 81 144 39 96 248 20 171 296 128 167 7 212 40 98 276 188 212 37 291 55 261 70 9 175 205 218 223 175 37 210 261 80 117 108 73 265 201 258 125 4 94 146 137 155 96 83 39 168 183 293 277 233 30 63 288 299 139 98 251 238 106 292 107 119 186 267 200 274 189 209 142 60 258 77 19 225 290 207 198 262 121 78 289 50 264 114 106 280 76 289 7 291 210 216 75 119 193 164 93 141 206 83 197 146 283 288 199 274 72 44 121 82 4 264 287 9 236 74 283 143 41 238 273 221 251 
105 104 
63 43 
72 112 
20 106 
32 115 
45 73 
90 65 
3 44 
75 61 
68 48 
151 20 
36 44 
58 60 
101 69 
18 22 
3 46 
46 41 
120 126 
55 44 
88 111 
101 11 
37 42 
95 52 
107 38 
2 74 
78 134 
17 71 
102 87 
125 108 
101 151 
23 89 
130 31 
45 28 
128 84 
47 148 
91 3 
28 113 
65 51 
27 37 
21 16 
18 133 
43 106 
121 70 
2 145 
89 41 
100 70 
93 143 
67 117 
40 109 
88 16 
88 20 
112 119 
29 125 
142 39 
20 99 
104 125 
146 75 
14 86 
35 22 
35 113 
78 86 
138 61 
110 78 
32 43 
52 11 
129 132 
51 138 
118 84 
3 113 
71 34 
117 143 
63 81 
56 96 
47 149 
99 69 
21 133 
36 41 
111 66 
90 100 
71 145 
140 59 
145 66 
127 10 
28 20 
126 123 
120 150 
20 44 
95 148 
46 114 
112 44 
97 104 
133 61 
42 107 
47 23 
51 128 
80 81 
58 22 
74 73 
66 2 
95 89 
52 102 
20 59 
116 54 
95 93 
116 16 
18 23 
78 26 
115 91 
111 36 
142 116 
44 109 
85 143 
50 133 
78 37 
130 43 
145 29 
68 24 
123 14 
1 73 
146 130 
118 105 
151 127 
9 103 
68 5 
79 69 
116 85 
19 91 
23 109 
85 16 
139 135 
126 107 
131 63 
75 50 
35 25 
78 20 
81 141 
136 24 
26 134 
79 45 
1 141 
94 80 
17 22 
113 69 
21 11 
48 138 
27 12 
146 40 
34 65 
65 74 
87 95 
54 31 
73 93 
124 26 
68 133 
99 105 
37 70 
84 135 
7 115 
33 132 
2 119 
132 23 
7 64 
80 128 
124 107 
8 26 
97 89 
18 40 
138 81 
130 131 
51 64 
123 16 
78 148 
142 131 
3 146 
73 149 
146 48 
60 83 
38 17 
32 63 
34 83 
54 117 
57 18 
45 141 
130 15 
46 108 
111 65 
9 56 
110 144 
1 135 
11 60 
35 60 
19 53 
67 39 
46 119 
72 103 
118 8 
44 117 
32 123 
104 86 
95 104 
87 124 
98 129 
86 145 
40 119 
136 13 
129 103 
79 135 
86 44 
68 116 
33 95 
77 58 
102 58 
45 88 
57 108 
99 39 
49 109 
116 105 
51 145 
118 12 
111 85 
145 113 
111 7 
93 42 
104 130 
46 150 
82 125 
2 81 
95 44 
47 141 
87 20 
56 47 
95 151 
100 52 
118 107 
115 54 
143 92 
117 112 
100 73 
67 132 
144 79 
95 118 
111 125 
124 19 
40 58 
40 71 
63 78 
4 98 
141 48 
138 100 
65 28 
129 85 
139 72 
64 119 
2 105 
53 110 
132 137 
86 83 
103 67 
82 143 
59 3 
55 65 
54 46 
145 20 
45 146 
137 59 
138 49 
119 12 
5 147 
151 126 
110 113 
81 140 
83 52 
89 116 
44 13 
3 96 
105 16 
18 4 
111 148 
131 29 
5 22 
90 113 
15 1 
68 13 
134 91 
15 47 
87 130 
55 99 
11 104 
50 93 
8 34 
2 54 
89 78 
112 70 
69 127 
68 7 
46 38 
135 124 
72 27 
15 124 
114 68 
116 1 
141 139 
144 29 
61 128 
49 111 
57 141 
76 82 
68 106 
125 7 
31 83 
32 111 
142 1 
141 120 
10 134 
67 150 
68 37 
18 55 
11 17 
64 135 
113 48 
52 101 
33 49 
121 18 
135 57 
67 62 
34 151 
43 53 
31 55 
42 14 
112 12 
113 127 
140 127 
37 6 
73 136 
57 98 
148 12 
86 2 
16 64 
91 76 
144 52 
38 41 
43 112 
122 67 
136 151 
73 138 
126 103 
126 20 
22 108 
141 46 
70 137 
126 106 
24 20 
68 132 
56 105 
88 6 
139 40 
135 137 
48 120 
87 75 
125 99 
101 13 
117 99 
116 45 
147 21 
142 82 
36 48 
120 65 
69 87 
104 94 
6 10 
40 89 
72 124 
125 118 
119 117 
112 149 
139 137 
27 86 
149 81 
83 142 
25 55 
15 134 
69 112 
74 135 
42 90 
39 134 
122 61 
25 41 
1 68 
31 151 
52 53 
124 114 
76 20 
102 116 
49 145 
43 110 
76 106 
137 123 
82 49 
105 15 
60 77 
121 79 
56 62 
46 145 
149 104 
121 130 
81 102 
105 14 
30 12 
97 63 
148 146 
14 17 
39 24 
80 28 
15 4 
90 29 
18 16 
69 136 
134 66 
110 4 
111 77 
87 110 
59 54 
71 30 
77 17 
125 70 
40 50 
131 100 
107 142 
32 5 
128 43 
42 48 
151 32 
71 150 
55 111 
36 106 
91 149 
105 42 
62 122 
96 104 
109 115 
12 59 
83 116 
25 100 
91 7 
30 116 
68 120 
100 69 
9 61 
61 48 
35 24 
38 53 
112 139 
56 129 
52 5 
121 14 
58 66 
29 110 
24 2 
27 105 
122 115 
23 57 
93 106 
42 149 
33 47 
12 114 
147 70 
58 27 
49 17 
27 16 
24 45 
125 63 
129 68 
52 71 
100 117 
124 120 
95 81 
4 24 
75 116 
134 56 
89 129 
6 12 
28 120 
91 75 
18 65 
80 6 
32 77 
50 127 
143 124 
115 62 
148 105 
148 24 
112 40 
68 81 
141 65 
78 100 
28 51 
148 35 
119 79 
21 61 
51 133 
144 67 
147 89 
94 78 
147 151 
131 34 
142 40 
15 65 
91 137 
64 140 
97 41 
58 37 
116 8 
124 20 
77 148 
98 135 
52 127 
56 17 
146 32 
19 110 
102 113 
43 107 
60 123 
142 101 
70 51 
32 38 
103 25 
6 111 
66 34 
30 131 
132 99 
74 20 
31 76 
5 135 
2 50 
31 150 
127 51 
72 135 
108 142 
139 131 
46 146 
116 21 
121 50 
111 114 
39 81 
45 13 
47 103 
50 46 
32 80 
83 56 
1 85 
13 69 
48 22 
82 11 
143 74 
83 119 
53 92 
5 51 
5 123 
80 130 
93 7 
39 45 
111 4 
88 133 
113 124 
32 56 
83 61 
150 137 
50 95 
65 14 
36 51 
17 111 
115 21 
38 151 
101 74 
92 59 
45 26 
95 149 
140 67 
80 36 
24 121 
132 86 
93 61 
95 135 
73 57 
6 140 
145 89 
50 146 
102 70 
76 74 
95 116 
123 135 
36 57 
103 24 
16 147 
57 72 
53 30 
63 83 
77 93 
87 14 
136 138 
64 88 
80 141 
68 115 
4 146 
104 91 
63 111 
129 136 
126 127 
136 124 
53 60 
90 117 
76 43 
118 13 
107 77 
62 119 
52 21 
43 114 
133 111 
65 110 
23 84 
4 140 
97 71 
22 147 
108 120 
45 57 
108 129 
2 146 
91 20 
149 5 
89 34 
97 106 
9 123 
28 142 
101 102 
49 9 
95 119 
134 76 
131 119 
42 137 
106 125 
86 39 
19 5 
112 87 
44 124 
2 109 
22 77 
33 142 
39 115 
66 35 
59 147 
145 119 
71 149 
10 53 
103 63 
140 24 
79 17 
118 2 
149 113 
6 19 
74 85 
85 90 
58 1 
86 75 
134 142 
42 28 
42 22 
138 71 
4 89 
66 118 
127 75 
18 108 
113 32 
15 138 
137 9 
111 23 
123 66 
143 80 
147 2 
32 103 
33 20 
20 82 
75 13 
131 57 
50 80 
6 13 
131 10 
123 107 
134 64 
21 57 
126 12 
15 70 
121 81 
24 112 
67 124 
95 112 
80 100 
81 137 
89 37 
56 58 
41 146 
53 5 
98 89 
131 13 
100 38 
98 3 
62 137 
105 59 
107 138 
143 110 
102 46 
35 47 
104 15 
40 60 
4 106 
18 66 
88 40 
68 36 
86 131 
22 115 
114 66 
4 101 
52 135 
52 138 
67 5 
68 51 
89 8 
72 6 
110 63 
98 94 
122 114 
142 141 
135 70 
69 53 
126 41 
32 100 
113 135 
48 62 
87 52 
13 139 
73 58 
92 132 
19 150 
66 109 
138 28 
145 67 
36 95 
21 3 
47 79 
128 34 
32 106 
29 134 
57 56 
19 61 
129 113 
67 66 
101 15 
52 76 
89 9 
134 133 
67 64 
73 60 
102 135 
110 123 
15 26 
106 2 
23 139 
110 15 
21 33 
15 113 
141 49 
135 27 
89 139 
36 62 
82 85 
145 84 
49 57 
121 147 
7 15 
100 10 
101 97 
81 86 
50 94 
62 150 
89 96 
44 4 
27 9 
109 98 
72 71 
116 81 
11 119 
11 76 
98 17 
86 127 
61 55 
7 29 
13 34 
38 142 
148 55 
132 84 
106 45 
111 46 
22 70 
142 7 
133 39 
116 28 
84 78 
91 73 
96 94 
122 68 
102 61 
127 125 
90 130 
77 16 
126 67 
30 46 
29 26 
125 122 
130 92 
68 73 
151 84 
54 103 
38 91 
100 106 
64 133 
143 101 
47 39 
137 118 
142 8 
10 15 
138 17 
134 129 
1 7 
30 109 
80 96 
5 24 
52 111 
80 102 
111 127 
132 122 
41 12 
64 97 
122 40 
50 52 
76 73 
74 138 
37 77 
77 42 
4 36 
39 93 
74 68 
80 13 
97 96 
98 110 
71 74 
139 37 
63 126 
24 128 
47 42 
1 130 
127 97 
40 120 
55 109 
56 70 
140 5 
44 126 
79 80 
143 128 
146 90 
111 72 
97 145 
35 141 
46 72 
47 68 
122 5 
109 118 
109 25 
123 79 
31 47 
135 80 
88 44 
25 65 
58 23 
136 106 
26 73 
89 93 
18 97 
21 75 
52 75 
44 40 
117 146 
150 121 
76 87 
139 127 
111 136 
134 128 
81 118 
145 78 
86 43 
34 2 
32 22 
69 107 
34 144 
118 37 
11 123 
89 53 
115 106 
115 14 
111 75 
125 91 
95 70 
51 98 
122 7 
65 121 
96 60 
120 98 
149 36 
121 82 
114 119 
22 19 
28 22 
93 74 
69 10 
55 83 
83 74 
90 26 
112 42 
96 32 
34 85 
28 21 
120 94 
80 31 
97 3 
80 139 
42 124 
53 90 
76 10 
23 56 
122 118 
1 67 
106 133 
86 109 
138 13 
50 135 
140 74 
142 87 
31 3 
93 37 
78 2 
84 35 
105 138 
92 134 
105 69 
80 140 
3 148 
130 106 
68 17 
74 91 
134 127 
4 21 
48 77 
114 61 
15 89 
151 53 
79 64 
98 122 
104 109 
66 17 
115 142 
92 21 
54 68 
5 143 
10 86 
149 50 
7 54 
10 54 
3 105 
102 74 
94 138 
60 80 
41 53 
66 84 
135 129 
45 108 
47 99 
117 30 
100 129 
37 144 
40 53 
117 40 
133 74 
141 61 
30 90 
2 136 
34 22 
41 24 
78 5 
26 150 
61 12 
149 138 
53 75 
5 16 
16 8 
65 77 
25 64 
105 31 
71 61 
141 121 
65 39 
27 109 
119 3 
54 127 
10 123 
141 135 
133 148 
96 51 
31 34 
126 116 
128 33 
56 49 
110 81 
93 34 
13 96 
18 129 
78 65 
95 120 
89 12 
51 82 
85 66 
60 31 
83 37 
76 65 
54 72 
135 120 
20 89 
125 19 
148 140 
88 13 
26 14 
40 67 
10 107 
140 122 
2 129 
101 24 
87 143 
62 102 
136 17 
30 127 
85 12 
18 21 
104 56 
112 94 
151 35 
98 52 
48 94 
76 47 
52 13 
68 150 
115 59 
22 14 
101 150 
92 77 
41 47 
115 18 
4 99 
56 126 
127 129 
132 69 
96 140 
41 59 
66 100 
52 119 
45 105 
27 21 
148 15 
37 98 
108 133 
60 85 
91 45 
134 44 
121 75 
151 69 
131 2 
91 50 
110 50 
94 126 
11 59 
92 120 
102 105 
41 78 
130 12 
36 120 
56 149 
20 13 
58 19 
33 58 
98 128 
86 141 
7 14 
18 14 
26 34 
105 120 
36 107 
18 8 
129 47 
65 112 
148 23 
89 107 
82 23 
38 61 
53 22 
38 117 
114 87 
132 124 
104 141 
125 128 
26 12 
22 99 
3 57 
77 15 
143 50 
60 52 
22 63 
52 88 
119 102 
99 68 
60 54 
96 22 
26 41 
16 141 
143 51 
140 25 
11 126 
92 96 
150 99 
99 114 
76 143 
72 141 
142 145 
16 30 
18 52 
97 136 
143 58 
112 151 
128 71 
137 124 
98 5 
23 131 
67 115 
2 112 
149 29 
75 150 
101 35 
114 107 
144 33 
79 2 
57 134 
47 143 
92 48 
53 36 
86 53 
39 131 
82 130 
123 105 
48 59 
112 91 
110 59 
37 116 
88 105 
136 145 
41 34 
5 112 
41 149 
88 119 
102 26 
20 6 
119 75 
56 61 
33 82 
65 107 
95 62 
111 94 
101 89 
61 90 
133 31 
37 92 
109 89 
63 100 
16 45 
52 16 
118 68 
85 43 
6 44 
116 146 
129 118 
64 82 
64 98 
142 26 
95 106 
38 29 
74 150 
17 135 
63 149 
11 25 
145 59 
23 88 
72 44 
123 13 
21 128 
64 58 
99 14 
127 61 
129 70 
7 53 
28 17 
140 61 
120 143 
46 24 
30 91 
138 24 
72 65 
106 105 
18 68 
68 78 
104 54 
136 140 
82 73 
22 16 
136 130 
80 149 
142 63 
88 63 
10 112 
61 82 
47 13 
90 119 
92 58 
29 86 
55 56 
13 148 
120 119 
19 16 
125 54 
18 7 
144 97 
76 88 
101 120 
151 96 
54 14 
147 28 
22 61 
35 62 
66 138 
15 99 
23 143 
80 63 
79 42 
72 96 
83 79 
108 151 
114 105 
65 56 
2 45 
28 107 
77 117 
107 27 
25 39 
144 26 
125 9 
76 2 
8 137 
77 68 
25 21 
71 83 
136 110 
134 19 
19 74 
48 6 
94 38 
42 64 
126 100 
12 54 
21 117 
139 128 
121 118 
68 105 
8 98 
108 36 
125 74 
37 34 
119 97 
38 19 
80 138 
27 132 
113 44 
102 71 
17 18 
71 37 
90 17 
128 76 
9 117 
145 109 
26 87 
105 113 
33 2 
145 43 
115 58 
12 129 
34 80 
46 131 
31 5 
18 29 
71 105 
81 13 
107 99 
93 72 
53 74 
132 125 
127 11 
92 137 
73 33 
88 99 
70 88 
123 68 
9 54 
127 138 
51 101 
150 131 
109 70 
84 11 
134 2 
58 75 
40 28 
48 46 
70 99 
55 91 
69 4 
57 97 
7 9 
85 67 
97 35 
40 151 
9 83 
124 45 
141 59 
30 104 
63 133 
59 75 
80 110 
122 109 
57 68 
107 121 
11 19 
88 138 
120 67 
64 121 
23 142 
88 135 
25 136 
50 42 
138 144 
27 1 
57 8 
35 57 
138 121 
2 62 
6 39 
17 21 
109 123 
89 18 
35 102 
93 110 
43 70 
119 128 
95 32 
81 54 
113 117 
71 96 
45 50 
149 147 
141 56 
41 130 
10 151 
102 103 
137 6 
31 62 
90 46 
4 97 
120 75 
99 81 
43 132 
12 53 
106 42 
69 60 
50 7 
18 143 
47 29 
11 109 
2 88 
73 87 
10 143 
3 37 
127 135 
132 133 
143 42 
135 86 
118 147 
60 115 
149 17 
113 112 
84 55 
72 98 
1 74 
63 141 
43 133 
120 114 
54 8 
32 140 
78 124 
73 105 
77 11 
62 49 
117 57 
12 69 
112 144 
68 91 
2 80 
91 133 
133 9 
5 145 
107 62 
138 20 
23 74 
136 75 
1 136 
145 52 
13 29 
78 144 
33 96 
21 134 
120 74 
142 79 
70 107 
108 49 
133 104 
113 132 
90 44 
23 114 
6 34 
46 143 
27 94 
143 84 
93 144 
145 151 
32 40 
47 12 
110 124 
28 48 
135 32 
147 115 
98 58 
64 23 
24 98 
79 30 
151 14 
130 40 
139 27 
133 28 
117 28 
59 100 
59 23 
24 110 
53 1 
80 69 
130 37 
93 126 
148 25 
23 1 
34 40 
143 125 
71 112 
76 8 
64 60 
6 81 
123 34 
55 104 
32 105 
128 23 
65 61 
26 145 
130 62 
53 9 
1 55 
2 103 
100 151 
116 34 
64 32 
125 56 
80 27 
69 3 
58 38 
64 70 
94 2 
95 113 
116 29 
28 144 
78 46 
40 2 
121 48 
144 145 
61 25 
52 68 
35 109 
67 142 
140 131 
147 57 
104 67 
109 133 
73 34 
94 12 
135 47 
50 90 
17 9 
114 90 
77 53 
89 50 
30 37 
82 21 
5 29 
20 118 
80 74 
130 17 
30 49 
94 73 
77 143 
65 24 
142 74 
34 119 
105 64 
70 40 
88 142 
84 110 
80 75 
102 108 
115 111 
25 143 
121 8 
45 72 
23 48 
84 70 
114 125 
24 122 
100 9 
39 42 
126 130 
144 53 
44 42 
55 86 
14 84 
67 111 
140 56 
86 17 
123 139 
89 87 
136 133 
75 106 
82 67 
51 10 
41 23 
25 78 
65 127 
127 60 
145 123 
126 97 
38 71 
98 147 
120 57 
1 103 
112 31 
3 12 
98 48 
112 1 
55 46 
135 140 
115 99 
97 86 
113 96 
110 1 
12 23 
128 140 
104 126 
129 79 
98 49 
9 70 
99 89 
16 70 
103 53 
59 108 
9 104 
113 84 
92 83 
151 115 
58 26 
74 29 
143 102 
53 101 
82 132 
80 145 
113 6 
106 84 
70 123 
43 21 
45 130 
1 95 
8 129 
143 64 
124 86 
17 1 
38 124 
3 139 
53 123 
63 33 
79 1 
1 119 
10 114 
25 60 
110 75 
63 129 
24 29 
104 61 
24 96 
27 150 
136 121 
110 52 
31 107 
63 25 
77 114 
116 14 
59 2 
74 109 
29 44 
88 92 
124 82 
61 111 
41 93 
80 52 
6 52 
11 115 
14 119 
104 135 
51 3 
78 6 
13 43 
6 11 
67 7 
129 7 
18 31 
129 141 
92 4 
52 1 
27 50 
24 8 
108 27 
121 91 
33 13 
5 119 
120 11 
117 61 
60 12 
90 82 
18 19 
101 8 
132 7 
98 19 
98 29 
101 39 
75 42 
149 68 
136 29 
119 9 
55 150 
21 6 
84 40 
151 114 
123 115 
14 66 
122 8 
144 92 
134 124 
61 118 
42 85 
68 10 
62 91 
90 125 
44 122 
114 53 
138 39 
82 112 
41 101 
124 68 
73 137 
63 104 
51 56 
71 104 
115 100 
38 43 
63 92 
151 143 
111 68 
116 70 
65 27 
106 62 
73 63 
104 102 
118 56 
58 124 
19 68 
82 101 
11 89 
51 130 
87 3 
37 137 
38 129 
135 49 
107 59 
46 8 
83 140 
43 134 
32 133 
37 100 
142 37 
54 63 
60 33 
63 127 
29 120 
135 40 
144 116 
108 100 
41 76 
32 99 
79 110 
132 62 
127 28 
78 135 
47 142 
79 12 
80 17 
120 83 
151 104 
96 139 
133 80 
112 52 
100 60 
86 144 
36 98 
91 111 
63 62 
29 111 
75 4 
126 47 
2 108 
102 17 
132 42 
16 122 
9 59 
95 146 
137 112 
95 101 
38 125 
64 101 
141 6 
144 4 
58 30 
100 81 
44 98 
145 74 
71 63 
26 120 
134 1 
42 135 
76 120 
104 136 
149 143 
150 100 
147 64 
107 130 
107 84 
94 1 
129 58 
121 71 
15 5 
26 89 
103 86 
31 136 
69 85 
64 76 
115 104 
86 134 
137 75 
86 11 
100 72 
17 37 
25 27 
136 115 
57 138 
102 57 
60 59 
132 60 
73 130 
34 52 
29 138 
55 54 
131 61 
93 78 
28 9 
117 141 
98 83 
116 84 
12 13 
31 12 
86 54 
42 103 
85 110 
114 123 
50 41 
73 143 
33 106 
48 139 
134 137 
94 44 
33 97 
96 88 
109 84 
75 48 
22 74 
34 148 
130 19 
146 30 
109 1 
7 126 
2 4 
109 18 
150 3 
124 144 
21 31 
3 11 
44 59 
49 94 
109 120 
2 90 
96 31 
78 79 
130 34 
90 142 
58 116 
43 143 
131 83 
74 43 
85 104 
125 47 
147 119 
121 53 
4 60 
39 68 
98 50 
75 17 
107 53 
17 40 
42 15 
10 73 
139 41 
20 46 
150 140 
141 116 
32 37 
18 141 
22 110 
138 129 
100 136 
55 96 
39 83 
39 51 
118 17 
36 35 
149 62 
1 138 
63 74 
35 99 
78 21 
128 55 
57 60 
64 139 
90 13 
7 86 
53 23 
86 41 
129 107 
96 50 
76 96 
3 38 
21 74 
81 51 
57 87 
81 43 
133 11 
2 77 
53 116 
55 134 
105 6 
1 13 
49 67 
23 80 
1 19 
119 142 
132 88 
117 50 
136 95 
110 135 
146 57 
149 26 
122 81 
49 59 
40 138 
36 21 
20 137 
38 60 
131 114 
126 114 
129 131 
125 130 
99 96 
141 145 
94 91 
18 34 
49 86 
38 140 
137 4 
36 127 
61 54 
3 117 
43 93 
124 55 
136 76 
55 60 
56 15 
151 146 
16 90 
36 110 
110 42 
66 90 
142 106 
12 45 
68 69 
141 76 
37 33 
1 133 
3 115 
41 13 
71 119 
3 85 
75 142 
147 69 
63 85 
76 121 
9 73 
129 20 
40 137 
26 77 
137 140 
24 82 
18 116 
35 140 
147 25 
100 35 
34 14 
132 50 
12 87 
136 94 
18 146 
123 81 
71 3 
17 106 
46 73 
72 140 
87 28 
90 24 
126 29 
98 11 
37 113 
129 19 
57 115 
34 39 
1 18 
48 89 
34 120 
101 30 
97 94 
115 50 
3 75 
85 136 
69 46 
12 24 
7 83 
11 71 
37 97 
15 135 
11 38 
37 48 
43 127 
88 29 
104 82 
12 20 
16 134 
83 144 
33 90 
64 104 
125 87 
128 18 
23 95 
59 99 
27 78 
112 28 
63 144 
67 77 
69 19 
75 65 
35 111 
85 137 
83 114 
85 64 
137 80 
16 40 
34 126 
64 10 
69 54 
68 90 
151 123 
12 144 
9 147 
61 103 
83 111 
113 146 
2 53 
101 78 
6 38 
140 145 
59 33 
146 66 
116 139 
15 37 
65 60 
34 132 
51 110 
90 115 
111 30 
142 81 
63 12 
59 90 
22 41 
140 105 
94 83 
94 123 
68 101 
93 137 
20 40 
21 1 
24 6 
144 126 
56 28 
3 61 
108 84 
74 34 
145 10 
121 1 
27 11 
73 134 
108 47 
42 140 
84 137 
111 120 
147 82 
40 4 
85 96 
25 34 
134 146 
115 79 
12 29 
122 111 
99 24 
19 31 
74 141 
3 100 
139 44 
74 105 
114 86 
78 118 
23 108 
138 132 
83 8 
54 130 
119 43 
4 118 
51 129 
59 109 
18 117 
86 36 
105 142 
110 45 
11 147 
150 10 
58 135 
15 88 
90 4 
91 69 
104 46 
21 68 
13 92 
52 51 
92 126 
85 138 
73 92 
145 103 
130 29 
131 84 
151 70 
60 82 
5 3 
67 107 
44 145 
116 40 
114 147 
8 39 
89 127 
94 148 
124 70 
10 118 
66 59 
94 122 
150 106 
139 46 
14 140 
12 88 
131 81 
71 133 
103 149 
120 131 
45 76 
151 99 
31 11 
28 72 
45 89 
16 80 
27 10 
137 49 
68 67 
59 84 
45 25 
31 131 
107 143 
104 16 
55 67 
85 148 
28 93 
100 39 
123 15 
19 79 
65 48 
48 116 
137 79 
99 48 
140 79 
130 57 
106 134 
97 85 
140 147 
39 62 
8 59 
95 18 
53 128 
131 60 
83 146 
101 76 
147 75 
14 128 
21 53 
102 44 
59 70 
19 95 
51 103 
108 103 
11 124 
98 131 
4 34 
59 64 
148 139 
80 54 
91 117 
42 129 
99 76 
4 122 
88 18 
16 42 
43 18 
50 60 
73 120 
11 110 
55 2 
95 73 
19 73 
138 35 
132 37 
32 109 
61 125 
110 118 
57 12 
112 73 
124 112 
122 47 
5 131 
94 7 
15 116 
54 75 
41 116 
83 149 
2 148 
33 149 
131 97 
110 96 
131 8 
74 94 
21 22 
57 1 
1 139 
104 42 
142 102 
81 79 
71 55 
49 129 
58 145 
89 124 
53 108 
102 130 
112 140 
107 32 
40 29 
69 51 
42 122 
150 32 
16 100 
115 116 
53 136 
78 32 
46 107 
97 149 
28 140 
22 111 
92 5 
130 103 
23 147 
103 74 
99 92 
124 40 
32 88 
5 4 
8 132 
108 88 
18 126 
10 140 
44 150 
45 8 
130 38 
52 25 
82 66 
78 98 
62 83 
57 114 
5 55 
10 25 
148 124 
74 136 
145 57 
147 105 
47 38 
114 129 
136 11 
50 119 
127 19 
134 93 
140 103 
50 84 
101 125 
113 42 
109 62 
122 144 
150 40 
110 69 
127 105 
119 30 
4 130 
2 138 
92 12 
33 99 
106 87 
72 120 
88 91 
19 55 
62 38 
111 44 
51 95 
86 40 
27 47 
79 148 
56 25 
31 72 
60 15 
75 23 
63 147 
149 15 
50 14 
92 40 
51 141 
100 101 
76 119 
49 113 
103 82 
31 8 
59 86 
36 34 
138 76 
78 39 
111 151 
38 102 
139 100 
70 127 
74 50 
8 19 
93 127 
107 90 
31 69 
85 106 
52 54 
41 9 
91 15 
133 6 
79 16 
13 128 
81 105 
37 28 
138 33 
80 119 
55 75 
69 115 
24 15 
57 112 
36 23 
146 33 
44 34 
26 16 
59 127 
142 114 
16 25 
136 35 
60 130 
78 108 
113 101 
8 125 
71 4 
3 110 
91 6 
120 58 
16 78 
141 133 
44 138 
16 34 
9 139 
68 100 
31 33 
108 130 
132 1 
47 128 
51 116 
17 139 
57 51 
7 41 
47 105 
69 59 
84 95 
123 19 
50 1 
151 138 
21 65 
116 31 
62 51 
59 68 
18 80 
114 4 
19 99 
37 119 
33 126 
57 119 
101 116 
68 102 
146 129 
32 53 
83 97 
4 51 
97 125 
69 61 
94 150 
128 82 
133 25 
73 17 
72 1 
76 59 
88 140 
46 9 
18 136 
70 11 
14 33 
139 82 
1 101 
33 115 
137 43 
28 16 
138 21 
125 96 
6 45 
87 113 
16 57 
43 14 
119 125 
149 123 
64 50 
133 79 
60 74 
146 19 
74 100 
148 149 
144 95 
73 66 
73 131 
58 81 
23 11 
35 5 
46 44 
118 39 
67 33 
39 79 
56 59 
27 53 
137 29 
62 23 
115 30 
71 94 
9 150 
51 55 
41 18 
83 44 
119 48 
139 69 
52 129 
107 104 
33 120 
24 137 
82 84 
133 66 
20 47 
107 79 
11 66 
53 149 
68 93 
29 39 
134 54 
29 51 
81 16 
147 73 
72 108 
88 149 
59 118 
48 52 
100 137 
26 47 
85 44 
134 7 
49 107 
113 77 
67 128 
81 29 
39 77 
5 144 
144 30 
94 76 
140 91 
56 5 
134 74 
134 99 
61 96 
59 106 
43 68 
151 8 
45 44 
111 149 
50 125 
80 14 
97 30 
10 136 
94 24 
48 109 
138 67 
33 134 
143 94 
23 140 
49 142 
147 51 
139 92 
38 137 
44 49 
99 75 
31 82 
19 57 
130 111 
7 5 
35 134 
4 116 
25 14 
135 8 
75 35 
126 59 
12 18 
35 28 
83 36 
147 50 
106 147 
4 88 
113 71 
78 14 
54 18 
74 51 
145 40 
122 145 
119 4 
117 124 
93 71 
114 70 
62 59 
77 81 
131 88 
82 118 
20 16 
82 40 
18 28 
58 108 
22 140 
114 58 
98 149 
141 143 
147 41 
126 99 
95 13 
105 133 
151 128 
61 139 
41 3 
22 71 
120 56 
117 19 
49 47 
32 142 
100 143 
135 63 
18 2 
75 66 
21 34 
56 146 
90 123 
90 93 
51 41 
92 6 
49 42 
1 93 
29 66 
72 18 
87 144 
96 11 
6 63 
117 71 
104 76 
73 69 
139 53 
132 17 
99 78 
72 56 
82 34 
24 77 
7 128 
16 140 
45 102 
123 82 
120 39 
55 43 
130 116 
73 127 
79 120 
9 15 
35 95 
70 126 
96 47 
148 61 
86 68 
139 91 
96 108 
118 139 
38 59 
3 88 
139 115 
32 9 
102 109 
29 141 
39 50 
132 93 
4 93 
126 115 
84 130 
42 102 
84 22 
84 119 
107 40 
23 29 
138 16 
43 123 
58 146 
150 50 
9 86 
125 22 
2 35 
67 76 
151 11 
10 113 
102 98 
28 78 
147 62 
67 139 
21 69 
115 85 
112 135 
28 121 
92 114 
87 70 
33 70 
88 8 
149 66 
71 125 
88 72 
148 106 
113 79 
13 38 
33 76 
95 71 
103 124 
52 70 
37 73 
71 13 
57 82 
70 142 
128 126 
122 87 
45 64 
57 5 
99 130 
47 151 
8 2 
12 142 
117 79 
30 20 
108 118 
28 3 
109 90 
134 122 
72 35 
150 146 
107 80 
48 5 
10 35 
39 143 
75 78 
133 103 
52 134 
103 118 
10 17 
43 29 
132 36 
77 30 
126 140 
115 82 
107 122 
151 116 
142 91 
33 25 
149 52 
34 101 
18 91 
46 5 
73 151 
39 52 
98 80 
6 73 
139 31 
111 13 
27 64 
67 57 
66 115 
67 60 
59 39 
72 113 
142 112 
50 53 
43 140 
24 49 
117 7 
48 50 
118 58 
132 46 
74 88 
24 33 
9 151 
31 114 
44 104 
13 70 
45 49 
99 87 
26 105 
136 83 
17 97 
75 33 
108 39 
133 65 
115 25 
23 90 
78 115 
5 77 
12 149 
39 57 
122 100 
145 15 
146 80 
102 96 
60 118 
5 82 
103 41 
146 149 
31 125 
40 39 
23 67 
97 25 
36 122 
140 89 
14 122 
25 95 
34 48 
124 93 
91 144 
118 75 
139 81 
50 77 
41 88 
46 13 
7 97 
91 59 
132 25 
23 34 
70 63 
90 138 
48 54 
52 128 
90 132 
81 126 
44 47 
70 144 
74 137 
79 149 
125 17 
45 131 
61 52 
104 110 
121 41 
37 151 
113 140 
83 51 
16 73 
43 25 
131 127 
16 3 
72 22 
147 7 
18 147 
50 31 
43 54 
58 148 
54 70 
57 52 
58 94 
29 92 
140 53 
69 96 
145 56 
85 142 
123 150 
136 131 
124 31 
137 130 
92 100 
46 129 
135 126 
56 24 
9 99 
144 96 
37 60 
91 97 
122 37 
67 70 
131 106 
85 95 
12 104 
55 70 
132 146 
101 60 
106 141 
22 9 
37 50 
21 93 
25 7 
19 105 
32 145 
116 6 
81 67 
59 53 
114 28 
87 1 
56 39 
130 26 
72 151 
38 110 
121 59 
18 118 
17 148 
102 12 
29 45 
17 57 
131 47 
128 133 
117 42 
8 109 
141 3 
73 114 
63 16 
81 55 
114 69 
47 146 
7 79 
39 66 
80 104 
143 137 
97 72 
127 27 
67 69 
50 23 
59 51 
141 115 
68 98 
70 78 
85 51 
62 57 
119 77 
94 47 
114 65 
42 10 
83 115 
56 21 
26 99 
17 67 
117 53 
112 20 
12 71 
35 116 
105 86 
124 56 
80 123 
73 51 
84 97 
70 58 
82 83 
127 26 
18 71 
138 102 
113 91 
32 141 
10 88 
145 110 
36 116 
135 43 
95 49 
55 106 
124 104 
48 118 
103 21 
14 125 
113 78 
76 85 
78 112 
146 71 
140 46 
82 96 
27 133 
137 78 
77 85 
87 101 
50 108 
6 122 
68 131 
7 87 
66 32 
11 15 
40 77 
37 99 
8 150 
82 2 
109 60 
110 140 
38 40 
57 91 
126 3 
134 60 
66 113 
109 36 
138 111 
49 5 
54 58 
64 53 
92 93 
60 97 
101 92 
130 50 
86 15 
68 49 
122 11 
51 13 
32 143 
42 145 
30 66 
133 55 
64 136 
125 42 
104 58 
26 9 
75 130 
102 100 
25 59 
16 102 
17 51 
95 137 
59 27 
54 21 
2 149 
121 116 
69 23 
123 12 
127 35 
67 44 
90 88 
90 96 
110 146 
33 77 
87 60 
42 108 
62 16 
63 60 
89 84 
27 123 
18 148 
54 146 
33 101 
133 26 
68 65 
130 74 
68 109 
146 140 
81 101 
3 77 
89 92 
82 131 
29 121 
34 62 
150 35 
73 148 
10 11 
98 145 
32 13 
149 144 
135 96 
84 142 
10 50 
76 30 
78 96 
121 149 
1 66 
64 137 
125 32 
58 21 
14 130 
147 81 
108 80 
120 84 
85 135 
102 93 
28 85 
38 49 
10 126 
78 149 
106 114 
119 13 
106 118 
10 45 
28 10 
18 87 
36 136 
141 149 
27 13 
10 103 
12 73 
68 89 
19 133 
106 1 
34 91 
124 6 
69 41 
39 148 
41 64 
127 31 
36 115 
108 139 
130 36 
81 42 
105 21 
67 130 
131 64 
123 67 
91 51 
144 75 
71 28 
100 8 
66 92 
53 68 
34 135 
4 30 
68 25 
49 139 
73 109 
69 15 
105 1 
3 132 
97 1 
98 61 
22 135 
127 81 
97 9 
25 37 
143 8 
113 107 
73 119 
14 63 
48 79 
40 11 
12 135 
43 42 
31 27 
51 47 
31 101 
61 35 
51 49 
33 32 
63 95 
68 71 
135 21 
112 122 
57 122 
98 16 
50 107 
52 44 
51 43 
66 64 
87 38 
17 137 
108 48 
21 97 
2 69 
57 128 
15 107 
118 3 
149 122 
72 109 
144 127 
33 145 
38 5 
102 99 
54 95 
48 20 
106 110 
69 141 
8 103 
9 146 
16 84 
79 50 
83 49 
45 145 
54 34 
11 139 
47 75 
75 31 
48 105 
84 60 
38 4 
62 104 
1 76 
11 44 
69 103 
86 60 
47 88 
62 28 
75 97 
84 33 
18 73 
23 28 
93 38 
45 53 
32 93 
82 113 
25 93 
10 48 
121 11 
98 63 
134 132 
128 135 
16 2 
140 130 
86 126 
28 100 
75 145 
103 23 
29 114 
88 30 
143 45 
83 89 
14 52 
55 149 
20 41 
67 136 
127 109 
149 38 
4 81 
37 67 
68 107 
147 130 
38 146 
137 102 
98 82 
43 82 
36 97 
25 84 
80 125 
102 49 
82 94 
54 45 
129 140 
99 128 
75 148 
41 49 
143 99 
21 19 
2 12 
96 83 
72 5 
144 49 
9 109 
148 53 
42 74 
51 11 
150 115 
108 25 
121 105 
131 36 
11 95 
148 81 
81 35 
11 53 
111 41 
29 82 
62 55 
79 43 
53 137 
70 128 
126 6 
83 143 
20 71 
110 32 
139 113 
20 146 
137 15 
6 89 
107 83 
1 71 
115 97 
30 73 
36 59 
88 21 
90 76 
33 39 
86 143 
25 120 
126 72 
97 31 
26 91 
110 10 
19 2 
137 66 
50 20 
54 145 
118 101 
98 124 
139 32 
87 40 
26 79 
31 40 
19 83 
48 90 
84 117 
82 117 
44 53 
139 18 
107 18 
113 83 
145 131 
139 125 
101 96 
79 150 
82 55 
91 67 
17 52 
21 130 
82 68 
111 86 
31 6 
92 122 
69 57 
129 133 
39 102 
73 48 
128 120 
151 27 
112 89 
12 77 
60 66 
25 31 
129 64 
65 10 
25 12 
25 86 
63 112 
109 151 
24 119 
1 149 
23 86 
62 121 
27 115 
22 144 
149 48 
106 24 
85 29 
113 64 
60 135 
24 3 
17 119 
5 64 
89 80 
112 97 
31 143 
124 65 
31 37 
150 29 
67 79 
99 138 
95 12 
9 2 
66 48 
54 137 
126 27 
102 32 
89 111 
9 11 
108 95 
145 4 
100 26 
28 137 
87 78 
109 111 
4 131 
73 62 
18 36 
125 78 
67 72 
58 101 
40 113 
61 66 
43 78 
7 106 
97 53 
76 50 
140 107 
79 100 
105 130 
35 53 
115 117 
46 59 
91 108 
61 39 
34 59 
143 13 
7 77 
68 14 
12 80 
78 72 
135 68 
19 67 
56 81 
132 18 
150 42 
138 145 
59 128 
82 48 
28 128 
116 63 
86 65 
131 111 
111 37 
93 13 
49 22 
15 14 
85 149 
11 45 
145 90 
119 148 
72 121 
74 52 
97 110 
90 121 
10 72 
104 49 
151 130 
63 79 
87 56 
150 112 
1 100 
9 110 
131 118 
130 85 
103 144 
143 16 
95 122 
147 99 
46 127 
41 122 
98 106 
67 80 
28 43 
141 21 
33 116 
106 144 
140 104 
128 138 
90 51 
65 19 
4 103 
111 137 
115 81 
91 49 
96 149 
75 115 
13 67 
17 54 
43 115 
43 121 
56 14 
53 73 
125 12 
18 86 
77 134 
15 35 
73 13 
33 150 
47 71 
5 114 
4 136 
127 82 
105 128 
61 86 
22 104 
24 80 
52 96 
16 113 
36 134 
43 116 
79 101 
110 64 
84 3 
90 94 
143 127 
27 90 
98 33 
30 125 
105 92 
123 54 
13 39 
49 85 
52 94 
122 20 
5 36 
38 76 
117 8 
107 57 
116 125 
40 49 
10 79 
128 132 
13 99 
28 54 
64 15 
114 140 
148 44 
25 3 
71 86 
73 113 
31 104 
1 81 
47 139 
80 92 
76 93 
59 83 
29 16 
74 132 
121 44 
37 72 
11 68 
110 46 
49 14 
100 23 
121 127 
81 91 
6 132 
107 139 
146 102 
127 103 
17 50 
143 97 
149 13 
72 149 
25 22 
69 123 
90 97 
10 46 
48 15 
60 148 
28 2 
50 136 
46 70 
80 38 
66 126 
93 99 
66 53 
78 22 
106 13 
142 5 
122 23 
16 99 
143 67 
18 131 
11 4 
46 19 
114 145 
62 65 
118 69 
117 89 
27 122 
121 97 
144 76 
132 105 
140 68 
80 151 
4 84 
122 135 
59 26 
30 13 
87 133 
41 108 
136 34 
148 70 
71 10 
137 149 
45 93 
22 103 
135 107 
150 126 
35 69 
136 134 
33 87 
28 91 
124 49 
138 117 
32 55 
6 58 
38 78 
62 5 
3 13 
115 73 
78 114 
10 82 
123 96 
101 38 
114 36 
40 118 
54 96 
144 108 
92 98 
86 74 
143 7 
144 111 
11 8 
134 107 
116 149 
120 71 
82 19 
134 79 
130 112 
87 51 
113 143 
118 99 
67 8 
137 1 
6 5 
36 74 
25 77 
35 121 
72 29 
24 123 
131 79 
34 139 
19 20 
20 7 
48 38 
19 94 
91 70 
138 47 
105 119 
24 107 
120 138 
114 121 
57 65 
62 20 
18 70 
54 15 
46 61 
16 39 
118 128 
146 92 
14 94 
104 18 
88 84 
120 88 
13 48 
94 63 
116 69 
111 70 
106 64 
56 22 
3 7 
122 77 
150 66 
131 96 
27 120 
22 60 
17 101 
5 73 
37 46 
93 67 
48 144 
67 51 
62 139 
55 27 
1 145 
127 39 
149 64 
117 93 
134 151 
78 31 
138 131 
44 12 
71 98 
15 79 
4 104 
79 111 
16 46 
145 93 
47 8 
23 104 
114 40 
53 98 
150 64 
47 2 
81 107 
145 87 
125 16 
69 104 
17 99 
108 24 
63 58 
122 30 
26 137 
108 104 
47 28 
22 139 
133 116 
123 122 
94 84 
109 42 
41 52 
107 16 
12 143 
81 73 
34 104 
128 111 
51 100 
132 12 
150 139 
57 2 
55 151 
66 70 
133 75 
5 58 
126 51 
18 6 
38 22 
135 53 
72 138 
29 101 
137 23 
37 109 
46 116 
137 107 
91 132 
71 25 
126 79 
147 113 
57 142 
44 51 
79 88 
8 27 
24 72 
1 36 
11 114 
82 38 
124 83 
129 112 
122 70 
47 24 
109 134 
151 2 
9 37 
9 127 
74 6 
19 85 
99 145 
70 96 
33 78 
137 27 
19 142 
21 51 
84 58 
85 98 
7 101 
121 45 
50 32 
118 27 
106 128 
144 85 
103 91 
125 64 
114 95 
25 51 
82 1 
53 80 
89 126 
77 128 
57 26 
150 149 
128 65 
41 141 
26 82 
81 117 
23 42 
102 40 
87 42 
115 61 
87 139 
86 58 
39 38 
44 119 
102 115 
100 4 
54 57 
33 43 
44 74 
75 73 
106 109 
122 74 
92 43 
32 28 
113 121 
55 7 
1 49 
142 123 
3 108 
46 75 
150 118 
29 105 
141 58 
83 42 
47 30 
33 147 
48 80 
88 104 
104 52 
75 8 
145 22 
118 96 
35 83 
61 31 
88 43 
145 137 
125 13 
73 79 
61 30 
37 131 
37 114 
57 132 
105 67 
56 52 
92 25 
150 4 
92 69 
100 83 
85 39 
29 35 
12 91 
131 91 
33 62 
6 62 
37 43 
102 3 
109 50 
28 8 
40 41 
15 2 
143 40 
20 29 
101 86 
8 22 
126 142 
66 143 
139 122 
15 22 
54 23 
71 6 
55 33 
139 4 
111 147 
14 37 
77 132 
70 77 
126 85 
149 35 
67 125 
97 8 
76 16 
129 54 
147 53 
95 5 
57 64 
85 17 
102 133 
4 56 
24 19 
6 77 
41 33 
23 150 
144 139 
56 151 
94 108 
27 30 
63 51 
127 119 
108 20 
13 28 
90 52 
38 35 
69 98 
140 111 
75 103 
29 10 
149 127 
43 96 
121 26 
136 9 
108 13 
50 87 
45 62 
17 129 
129 32 
52 12 
46 122 
27 110 
111 1 
72 11 
108 4 
132 38 
151 120 
54 1 
113 119 
43 105 
35 105 
98 107 
120 19 
56 60 
67 25 
114 138 
130 110 
80 126 
16 89 
25 73 
13 2 
47 70 
29 11 
52 118 
81 47 
104 81 
29 41 
120 90 
20 17 
108 149 
13 98 
117 11 
147 24 
3 68 
4 134 
37 112 
101 108 
22 66 
65 113 
26 125 
62 13 
132 130 
102 1 
80 25 
97 140 
11 80 
108 7 
31 15 
85 112 
18 150 
66 50 
22 50 
128 141 
115 145 
83 26 
10 139 
30 17 
44 58 
66 112 
117 87 
120 142 
57 151 
21 77 
14 9 
126 75 
51 108 
89 5 
133 47 
145 72 
7 85 
117 36 
135 119 
59 116 
135 97 
143 89 
64 109 
14 144 
10 4 
143 88 
94 142 
61 142 
151 5 
150 89 
29 89 
103 150 
82 133 
97 99 
123 75 
49 81 
129 61 
76 60 
77 109 
83 11 
10 23 
24 79 
60 68 
112 114 
93 56 
111 11 
128 26 
125 48 
1 65 
40 128 
92 46 
113 133 
81 132 
73 2 
48 30 
3 143 
30 38 
124 147 
52 93 
6 101 
67 131 
60 133 
129 72 
12 36 
37 16 
29 53 
74 104 
80 47 
142 150 
138 87 
31 147 
149 105 
147 13 
148 110 
106 122 
64 83 
150 52 
12 19 
128 81 
125 55 
125 141 
9 144 
97 40 
20 113 
43 23 
107 151 
56 92 
100 111 
143 123 
21 79 
122 48 
6 68 
82 138 
151 75 
78 29 
76 61 
49 128 
127 74 
42 46 
113 1 
4 65 
64 144 
90 71 
62 71 
118 44 
31 70 
118 6 
17 47 
147 1 
62 37 
132 51 
17 55 
24 40 
81 41 
137 127 
66 12 
4 55 
17 72 
16 137 
104 75 
8 66 
89 13 
130 113 
117 55 
75 2 
85 57 
59 72 
143 36 
106 74 
142 144 
117 85 
76 102 
78 111 
23 22 
55 20 
136 14 
40 80 
47 150 
118 31 
75 34 
42 139 
68 44 
58 82 
90 9 
116 60 
48 2 
72 21 
97 87 
144 51 
66 7 
72 2 
89 21 
88 136 
86 47 
141 44 
138 53 
64 107 
94 100 
81 94 
24 142 
130 129 
142 128 
99 44 
42 1 
84 149 
58 89 
71 130 
41 8 
48 103 
63 61 
103 20 
4 16 
54 16 
30 105 
145 83 
88 11 
139 101 
113 47 
147 15 
30 21 
33 109 
112 15 
10 81 
128 92 
63 122 
52 77 
75 51 
97 10 
59 124 
107 14 
71 39 
18 134 
45 7 
15 133 
93 101 
87 8 
79 136 
106 132 
21 47 
90 7 
37 41 
6 123 
137 14 
64 44 
20 5 
61 43 
27 128 
79 104 
38 8 
67 43 
82 111 
91 85 
15 16 
120 10 
136 44 
76 6 
1 28 
48 44 
101 12 
17 81 
71 31 
110 107 
20 100 
100 110 
137 148 
12 5 
27 96 
51 112 
8 119 
122 32 
120 123 
103 142 
65 138 
13 11 
70 36 
109 96 
120 66 
67 95 
26 85 
96 95 
102 43 
76 63 
96 4 
115 51 
151 140 
70 69 
64 142 
133 33 
91 35 
99 123 
124 46 
108 132 
139 84 
110 49 
105 83 
7 30 
65 106 
90 11 
146 25 
126 36 
115 121 
55 63 
64 112 
23 68 
138 142 
106 143 
112 121 
17 108 
25 94 
22 4 
61 126 
74 95 
5 141 
63 68 
111 93 
54 74 
43 12 
7 135 
111 112 
106 90 
63 123 
132 61 
109 146 
5 74 
19 149 
125 25 
82 81 
150 85 
101 14 
78 122 
17 88 
136 112 
47 7 
40 95 
147 126 
35 139 
97 118 
99 141 
52 28 
74 32 
66 127 
93 112 
109 107 
24 9 
23 134 
96 7 
79 105 
26 49 
79 143 
5 61 
72 40 
58 131 
82 39 
23 72 
121 67 
83 133 
42 25 
136 109 
73 28 
85 31 
15 53 
16 10 
42 69 
19 101 
93 133 
70 23 
134 141 
147 34 
92 94 
147 17 
90 73 
99 34 
23 99 
38 86 
26 38 
23 130 
24 31 
80 72 
117 43 
87 115 
90 91 
124 130 
102 127 
58 134 
71 135 
72 83 
133 112 
122 89 
130 64 
28 135 
55 15 
38 55 
15 87 
39 137 
151 30 
1 12 
29 46 
5 100 
132 85 
127 29 
86 107 
96 126 
6 147 
117 107 
71 139 
56 121 
37 150 
138 91 
110 12 
53 49 
67 89 
127 56 
61 4 
86 121 
35 19 
46 64 
30 52 
1 43 
68 117 
110 68 
3 64 
29 80 
103 81 
147 125 
66 124 
18 24 
15 82 
44 65 
10 122 
151 141 
83 108 
121 92 
137 18 
8 40 
93 103 
99 100 
50 139 
147 35 
134 140 
38 67 
77 90 
56 35 
52 64 
88 114 
34 68 
5 105 
79 109 
112 99 
87 116 
44 27 
146 43 
115 138 
92 3 
87 6 
141 4 
85 58 
49 58 
111 10 
101 63 
124 97 
92 131 
25 83 
89 61 
142 55 
25 118 
43 89 
84 105 
89 120 
18 49 
17 19 
15 132 
28 89 
48 101 
72 125 
24 144 
56 69 
150 45 
73 88 
99 137 
58 59 
62 60 
1 124 
4 43 
35 42 
106 73 
94 119 
150 21 
1 59 
89 59 
30 74 
107 5 
124 27 
149 145 
30 82 
116 38 
34 92 
52 35 
54 147 
69 29 
68 119 
120 42 
11 32 
84 85 
105 70 
114 41 
106 11 
60 92 
33 113 
102 94 
133 52 
67 31 
92 49 
27 4 
26 43 
45 147 
115 28 
35 94 
79 57 
74 47 
76 84 
109 95 
76 18 
129 119 
139 57 
75 93 
139 20 
32 8 
16 11 
150 97 
12 76 
46 45 
7 107 
35 7 
28 6 
145 76 
96 66 
74 121 
20 52 
34 67 
54 47 
150 144 
55 101 
26 143 
137 103 
143 119 
99 103 
132 139 
17 43 
72 62 
23 83 
141 25 
125 2 
18 112 
25 126 
62 142 
27 88 
120 20 
44 19 
120 112 
105 55 
107 55 
76 7 
131 85 
65 89 
132 5 
137 94 
114 19 
21 49 
65 145 
41 104 
93 12 
38 103 
130 91 
62 54 
86 100 
99 146 
19 100 
71 132 
80 59 
18 93 
120 53 
21 127 
123 62 
36 37 
15 111 
72 82 
77 104 
75 70 
74 90 
72 15 
122 60 
17 12 
47 61 
81 71 
31 68 
17 122 
119 31 
75 114 
123 20 
51 122 
80 62 
138 5 
87 71 
120 1 
31 140 
107 115 
12 39 
114 80 
30 5 
135 115 
89 33 
55 53 
45 97 
96 44 
68 104 
92 74 
132 136 
66 140 
13 112 
98 62 
74 128 
104 143 
95 38 
146 143 
87 16 
46 17 
34 115 
48 124 
20 149 
85 71 
29 91 
124 94 
38 44 
35 146 
81 30 
80 147 
34 142 
28 88 
144 121 
27 102 
123 93 
147 104 
64 34 
98 112 
108 29 
95 88 
67 102 
93 22 
4 124 
102 77 
84 90 
128 30 
47 111 
24 125 
86 1 
29 124 
125 41 
148 38 
83 67 
22 146 
50 67 
98 12 
102 8 
116 108 
100 55 
16 117 
81 88 
132 65 
97 13 
54 135 
83 27 
107 97 
127 18 
101 54 
100 34 
27 129 
72 61 
119 26 
50 35 
63 24 
65 67 
109 92 
45 111 
24 78 
49 151 
127 67 
9 48 
49 72 
7 105 
139 30 
105 33 
135 90 
120 62 
110 108 
106 124 
15 126 
57 7 
135 150 
74 151 
132 143 
136 58 
30 121 
53 58 
139 151 
20 110 
57 96 
83 45 
114 143 
129 3 
14 139 
44 8 
116 97 
75 76 
106 146 
69 39 
55 118 
7 113 
126 57 
101 77 
150 48 
89 115 
21 139 
7 69 
4 63 
37 8 
14 20 
76 114 
42 33 
83 54 
18 9 
40 62 
19 70 
148 86 
143 78 
46 47 
42 12 
86 51 
60 48 
53 146 
81 97 
69 38 
55 93 
95 90 
33 86 
96 127 
18 75 
99 85 
37 64 
116 25 
96 79 
40 61 
35 11 
24 70 
63 65 
32 126 
47 136 
9 16 
151 19 
127 124 
28 53 
151 58 
64 47 
54 100 
108 54 
1 62 
66 103 
15 21 
56 48 
23 4 
74 97 
49 16 
137 56 
46 60 
20 25 
145 50 
132 24 
115 29 
119 59 
6 57 
62 108 
96 14 
119 42 
73 77 
15 78 
28 136 
47 121 
20 1 
31 93 
55 48 
113 24 
103 96 
7 16 
146 64 
31 14 
36 54 
88 53 
81 8 
28 94 
150 1 
29 93 
14 3 
84 141 
40 121 
109 140 
13 132 
99 63 
100 30 
134 51 
81 129 
105 52 
59 94 
132 66 
89 125 
71 33 
98 14 
136 147 
121 5 
32 12 
57 9 
127 108 
97 137 
7 150 
140 40 
29 148 
70 104 
91 65 
112 74 
149 114 
104 131 
113 76 
23 144 
26 69 
88 83 
31 73 
65 37 
18 106 
78 13 
3 109 
48 71 
130 42 
127 48 
6 8 
54 26 
3 72 
50 113 
123 97 
34 27 
133 149 
4 33 
9 39 
146 85 
50 61 
16 91 
103 136 
61 60 
150 151 
68 94 
129 62 
28 68 
54 3 
31 77 
49 93 
62 17 
38 65 
104 36 
117 29 
3 4 
147 74 
104 78 
47 110 
38 51 
55 140 
43 41 
92 24 
48 83 
70 29 
62 61 
136 87 
27 119 
26 35 
74 115 
134 138 
46 68 
59 31 
67 73 
133 2 
81 22 
58 123 
10 148 
29 34 
102 118 
99 61 
63 90 
22 142 
74 14 
132 48 
100 88 
51 31 
149 44 
137 116 
42 97 
107 2 
21 12 
19 90 
52 115 
13 40 
127 14 
109 132 
30 67 
56 33 
20 85 
39 151 
140 95 
17 8 
132 47 
128 147 
35 14 
120 4 
145 148 
53 87 
61 73 
57 53 
69 71 
120 106 
30 84 
115 113 
135 3 
125 46 
27 23 
115 101 
62 82 
98 70 
86 151 
61 87 
129 143 
61 78 
77 87 
28 12 
108 44 
151 110 
116 94 
19 109 
146 123 
130 18 
75 100 
140 65 
41 32 
21 129 
125 45 
58 78 
83 103 
138 113 
36 105 
19 148 
79 112 
125 28 
135 125 
57 124 
63 35 
142 20 
56 77 
117 121 
118 70 
107 72 
146 101 
92 115 
24 69 
96 68 
149 124 
3 2 
107 78 
34 88 
70 110 
124 64 
60 72 
122 80 
14 45 
147 32 
32 79 
133 92 
76 9 
40 9 
84 102 
145 117 
24 58 
21 41 
15 102 
5 134 
25 66 
106 12 
17 89 
136 52 
38 68 
68 55 
148 101 
27 40 
150 111 
60 143 
51 148 
29 84 
127 20 
97 28 
18 142 
19 26 
131 74 
1 8 
92 108 
78 44 
148 14 
103 35 
141 122 
119 99 
39 88 
71 42 
64 138 
35 73 
104 17 
56 144 
67 47 
31 9 
33 9 
109 101 
21 114 
15 121 
140 30 
74 116 
44 115 
13 115 
32 83 
47 95 
63 134 
108 150 
132 101 
6 144 
150 84 
109 112 
37 80 
105 66 
5 8 
85 2 
111 3 
4 42 
110 54 
99 95 
95 121 
102 85 
28 110 
150 81 
16 44 
35 13 
66 142 
86 77 
45 148 
50 26 
141 101 
83 43 
99 21 
105 61 
29 87 
144 66 
32 24 
83 125 
102 136 
3 144 
51 84 
81 57 
52 81 
24 146 
151 79 
104 26 
31 41 
44 66 
62 32 
130 59 
112 29 
49 140 
34 45 
33 127 
123 119 
102 18 
119 121 
52 146 
146 63 
134 120 
14 104 
119 115 
18 96 
34 111 
33 79 
4 32 
102 23 
2 63 
73 72 
87 74 
55 135 
12 14 
143 29 
56 10 
139 143 
137 32 
25 124 
144 90 
137 25 
86 123 
92 123 
87 88 
15 49 
2 123 
98 1 
18 26 
62 12 
137 86 
137 106 
111 108 
128 110 
43 104 
81 7 
62 68 
84 68 
36 73 
41 85 
28 11 
132 22 
126 55 
145 127 
111 96 
133 4 
136 113 
13 133 
65 17 
122 66 
3 17 
137 63 
77 137 
55 3 
113 97 
53 13 
55 79 
32 23 
112 22 
91 9 
5 81 
99 27 
46 14 
20 117 
103 64 
142 30 
106 149 
14 89 
56 53 
75 41 
22 148 
110 60 
78 88 
91 86 
97 59 
21 66 
123 102 
110 35 
60 140 
124 21 
121 6 
108 9 
33 102 
67 2 
7 75 
84 71 
126 109 
77 14 
109 131 
2 97 
94 145 
63 47 
94 57 
104 72 
101 5 
48 32 
117 101 
125 94 
42 123 
127 77 
65 109 
126 91 
71 43 
38 84 
126 108 
43 147 
133 14 
128 85 
39 90 
123 140 
56 20 
85 46 
44 130 
28 75 
35 3 
43 100 
80 58 
83 24 
119 89 
66 129 
6 107 
28 46 
73 47 
13 121 
144 88 
7 8 
46 88 
10 47 
79 3 
9 131 
146 86 
132 117 
36 46 
85 94 
85 120 
106 111 
29 96 
147 120 
122 28 
48 114 
19 108 
46 136 
108 71 
116 123 
22 107 
126 71 
151 44 
122 91 
83 5 
59 10 
131 144 
119 110 
120 148 
57 89 
46 133 
133 110 
122 65 
93 48 
74 108 
55 39 
32 18 
66 6 
80 49 
119 108 
149 59 
93 97 
146 103 
126 124 
68 126 
39 125 
14 79 
147 90 
116 100 
53 127 
69 130 
134 105 
110 129 
91 46 
99 71 
8 49 
145 96 
60 16 
151 46 
151 65 
65 85 
87 45 
15 136 
54 79 
127 40 
57 110 
130 25 
7 102 
39 116 
113 86 
108 6 
54 4 
146 55 
21 94 
79 141 
137 129 
103 28 
35 133 
8 99 
136 8 
105 54 
126 45 
34 113 
102 124 
23 110 
37 96 
83 139 
102 59 
57 46 
28 57 
123 46 
41 4 
111 8 
93 14 
43 151 
11 79 
107 131 
41 42 
37 63 
123 138 
151 124 
75 125 
73 80 
112 7 
88 107 
148 41 
65 80 
31 134 
103 98 
61 8 
8 85 
82 136 
64 14 
129 88 
108 141 
136 21 
134 34 
98 87 
94 140 
96 150 
123 124 
60 41 
27 145 
6 41 
45 144 
127 148 
2 122 
118 67 
69 17 
96 9 
115 94 
57 33 
114 34 
110 6 
2 11 
41 144 
28 150 
36 133 
137 108 
147 150 
5 10 
97 49 
67 151 
115 41 
63 89 
55 24 
86 8 
132 72 
73 29 
84 65 
91 105 
111 139 
19 64 
140 62 
109 147 
113 56 
147 97 
108 11 
135 131 
42 142 
123 106 
120 77 
126 90 
4 77 
94 109 
133 23 
110 147 
61 53 
28 141 
124 71 
67 112 
45 100 
64 89 
26 75 
131 54 
139 15 
36 42 
46 103 
16 23 
47 82 
8 138 
48 95 
83 85 
50 72 
103 19 
12 40 
146 137 
112 14 
22 65 
107 128 
20 27 
65 119 
12 22 
87 49 
56 108 
151 148 
130 46 
16 12 
17 92 
113 141 
69 142 
137 3 
24 51 
66 106 
43 39 
81 25 
13 50 
116 128 
121 135 
52 38 
125 148 
135 89 
30 24 
104 92 
3 67 
30 1 
9 43 
32 54 
93 83 
45 107 
58 41 
24 22 
131 52 
27 116 
2 150 
100 105 
27 38 
11 93 
77 44 
116 111 
72 118 
24 14 
5 41 
38 150 
34 118 
119 139 
9 122 
115 49 
148 50 
46 22 
138 139 
4 17 
61 113 
101 107 
151 92 
80 99 
8 80 
75 107 
15 118 
114 137 
30 32 
51 34 
124 35 
116 98 
47 1 
115 127 
74 89 
9 118 
120 82 
134 67 
137 34 
105 94 
43 49 
86 13 
106 104 
80 57 
117 23 
51 76 
147 72 
92 31 
19 59 
12 140 
50 25 
92 87 
139 105 
141 38 
122 18 
7 4 
32 65 
110 114 
125 117 
25 98 
138 26 
125 49 
62 69 
40 56 
31 110 
20 22 
27 68 
114 62 
60 88 
133 38 
58 88 
134 42 
34 15 
101 27 
39 113 
3 9 
71 7 
59 17 
72 94 
72 130 
126 43 
5 115 
124 36 
121 73 
30 11 
98 132 
18 53 
119 74 
4 128 
95 20 
37 26 
47 145 
68 143 
80 115 
81 125 
69 131 
91 33 
122 83 
115 96 
30 113 
75 64 
139 45 
90 89 
34 124 
133 95 
115 46 
48 137 
52 37 
17 142 
62 64 
24 91 
98 148 
92 42 
58 65 
54 25 
109 150 
151 89 
17 109 
70 65 
136 40 
17 94 
61 107 
95 60 
148 96 
77 105 
126 4 
147 60 
15 73 
81 32 
25 105 
10 12 
62 47 
8 20 
127 128 
76 54 
71 136 
97 100 
113 104 
4 26 
42 56 
64 21 
80 45 
38 127 
98 9 
64 93 
17 126 
15 66 
39 84 
136 96 
8 113 
96 122 
75 44 
112 34 
76 110 
11 97 
124 116 
115 130 
79 40 
39 147 
144 69 
72 105 
83 129 
88 130 
117 148 
101 91 
35 71 
145 53 
2 27 
110 149 
101 133 
102 55 
20 141 
130 100 
28 106 
114 56 
70 4 
60 43 
137 147 
43 2 
3 26 
35 118 
30 114 
8 139 
60 111 
62 101 
41 39 
93 135 
69 90 
145 39 
81 24 
99 12 
146 1 
48 76 
94 131 
101 111 
66 139 
55 131 
142 93 
127 1 
10 75 
77 66 
9 145 
50 62 
61 14 
126 58 
95 64 
16 127 
54 120 
151 106 
98 93 
111 102 
47 11 
37 143 
124 122 
12 105 
52 107 
33 123 
76 58 
71 73 
11 116 
94 70 
135 91 
99 2 
109 14 
42 2 
90 47 
95 69 
129 92 
94 37 
115 124 
10 55 
94 15 
98 6 
58 121 
121 68 
69 20 
40 15 
92 141 
88 139 
63 27 
3 1 
65 136 
119 16 
102 145 
70 50 
132 40 
66 95 
13 135 
106 21 
53 6 
6 70 
116 2 
18 50 
133 62 
21 35 
103 33 
115 9 
31 81 
77 151 
150 30 
90 134 
28 90 
59 117 
136 3 
139 120 
51 48 
65 81 
3 127 
23 92 
64 102 
14 19 
137 44 
120 51 
80 21 
69 30 
136 56 
128 91 
