134 4523 
50 213 82 50 187 155 270 171 142 18 234 173 137 179 62 174 63 263 123 286 31 150 248 291 50 127 218 180 204 226 123 145 110 216 61 128 69 245 227 100 203 213 192 10 31 118 49 37 176 254 170 93 202 14 147 66 128 127 104 159 26 43 43 80 212 133 156 266 8 190 78 204 201 222 272 174 224 47 73 183 109 198 64 151 80 67 223 184 116 221 181 113 137 255 21 59 119 3 12 33 294 6 290 266 15 237 4 213 8 239 210 116 208 105 161 250 115 69 2 153 296 276 23 174 169 186 87 14 229 126 113 31 225 19 
123 11 
38 66 
48 41 
72 52 
96 109 
89 71 
76 77 
90 9 
64 58 
77 95 
53 12 
85 42 
125 24 
41 1 
126 46 
88 31 
6 45 
93 28 
71 43 
90 56 
104 9 
12 92 
131 122 
34 76 
5 1 
30 132 
34 83 
1 113 
109 60 
24 6 
83 25 
18 98 
40 73 
55 112 
77 128 
102 54 
113 87 
5 134 
39 55 
42 32 
119 54 
111 102 
124 95 
120 59 
128 88 
35 100 
88 115 
44 66 
119 30 
112 43 
112 12 
119 19 
78 1 
14 47 
68 15 
19 112 
70 48 
73 11 
67 23 
121 52 
113 111 
74 71 
119 72 
48 68 
92 61 
21 97 
19 122 
41 128 
87 32 
101 75 
40 101 
53 6 
107 61 
94 4 
68 79 
10 110 
122 38 
27 18 
1 37 
72 70 
61 72 
80 133 
91 56 
98 19 
91 132 
93 80 
102 96 
95 58 
41 5 
115 76 
7 117 
51 87 
12 98 
114 43 
26 116 
48 88 
106 34 
29 88 
85 98 
18 95 
44 39 
81 107 
62 124 
101 99 
123 104 
68 32 
24 41 
121 127 
106 58 
134 49 
98 24 
129 29 
44 47 
9 69 
117 33 
13 98 
32 100 
31 67 
3 34 
107 52 
9 98 
16 4 
19 83 
49 56 
103 62 
20 97 
94 36 
114 14 
58 7 
93 35 
7 125 
81 70 
52 70 
85 75 
29 53 
40 5 
94 12 
89 128 
66 56 
112 87 
42 108 
110 27 
72 20 
64 88 
40 109 
98 94 
1 6 
48 76 
45 109 
125 34 
132 58 
78 108 
90 132 
49 74 
95 103 
84 49 
89 30 
110 87 
13 36 
67 37 
50 49 
61 103 
105 36 
92 34 
106 30 
20 67 
28 85 
104 68 
86 9 
54 13 
123 44 
74 14 
2 47 
40 102 
102 59 
3 26 
28 14 
37 3 
131 96 
82 24 
73 21 
14 129 
11 18 
71 94 
7 13 
5 33 
95 30 
92 103 
91 14 
131 82 
68 47 
73 30 
47 73 
14 120 
45 21 
110 28 
63 8 
113 16 
34 94 
85 32 
53 51 
78 103 
1 134 
127 50 
75 89 
38 118 
67 35 
56 33 
55 106 
24 61 
90 22 
70 92 
90 23 
84 32 
14 103 
48 56 
85 16 
122 12 
19 92 
101 108 
123 88 
14 108 
2 100 
78 12 
67 2 
97 29 
105 54 
110 77 
28 10 
25 4 
120 45 
6 43 
120 103 
89 11 
21 93 
101 62 
46 119 
95 1 
111 133 
12 65 
61 40 
57 67 
41 10 
85 122 
77 49 
40 52 
44 2 
61 125 
71 81 
58 131 
34 96 
13 102 
86 62 
82 13 
23 43 
126 48 
132 32 
18 117 
134 83 
25 37 
100 72 
78 118 
99 121 
3 85 
89 58 
116 82 
68 29 
85 59 
63 70 
59 122 
35 31 
124 45 
42 119 
96 28 
30 43 
84 43 
109 76 
14 72 
99 115 
86 13 
107 28 
103 26 
87 5 
60 101 
97 91 
120 79 
46 59 
112 32 
49 107 
49 22 
53 133 
39 34 
118 60 
67 22 
77 39 
58 102 
65 3 
117 66 
69 119 
11 3 
54 118 
100 56 
53 15 
76 30 
15 127 
89 49 
72 35 
59 105 
21 127 
55 82 
61 108 
19 132 
26 17 
59 87 
58 112 
108 25 
21 61 
82 67 
132 49 
44 104 
112 8 
23 39 
130 19 
78 71 
32 54 
97 106 
113 128 
101 103 
57 45 
79 37 
49 113 
26 81 
36 102 
75 65 
111 107 
50 20 
78 65 
54 128 
95 69 
68 113 
15 43 
55 17 
63 102 
14 43 
61 90 
48 107 
104 75 
83 98 
104 48 
87 68 
119 133 
93 103 
127 107 
103 29 
31 63 
13 26 
54 97 
127 24 
7 80 
14 56 
29 30 
43 8 
77 38 
80 59 
97 72 
33 4 
61 98 
39 91 
59 124 
15 98 
32 29 
72 64 
97 121 
93 87 
118 76 
60 82 
91 122 
14 48 
113 24 
133 15 
31 12 
51 73 
70 80 
90 121 
34 110 
30 16 
48 124 
3 38 
63 1 
100 87 
35 101 
38 92 
103 30 
79 38 
51 103 
12 58 
78 69 
38 80 
77 26 
89 99 
125 134 
62 132 
25 128 
59 25 
14 46 
130 107 
103 54 
9 91 
16 26 
127 72 
56 75 
58 96 
100 74 
130 48 
107 113 
111 79 
95 63 
114 2 
1 128 
76 11 
37 64 
31 123 
130 23 
32 66 
23 47 
108 122 
104 76 
61 93 
133 103 
37 121 
64 15 
95 98 
120 56 
65 46 
1 18 
87 80 
34 31 
120 115 
95 54 
85 97 
57 121 
126 58 
119 98 
75 80 
122 61 
35 29 
101 127 
95 29 
29 112 
118 132 
23 6 
49 93 
81 1 
61 86 
61 127 
125 86 
52 131 
7 88 
88 10 
69 123 
18 6 
99 116 
1 124 
35 94 
110 107 
22 26 
3 123 
53 92 
124 44 
94 38 
42 60 
120 16 
111 103 
2 129 
49 18 
110 25 
5 24 
84 66 
99 119 
16 96 
97 56 
10 29 
100 20 
68 125 
20 113 
45 58 
78 74 
77 102 
125 59 
103 69 
76 120 
91 50 
94 128 
116 38 
46 25 
53 100 
117 4 
27 103 
59 128 
33 86 
98 36 
3 17 
70 51 
23 68 
7 49 
45 118 
20 91 
61 100 
42 96 
73 57 
103 67 
118 28 
16 6 
24 1 
53 113 
52 100 
56 52 
77 129 
80 18 
107 94 
134 10 
69 18 
87 36 
90 96 
42 102 
27 16 
21 57 
19 128 
45 26 
19 134 
85 33 
95 66 
116 17 
124 29 
115 122 
56 37 
81 7 
79 117 
10 1 
78 114 
7 78 
63 45 
91 10 
12 32 
35 74 
68 97 
29 66 
112 118 
123 91 
131 98 
16 109 
1 53 
53 99 
102 98 
24 64 
47 32 
123 59 
46 7 
15 25 
121 105 
68 121 
77 57 
97 113 
109 98 
11 122 
47 31 
76 59 
54 9 
24 55 
133 129 
76 84 
45 87 
35 61 
35 105 
47 95 
10 104 
75 117 
101 126 
9 63 
83 27 
6 73 
47 75 
1 106 
24 131 
5 115 
20 88 
61 46 
46 55 
100 11 
35 113 
7 35 
42 99 
116 6 
73 103 
9 11 
13 79 
69 10 
94 93 
56 89 
110 120 
37 130 
132 84 
129 33 
11 54 
70 25 
71 3 
38 91 
17 61 
83 78 
134 34 
131 106 
115 69 
28 56 
87 2 
19 93 
18 88 
7 43 
128 116 
113 14 
124 3 
2 101 
6 115 
71 50 
39 124 
100 91 
97 53 
103 124 
109 66 
41 4 
99 122 
3 99 
128 114 
56 129 
19 67 
42 41 
91 90 
21 89 
87 107 
85 116 
91 55 
19 101 
95 46 
124 91 
116 104 
38 36 
108 119 
64 96 
129 9 
80 61 
57 29 
27 66 
93 11 
125 128 
59 111 
55 123 
82 114 
33 111 
44 5 
120 65 
94 18 
131 14 
7 30 
71 109 
131 133 
1 45 
65 68 
108 36 
133 76 
76 57 
117 50 
21 22 
80 115 
121 70 
77 5 
76 9 
84 7 
3 70 
124 93 
1 69 
82 91 
121 27 
110 65 
57 58 
47 78 
43 125 
76 106 
18 109 
9 4 
29 7 
51 19 
68 77 
106 9 
21 34 
104 80 
74 92 
132 46 
77 90 
73 115 
134 84 
70 78 
129 10 
26 80 
121 106 
114 46 
19 42 
109 6 
52 25 
103 115 
117 116 
108 20 
128 36 
100 9 
23 71 
49 17 
103 102 
59 77 
56 8 
40 98 
16 38 
25 9 
74 38 
72 48 
84 92 
14 41 
59 96 
97 13 
22 88 
83 81 
95 99 
115 133 
129 63 
72 15 
85 102 
11 124 
3 7 
43 126 
6 44 
7 63 
7 26 
54 62 
116 78 
55 20 
70 86 
5 61 
110 90 
23 65 
46 81 
10 20 
15 6 
115 58 
55 9 
133 60 
73 109 
26 82 
32 86 
65 53 
92 11 
84 99 
94 92 
54 34 
91 16 
40 56 
33 12 
51 128 
37 30 
9 48 
55 86 
99 108 
89 26 
92 8 
92 65 
40 118 
2 133 
33 88 
51 69 
109 89 
30 128 
99 80 
78 29 
24 46 
132 97 
44 131 
4 118 
78 130 
33 74 
111 3 
28 52 
8 130 
5 122 
74 79 
19 118 
8 49 
63 67 
7 24 
50 8 
132 127 
57 113 
61 55 
10 71 
61 83 
29 96 
50 131 
87 54 
3 24 
7 25 
130 110 
22 111 
118 103 
118 117 
33 109 
103 113 
72 38 
17 123 
81 17 
103 48 
31 86 
54 98 
72 24 
58 38 
128 6 
78 98 
51 23 
69 110 
83 18 
100 42 
78 107 
86 92 
13 41 
32 113 
117 62 
50 26 
10 74 
79 99 
44 53 
11 120 
122 29 
39 67 
24 15 
54 65 
31 53 
114 48 
104 51 
96 133 
58 82 
28 86 
14 126 
23 89 
22 120 
41 16 
60 87 
123 13 
25 34 
52 71 
66 62 
111 16 
57 46 
95 40 
37 48 
81 92 
80 71 
51 3 
94 74 
24 81 
60 21 
127 114 
33 120 
92 102 
19 113 
3 113 
62 9 
96 85 
25 79 
29 48 
127 88 
60 62 
16 49 
107 21 
126 32 
16 10 
35 123 
132 87 
76 110 
100 25 
11 134 
58 91 
57 61 
57 112 
48 121 
125 114 
55 14 
131 113 
42 132 
44 57 
91 22 
62 72 
90 116 
82 27 
118 105 
99 132 
68 53 
48 105 
47 125 
123 79 
23 111 
66 77 
83 35 
9 57 
131 60 
75 58 
53 83 
51 95 
107 116 
53 120 
28 74 
48 13 
31 68 
18 128 
68 64 
134 27 
13 37 
78 52 
103 10 
36 130 
1 14 
121 13 
12 117 
9 67 
66 75 
68 119 
89 126 
123 71 
17 41 
29 116 
94 30 
129 11 
55 16 
83 73 
86 94 
74 53 
27 128 
53 8 
78 55 
54 49 
130 32 
58 117 
20 47 
75 102 
27 12 
57 98 
129 87 
97 114 
4 68 
76 55 
11 112 
29 99 
72 74 
32 134 
106 67 
35 54 
25 74 
124 58 
100 92 
109 53 
20 33 
90 16 
101 50 
11 19 
56 80 
61 101 
8 66 
26 118 
5 55 
114 133 
62 64 
88 51 
77 127 
95 26 
39 115 
102 23 
75 13 
101 119 
71 54 
14 76 
26 88 
73 93 
47 110 
3 44 
94 15 
128 76 
43 28 
47 112 
66 96 
79 109 
70 45 
93 98 
83 6 
84 21 
39 118 
71 70 
4 42 
47 122 
41 111 
119 94 
15 125 
23 62 
27 22 
117 31 
87 90 
21 12 
87 131 
25 49 
120 60 
51 127 
81 33 
116 126 
131 37 
112 38 
95 105 
93 88 
61 129 
48 33 
18 75 
89 9 
1 52 
28 36 
55 105 
10 39 
71 19 
21 11 
133 51 
133 94 
72 94 
56 95 
24 34 
2 27 
69 100 
75 114 
5 59 
117 28 
112 48 
63 119 
42 116 
60 68 
3 55 
50 82 
31 89 
9 3 
49 85 
6 95 
40 14 
128 52 
16 108 
68 57 
20 60 
46 80 
112 78 
115 29 
105 30 
93 89 
90 130 
59 32 
32 62 
128 82 
79 127 
94 61 
37 103 
49 103 
128 69 
92 28 
115 19 
60 99 
1 91 
17 20 
109 14 
117 86 
8 115 
21 8 
22 95 
82 1 
22 112 
80 111 
122 107 
58 113 
54 121 
5 70 
5 20 
94 11 
20 35 
82 121 
28 89 
60 92 
118 73 
4 51 
96 104 
71 11 
100 111 
80 40 
29 114 
2 81 
31 82 
122 10 
97 2 
81 38 
98 79 
76 1 
18 23 
36 101 
89 94 
58 36 
87 25 
56 107 
79 71 
128 119 
43 111 
48 19 
76 98 
6 79 
76 60 
125 57 
120 39 
122 130 
7 82 
63 105 
115 40 
57 103 
23 45 
6 47 
86 51 
107 70 
25 107 
74 77 
92 63 
75 119 
67 48 
127 116 
13 67 
30 88 
23 30 
100 75 
89 118 
128 37 
128 55 
129 62 
104 100 
11 66 
27 11 
17 13 
6 90 
15 119 
63 104 
121 6 
62 99 
132 98 
85 70 
96 20 
125 106 
26 5 
64 102 
76 37 
109 87 
97 133 
123 76 
15 111 
52 39 
72 115 
103 15 
56 86 
118 121 
20 118 
39 94 
113 126 
114 83 
16 29 
22 57 
32 72 
77 67 
103 3 
105 57 
4 19 
70 58 
34 30 
31 102 
70 134 
73 74 
18 29 
2 104 
59 3 
40 7 
11 128 
96 118 
51 50 
51 80 
69 34 
47 87 
69 19 
7 109 
24 89 
110 68 
79 82 
114 52 
37 101 
18 108 
75 63 
72 57 
126 78 
64 32 
129 16 
82 122 
88 94 
90 81 
59 98 
27 6 
79 56 
131 124 
114 91 
130 117 
31 19 
103 85 
111 108 
50 2 
107 66 
16 37 
89 66 
76 52 
16 84 
38 111 
30 9 
82 66 
73 63 
45 29 
126 91 
78 37 
10 82 
74 51 
66 101 
9 111 
3 25 
13 94 
38 49 
16 65 
94 21 
117 36 
56 21 
31 111 
122 81 
59 99 
83 55 
6 64 
102 68 
23 83 
1 108 
56 7 
34 65 
132 26 
59 119 
122 30 
49 120 
31 126 
13 120 
6 110 
75 52 
54 115 
42 111 
61 70 
47 39 
28 54 
28 134 
99 13 
70 18 
24 32 
63 112 
103 131 
119 76 
23 91 
107 133 
48 122 
6 102 
109 13 
62 100 
94 8 
122 110 
26 104 
110 60 
119 81 
42 54 
107 58 
84 104 
71 116 
22 69 
107 16 
38 119 
84 120 
23 27 
113 5 
121 20 
3 61 
101 76 
71 101 
44 65 
63 47 
53 18 
117 11 
39 72 
107 92 
45 19 
132 105 
102 5 
114 79 
120 95 
97 4 
15 121 
126 50 
104 23 
91 63 
8 28 
113 80 
97 81 
70 4 
33 36 
16 78 
11 103 
13 65 
102 10 
31 7 
47 8 
15 104 
18 9 
78 18 
132 86 
83 20 
109 99 
7 85 
31 69 
47 43 
36 115 
96 11 
70 12 
115 71 
128 42 
36 127 
67 10 
26 8 
32 60 
16 60 
105 11 
9 32 
131 101 
109 2 
86 93 
5 42 
2 123 
49 19 
98 87 
51 28 
116 59 
76 26 
134 120 
51 58 
78 91 
64 42 
79 132 
122 70 
121 7 
27 34 
59 52 
67 38 
113 115 
59 113 
116 87 
80 20 
3 93 
133 47 
134 42 
97 74 
78 35 
111 54 
117 111 
15 67 
28 91 
64 60 
122 117 
16 93 
118 31 
75 34 
97 79 
39 71 
20 32 
71 92 
55 58 
27 111 
36 88 
9 17 
99 36 
82 64 
126 106 
112 89 
53 38 
51 46 
61 114 
112 132 
36 3 
41 80 
6 106 
85 61 
132 89 
4 10 
54 79 
84 18 
105 130 
12 125 
17 32 
87 71 
79 89 
59 134 
81 93 
101 42 
8 55 
38 109 
58 60 
111 63 
116 105 
128 50 
35 121 
100 60 
133 52 
21 2 
23 66 
110 42 
45 24 
51 55 
47 18 
4 5 
12 101 
99 44 
132 6 
110 20 
42 23 
20 40 
11 10 
66 72 
26 48 
83 108 
45 116 
113 9 
129 58 
9 35 
84 127 
85 81 
116 33 
13 44 
47 121 
100 55 
120 70 
98 112 
104 70 
30 40 
109 122 
89 19 
118 134 
82 110 
93 13 
38 100 
17 99 
100 50 
33 112 
126 13 
34 2 
72 69 
97 104 
94 76 
3 67 
26 44 
24 33 
77 75 
48 63 
43 102 
92 44 
41 74 
47 120 
27 56 
81 16 
71 106 
3 69 
42 30 
77 63 
84 22 
49 90 
114 100 
111 77 
17 35 
100 24 
76 42 
109 1 
22 59 
113 55 
48 125 
67 36 
28 103 
21 96 
65 122 
54 39 
100 63 
84 114 
40 10 
120 40 
41 133 
123 84 
14 73 
117 46 
132 51 
132 103 
95 52 
29 60 
120 94 
131 127 
37 47 
117 42 
131 12 
3 83 
9 51 
24 99 
83 82 
27 99 
48 96 
90 30 
7 44 
42 34 
116 109 
90 109 
106 68 
94 115 
56 112 
129 52 
36 14 
80 17 
94 64 
41 58 
68 81 
47 67 
53 16 
110 98 
40 82 
20 130 
100 97 
87 111 
73 23 
61 130 
69 56 
85 4 
87 77 
126 94 
70 62 
119 109 
97 66 
113 51 
40 43 
49 116 
119 106 
61 120 
60 44 
11 58 
43 115 
1 133 
76 2 
102 50 
41 31 
125 35 
8 96 
25 94 
28 78 
12 105 
18 22 
64 115 
132 94 
94 85 
30 41 
87 84 
83 120 
116 31 
74 115 
129 80 
112 75 
47 118 
111 69 
96 41 
88 98 
94 109 
34 74 
73 92 
98 28 
110 85 
52 79 
14 97 
30 38 
93 107 
37 24 
117 104 
79 126 
63 124 
129 99 
43 24 
56 6 
79 87 
14 5 
108 31 
56 45 
104 40 
117 101 
116 72 
115 60 
13 42 
20 105 
46 83 
119 121 
90 80 
100 71 
55 109 
2 23 
19 7 
48 69 
17 72 
120 7 
50 41 
20 103 
63 51 
8 99 
7 95 
35 95 
103 105 
74 64 
64 73 
100 10 
122 102 
60 63 
81 37 
124 132 
30 20 
124 72 
22 118 
69 68 
84 34 
87 22 
68 94 
105 61 
101 85 
88 114 
117 6 
92 42 
69 101 
80 83 
91 52 
114 15 
128 110 
84 62 
131 95 
117 51 
88 62 
89 121 
20 9 
62 130 
110 24 
125 64 
81 104 
9 114 
20 77 
17 59 
124 98 
97 19 
129 131 
65 115 
116 37 
82 100 
123 75 
130 128 
50 87 
93 10 
111 110 
67 64 
106 19 
25 95 
58 86 
26 85 
87 6 
4 133 
98 41 
89 18 
19 110 
99 103 
49 72 
26 49 
33 118 
1 120 
71 42 
70 54 
30 113 
103 7 
32 58 
79 44 
104 41 
51 47 
18 121 
121 128 
131 94 
21 1 
65 15 
38 73 
48 59 
123 92 
19 30 
115 123 
121 32 
109 41 
62 38 
102 132 
122 33 
99 26 
97 45 
85 40 
34 18 
6 2 
42 49 
121 88 
16 103 
103 35 
11 84 
74 6 
91 94 
4 89 
43 61 
131 63 
43 73 
66 61 
125 36 
91 31 
132 65 
42 6 
86 20 
53 54 
11 108 
23 117 
69 71 
127 10 
8 120 
110 59 
21 91 
98 86 
38 107 
94 78 
8 29 
119 132 
95 62 
82 14 
134 53 
122 112 
57 130 
74 37 
76 96 
103 123 
114 92 
92 99 
54 73 
37 118 
129 100 
14 45 
81 64 
92 16 
82 103 
19 75 
110 79 
33 13 
36 112 
67 84 
71 112 
75 43 
1 94 
5 13 
9 70 
42 91 
76 134 
92 58 
63 87 
109 32 
37 59 
126 99 
61 74 
92 95 
64 111 
52 105 
67 56 
90 25 
20 92 
55 111 
130 2 
28 6 
109 75 
26 73 
103 90 
112 114 
108 127 
104 92 
52 101 
121 12 
4 14 
115 34 
47 84 
1 75 
33 127 
24 17 
126 11 
36 59 
67 21 
81 108 
2 75 
75 107 
26 10 
112 107 
124 118 
91 98 
111 29 
69 82 
12 106 
55 10 
53 13 
84 30 
129 106 
47 89 
91 118 
60 18 
27 48 
100 115 
73 87 
72 1 
58 9 
55 99 
31 4 
127 115 
134 71 
93 1 
12 37 
40 70 
9 53 
80 118 
4 24 
49 95 
120 5 
100 70 
71 127 
13 70 
48 100 
8 123 
20 107 
86 99 
57 122 
17 34 
27 25 
96 103 
126 52 
5 75 
40 131 
80 25 
50 43 
119 61 
133 64 
23 106 
79 34 
134 96 
87 65 
72 40 
69 105 
12 35 
32 94 
48 134 
121 16 
5 52 
19 25 
68 96 
47 22 
40 59 
23 32 
62 48 
92 29 
36 43 
116 101 
85 84 
89 45 
66 21 
104 78 
44 73 
30 31 
69 35 
17 25 
111 116 
68 71 
105 112 
57 4 
85 73 
92 10 
70 10 
107 15 
69 112 
38 18 
95 116 
123 49 
118 111 
8 33 
115 20 
29 52 
70 24 
49 57 
10 7 
23 46 
81 40 
61 37 
50 30 
10 45 
71 75 
53 124 
132 33 
100 39 
105 26 
105 109 
85 30 
21 49 
23 70 
56 54 
63 20 
97 98 
107 101 
126 118 
32 101 
30 134 
101 28 
45 86 
22 89 
118 95 
53 56 
121 25 
51 65 
17 48 
106 82 
88 116 
52 88 
10 85 
28 58 
125 3 
43 99 
33 72 
79 86 
104 98 
80 58 
57 83 
11 111 
83 106 
64 85 
87 122 
78 17 
59 56 
65 39 
48 101 
14 11 
19 14 
17 117 
16 8 
105 25 
8 77 
22 23 
95 15 
14 8 
83 28 
86 96 
106 88 
33 103 
44 111 
84 24 
27 112 
35 124 
59 4 
118 14 
35 13 
122 36 
34 15 
37 94 
59 133 
1 27 
85 134 
83 47 
40 18 
6 94 
4 67 
4 121 
121 60 
31 20 
68 118 
5 109 
61 60 
71 77 
112 123 
88 63 
108 34 
16 59 
63 40 
46 108 
88 120 
99 134 
39 131 
30 44 
43 25 
107 74 
10 24 
129 126 
123 56 
89 88 
74 47 
64 78 
122 74 
45 96 
61 53 
89 110 
125 62 
98 31 
66 63 
95 134 
19 35 
74 70 
119 2 
10 5 
51 115 
23 61 
25 78 
110 64 
75 96 
39 132 
83 125 
15 37 
10 72 
121 34 
63 52 
16 126 
116 24 
40 78 
40 25 
77 47 
82 104 
55 27 
132 2 
58 25 
1 96 
27 76 
134 89 
63 12 
11 24 
47 115 
53 4 
81 52 
23 115 
8 38 
60 50 
38 69 
20 84 
49 3 
125 65 
100 17 
48 109 
85 91 
97 131 
85 95 
49 102 
85 6 
112 127 
7 5 
19 121 
83 67 
59 30 
34 98 
65 10 
47 1 
93 130 
44 52 
99 65 
13 84 
115 16 
8 17 
91 112 
49 108 
30 96 
38 120 
25 6 
121 92 
128 64 
128 109 
97 46 
71 107 
58 59 
78 10 
72 132 
115 90 
34 53 
81 72 
77 56 
70 11 
75 76 
37 115 
26 123 
76 117 
10 59 
53 87 
13 27 
7 91 
42 28 
79 95 
40 39 
54 78 
117 71 
122 90 
21 3 
95 112 
63 96 
90 44 
114 101 
20 49 
60 73 
119 24 
106 90 
12 104 
15 92 
119 82 
63 39 
133 62 
100 128 
79 43 
41 90 
28 38 
93 134 
5 74 
35 71 
125 116 
45 34 
85 1 
113 118 
98 14 
54 133 
61 42 
86 63 
91 81 
69 24 
3 42 
61 16 
37 63 
14 49 
36 73 
95 89 
45 105 
56 131 
6 51 
114 54 
21 88 
44 118 
51 44 
95 133 
10 15 
100 96 
55 127 
125 58 
17 63 
37 60 
32 88 
46 96 
112 25 
26 19 
69 77 
73 70 
25 113 
102 66 
38 114 
30 13 
96 18 
77 32 
110 121 
80 117 
63 79 
117 5 
65 97 
83 90 
80 76 
8 108 
52 89 
53 50 
88 67 
113 132 
90 89 
127 98 
81 47 
91 134 
60 112 
4 98 
23 78 
96 130 
4 90 
52 102 
74 110 
86 30 
77 81 
73 34 
48 82 
64 34 
96 74 
74 9 
18 4 
102 45 
10 99 
71 1 
14 106 
16 36 
114 131 
2 80 
105 122 
133 120 
109 20 
24 35 
50 48 
89 61 
39 48 
91 53 
57 108 
59 29 
1 74 
124 41 
76 32 
25 61 
75 17 
104 132 
33 89 
129 55 
15 8 
8 125 
10 128 
116 94 
52 11 
11 131 
40 116 
52 113 
69 87 
18 52 
7 36 
84 40 
71 41 
77 109 
59 67 
132 38 
45 76 
71 131 
28 20 
109 59 
21 103 
2 63 
8 101 
90 27 
75 127 
78 115 
73 76 
52 68 
34 22 
57 86 
73 12 
79 128 
107 97 
48 46 
93 51 
89 60 
71 48 
31 100 
63 16 
119 80 
34 44 
46 127 
83 5 
4 30 
55 92 
116 89 
26 28 
60 59 
18 55 
8 78 
8 54 
127 26 
114 126 
123 9 
50 106 
74 119 
62 46 
99 98 
121 38 
97 39 
113 99 
94 114 
3 20 
87 67 
25 124 
101 123 
30 22 
90 76 
86 24 
86 113 
56 24 
78 119 
42 97 
111 121 
106 2 
41 66 
125 9 
8 121 
118 18 
106 66 
119 4 
63 14 
87 124 
125 19 
128 48 
124 116 
64 116 
107 88 
64 61 
54 18 
64 20 
117 53 
62 107 
124 76 
122 106 
132 83 
94 10 
47 42 
36 90 
66 4 
11 35 
15 40 
106 92 
7 86 
124 111 
95 108 
42 39 
46 128 
82 18 
67 98 
23 134 
39 114 
49 67 
99 110 
59 63 
123 1 
75 54 
112 2 
84 33 
46 64 
1 35 
19 96 
73 48 
8 134 
101 55 
113 72 
14 37 
89 57 
29 131 
109 56 
39 83 
51 37 
59 62 
105 74 
113 56 
130 5 
108 58 
129 40 
20 61 
23 124 
106 17 
95 129 
20 23 
103 8 
39 76 
91 41 
39 79 
10 106 
69 79 
28 64 
32 70 
129 75 
72 82 
55 81 
89 12 
34 132 
130 1 
30 46 
96 53 
36 77 
52 67 
2 55 
76 46 
92 88 
66 17 
103 9 
24 126 
26 51 
15 86 
36 133 
108 76 
89 111 
69 28 
80 110 
88 84 
134 52 
28 3 
68 84 
87 12 
62 10 
106 72 
122 104 
108 27 
11 17 
132 36 
55 31 
113 71 
28 2 
45 131 
81 94 
83 54 
17 128 
84 45 
119 88 
44 85 
21 30 
22 102 
34 91 
126 5 
60 13 
104 57 
83 16 
42 31 
120 18 
12 39 
118 17 
127 126 
103 38 
85 66 
67 105 
99 118 
4 56 
9 33 
95 44 
27 68 
71 104 
104 120 
12 68 
39 25 
111 30 
91 83 
104 106 
45 122 
2 84 
99 39 
69 16 
7 4 
37 86 
130 101 
70 96 
67 33 
63 27 
32 125 
1 13 
38 29 
87 134 
32 108 
102 56 
127 91 
10 98 
28 48 
109 47 
9 10 
42 80 
79 108 
123 15 
101 134 
101 59 
90 48 
33 93 
117 24 
77 103 
117 40 
24 78 
119 36 
129 32 
112 86 
47 38 
9 50 
114 23 
62 58 
17 38 
115 96 
13 74 
36 82 
107 98 
87 31 
47 15 
23 60 
58 67 
34 71 
8 116 
86 42 
88 124 
10 54 
37 26 
79 100 
19 46 
30 99 
83 65 
50 108 
49 58 
77 123 
122 46 
43 21 
8 25 
59 61 
129 103 
90 78 
84 89 
47 97 
93 96 
20 43 
96 112 
44 27 
62 50 
16 46 
22 76 
59 82 
78 6 
29 9 
110 66 
45 42 
125 78 
102 105 
61 6 
122 134 
67 79 
128 74 
55 68 
67 26 
107 95 
28 95 
59 43 
86 19 
130 12 
25 127 
117 85 
29 72 
59 33 
121 51 
120 128 
13 119 
58 2 
52 99 
93 69 
133 40 
45 2 
96 69 
16 118 
118 104 
114 63 
63 57 
92 41 
39 18 
9 27 
54 117 
101 16 
9 64 
106 20 
121 98 
97 120 
21 35 
59 117 
64 129 
81 99 
84 36 
5 43 
67 40 
96 107 
73 16 
9 34 
59 20 
71 49 
114 120 
64 83 
119 40 
18 77 
128 34 
98 47 
132 43 
39 110 
33 7 
49 73 
6 30 
28 105 
108 115 
20 26 
77 125 
63 94 
113 94 
58 122 
67 51 
61 118 
25 85 
79 21 
26 102 
18 73 
34 29 
9 87 
106 85 
30 92 
53 36 
112 31 
130 70 
112 126 
99 33 
55 33 
107 45 
8 41 
47 132 
124 5 
77 126 
31 38 
86 104 
46 39 
76 3 
116 56 
27 28 
1 60 
67 123 
112 10 
33 34 
94 44 
47 27 
43 106 
3 27 
19 53 
51 30 
109 118 
61 15 
98 123 
19 55 
25 77 
30 45 
25 114 
104 65 
134 111 
123 65 
9 1 
129 54 
75 126 
118 15 
133 34 
43 45 
7 27 
51 85 
104 20 
52 35 
44 42 
44 31 
127 68 
103 88 
28 25 
36 89 
105 117 
16 19 
59 47 
59 70 
118 35 
7 122 
35 110 
70 91 
95 57 
56 96 
83 13 
36 75 
33 128 
20 82 
115 107 
6 29 
109 62 
22 55 
4 82 
60 14 
101 39 
4 49 
16 122 
83 95 
7 101 
67 71 
47 54 
57 42 
41 67 
40 112 
55 59 
7 42 
30 11 
113 119 
132 3 
15 96 
114 89 
127 29 
105 134 
86 115 
36 93 
17 104 
113 73 
68 26 
51 107 
5 16 
51 33 
18 45 
134 56 
69 11 
113 15 
34 81 
29 102 
24 48 
96 82 
109 39 
2 122 
90 98 
105 21 
28 131 
35 47 
92 47 
42 84 
97 102 
133 92 
113 60 
93 84 
129 72 
86 40 
37 17 
3 87 
40 125 
4 8 
62 111 
65 128 
125 92 
121 42 
56 132 
129 134 
36 83 
81 132 
62 78 
114 44 
92 25 
48 85 
42 83 
129 25 
84 116 
110 44 
105 87 
103 70 
6 3 
85 29 
101 120 
37 119 
17 14 
64 79 
45 55 
45 77 
61 124 
95 50 
107 22 
130 41 
98 70 
19 127 
115 35 
50 77 
97 90 
130 60 
6 133 
63 10 
78 49 
115 85 
61 84 
53 39 
100 51 
128 49 
127 106 
70 14 
45 117 
76 74 
3 22 
5 92 
130 83 
9 118 
78 96 
101 57 
53 131 
79 42 
105 120 
33 96 
37 65 
10 31 
106 27 
120 12 
54 68 
44 19 
4 47 
20 120 
91 44 
105 16 
51 17 
17 56 
36 22 
5 45 
21 108 
33 94 
67 112 
126 45 
89 63 
114 1 
102 100 
123 72 
84 109 
47 94 
64 130 
16 70 
112 88 
89 68 
76 92 
103 109 
111 78 
89 15 
87 42 
108 65 
90 26 
24 62 
106 84 
101 93 
127 81 
111 88 
21 119 
127 95 
55 74 
125 80 
85 113 
117 61 
80 107 
33 64 
70 66 
82 71 
134 97 
40 108 
34 93 
81 98 
27 53 
58 8 
54 66 
90 93 
126 86 
6 57 
14 10 
15 55 
114 68 
88 134 
55 107 
93 52 
89 120 
36 54 
111 85 
99 31 
133 104 
116 96 
67 122 
49 70 
132 116 
128 101 
14 88 
38 37 
77 80 
91 96 
2 62 
38 128 
67 73 
98 8 
29 107 
35 32 
79 14 
23 119 
102 17 
71 125 
52 26 
76 43 
128 127 
128 13 
68 116 
12 114 
78 122 
91 17 
19 111 
73 96 
3 32 
45 69 
10 119 
102 118 
9 95 
61 69 
64 57 
119 70 
40 34 
33 131 
61 82 
97 118 
45 67 
66 90 
124 84 
68 35 
118 52 
38 104 
111 52 
29 41 
43 80 
122 6 
3 84 
60 67 
56 114 
41 72 
127 85 
13 130 
88 79 
30 3 
121 41 
132 37 
18 76 
80 16 
8 105 
66 99 
65 79 
21 52 
67 124 
16 35 
91 120 
32 67 
18 7 
4 104 
31 49 
116 77 
4 45 
28 81 
68 2 
116 36 
87 29 
90 73 
66 130 
49 76 
15 46 
29 54 
98 60 
56 38 
98 50 
67 129 
12 18 
97 11 
16 15 
126 61 
81 63 
124 33 
58 23 
112 121 
54 25 
61 50 
100 127 
90 54 
98 114 
101 30 
111 13 
47 21 
21 37 
44 25 
39 19 
103 86 
128 32 
71 105 
75 50 
88 15 
94 20 
31 83 
22 48 
14 27 
69 6 
20 79 
100 93 
65 106 
80 127 
130 73 
47 13 
35 97 
89 20 
86 6 
46 69 
128 83 
84 107 
76 99 
29 64 
134 75 
64 40 
104 60 
102 24 
101 46 
5 22 
47 46 
127 90 
69 113 
116 13 
73 33 
12 115 
36 62 
113 23 
19 91 
117 14 
22 117 
90 60 
40 79 
44 20 
8 88 
67 30 
27 124 
72 55 
2 88 
31 6 
38 23 
12 16 
22 80 
77 27 
65 17 
15 101 
27 5 
84 52 
19 10 
58 4 
70 36 
14 68 
85 12 
3 60 
8 126 
122 13 
48 8 
133 66 
116 83 
94 84 
86 48 
119 126 
100 34 
70 126 
82 80 
123 7 
71 17 
100 59 
102 119 
105 110 
90 55 
40 4 
65 50 
6 26 
44 75 
76 51 
107 3 
13 64 
75 92 
129 97 
42 21 
37 39 
4 106 
114 28 
88 95 
82 123 
102 129 
130 46 
9 78 
63 62 
21 75 
27 130 
2 17 
99 22 
2 105 
4 128 
79 27 
118 79 
31 26 
74 121 
93 47 
36 24 
72 53 
63 33 
88 41 
5 34 
65 43 
133 85 
94 97 
49 63 
8 42 
106 52 
20 129 
62 5 
64 127 
55 53 
88 90 
101 84 
67 95 
22 64 
68 128 
11 43 
44 115 
85 123 
128 102 
130 119 
110 14 
68 85 
14 116 
2 78 
35 131 
72 128 
129 111 
92 3 
52 62 
25 32 
90 79 
16 79 
101 53 
15 11 
2 128 
5 30 
14 128 
57 123 
68 70 
15 45 
71 102 
55 4 
97 12 
123 48 
70 33 
30 116 
134 40 
101 98 
32 43 
65 1 
71 95 
25 82 
32 45 
95 53 
108 59 
50 37 
19 1 
56 130 
95 60 
119 60 
104 101 
21 116 
53 128 
21 86 
86 133 
93 44 
130 115 
7 97 
74 126 
86 123 
114 65 
114 45 
14 29 
93 22 
97 96 
18 102 
115 61 
96 132 
117 126 
52 119 
53 103 
109 25 
123 25 
11 7 
122 124 
122 118 
123 14 
61 4 
5 25 
134 114 
3 104 
89 115 
34 104 
102 7 
77 89 
54 4 
29 84 
61 95 
108 84 
5 48 
54 72 
43 109 
54 76 
113 123 
10 61 
85 47 
72 51 
51 14 
41 28 
87 99 
120 25 
69 17 
59 129 
93 109 
127 129 
25 60 
113 63 
86 49 
133 46 
7 127 
134 68 
65 14 
2 74 
115 129 
94 19 
46 89 
31 124 
112 35 
90 133 
62 15 
17 85 
78 50 
109 83 
66 58 
66 86 
129 34 
73 104 
49 10 
12 1 
105 43 
85 57 
118 32 
31 105 
62 39 
6 58 
42 50 
58 16 
64 101 
81 109 
23 123 
109 117 
102 48 
72 88 
91 130 
86 27 
9 41 
53 106 
94 118 
117 125 
112 28 
61 96 
122 44 
90 51 
29 123 
20 24 
134 103 
39 85 
98 133 
98 126 
1 26 
130 35 
16 86 
108 85 
46 94 
22 92 
60 33 
91 29 
3 13 
124 97 
115 102 
65 76 
92 9 
74 104 
121 5 
18 93 
55 103 
88 109 
106 114 
112 97 
35 57 
61 52 
134 115 
29 100 
67 42 
133 121 
134 26 
133 61 
45 106 
56 126 
8 114 
26 87 
101 47 
25 10 
60 122 
31 114 
120 3 
115 82 
13 117 
130 54 
9 38 
83 63 
49 110 
114 10 
67 109 
52 16 
20 2 
79 45 
105 84 
59 90 
125 50 
111 125 
104 105 
99 16 
99 73 
2 40 
120 32 
46 5 
102 16 
53 22 
66 28 
46 42 
114 57 
11 125 
92 72 
98 108 
5 98 
124 107 
8 81 
52 117 
123 90 
36 18 
103 41 
22 123 
121 65 
98 63 
30 26 
62 75 
21 19 
112 51 
1 101 
121 87 
130 124 
68 124 
84 46 
62 134 
76 38 
36 74 
117 26 
115 118 
5 81 
78 87 
127 27 
109 131 
34 67 
101 6 
91 69 
128 60 
124 114 
78 128 
5 127 
9 14 
126 102 
72 6 
122 133 
45 49 
49 6 
4 95 
87 41 
79 73 
123 70 
121 39 
107 103 
129 7 
39 20 
3 1 
7 94 
65 127 
125 21 
81 73 
82 81 
76 78 
66 26 
24 87 
116 3 
14 81 
26 122 
51 111 
31 28 
87 72 
17 92 
32 53 
79 47 
32 79 
45 132 
133 102 
1 11 
127 58 
91 99 
115 68 
106 24 
122 20 
82 127 
22 6 
121 69 
74 45 
82 120 
1 50 
29 108 
132 22 
17 50 
101 90 
3 90 
97 110 
75 68 
27 15 
120 15 
31 113 
37 55 
109 11 
16 123 
3 18 
115 21 
19 34 
18 10 
20 131 
45 7 
108 17 
7 50 
22 62 
30 79 
45 85 
34 47 
54 5 
103 91 
63 24 
2 8 
9 102 
12 77 
3 122 
82 111 
105 114 
25 76 
100 40 
25 50 
116 12 
115 53 
61 121 
132 15 
14 53 
23 35 
37 98 
103 97 
98 29 
27 30 
108 5 
93 37 
72 9 
97 125 
104 109 
73 128 
63 23 
133 24 
10 17 
94 96 
83 7 
119 66 
69 127 
77 70 
18 115 
122 128 
96 65 
21 74 
61 30 
56 61 
107 105 
114 62 
20 93 
86 95 
104 119 
111 130 
4 32 
122 37 
51 99 
77 52 
125 37 
51 130 
33 49 
71 44 
102 30 
93 4 
71 59 
74 4 
67 121 
106 70 
49 81 
62 80 
81 51 
28 29 
83 37 
109 100 
40 94 
21 26 
95 3 
111 112 
6 32 
88 35 
46 72 
119 64 
102 110 
115 131 
110 67 
117 38 
35 107 
62 116 
94 16 
97 115 
71 124 
115 63 
56 73 
56 30 
125 22 
53 75 
89 29 
105 37 
74 67 
70 115 
54 3 
71 103 
108 68 
123 41 
53 67 
43 95 
32 22 
14 61 
5 84 
38 126 
103 94 
100 78 
2 41 
50 19 
121 107 
130 95 
12 40 
129 74 
13 134 
40 48 
77 133 
109 111 
51 36 
12 76 
36 11 
97 93 
33 119 
48 57 
34 1 
4 50 
30 83 
92 83 
109 58 
56 32 
43 74 
63 134 
130 82 
129 88 
124 32 
88 23 
5 31 
128 22 
104 11 
45 20 
32 27 
24 94 
22 51 
131 78 
73 39 
103 87 
133 19 
83 52 
110 115 
20 29 
27 84 
64 44 
83 87 
46 105 
116 46 
16 23 
94 125 
48 58 
34 51 
82 107 
93 91 
86 4 
98 100 
25 42 
11 6 
18 103 
84 9 
134 39 
130 85 
2 115 
46 115 
87 58 
49 36 
93 132 
126 36 
131 25 
54 46 
78 15 
119 20 
69 62 
21 124 
18 123 
13 103 
100 89 
43 35 
5 66 
30 72 
113 44 
118 67 
59 51 
90 33 
84 90 
18 37 
100 120 
67 29 
111 66 
129 22 
16 112 
30 82 
116 5 
129 57 
42 58 
21 130 
20 81 
30 18 
25 16 
113 109 
55 47 
107 42 
8 104 
30 39 
124 50 
70 64 
57 1 
6 98 
46 79 
107 119 
23 125 
35 10 
80 47 
48 79 
34 35 
26 32 
100 41 
73 41 
120 58 
85 24 
66 108 
84 4 
101 125 
58 21 
75 108 
82 23 
74 7 
118 92 
92 93 
84 130 
101 27 
63 82 
47 103 
75 131 
51 101 
76 113 
11 5 
9 43 
36 25 
3 80 
82 76 
28 55 
30 55 
5 111 
52 125 
110 30 
48 77 
98 72 
115 9 
124 119 
12 44 
114 4 
28 122 
44 78 
10 90 
50 93 
109 74 
113 13 
31 101 
57 13 
50 22 
7 77 
83 71 
27 122 
60 2 
97 33 
6 8 
127 38 
77 60 
93 76 
134 123 
54 116 
125 31 
92 131 
21 80 
77 117 
98 77 
37 66 
50 96 
23 105 
34 13 
104 67 
131 81 
99 133 
24 52 
99 5 
15 93 
7 54 
53 60 
108 13 
44 134 
103 125 
62 121 
69 41 
68 8 
34 61 
13 29 
121 93 
38 125 
12 20 
55 49 
33 17 
123 89 
45 110 
58 83 
23 49 
73 131 
11 32 
41 39 
75 37 
52 116 
91 43 
115 128 
14 89 
109 44 
16 45 
84 51 
14 78 
73 10 
112 83 
8 40 
57 18 
108 43 
72 102 
93 58 
42 124 
68 21 
38 1 
30 53 
11 61 
10 46 
89 130 
50 13 
121 83 
115 28 
55 60 
89 72 
113 29 
3 117 
74 44 
18 97 
95 10 
2 64 
116 58 
39 11 
59 12 
39 103 
16 131 
2 125 
36 45 
118 58 
56 22 
129 50 
39 98 
50 74 
36 85 
51 43 
43 97 
64 131 
109 129 
57 93 
34 48 
11 13 
3 66 
72 122 
8 110 
27 118 
12 61 
83 60 
48 45 
94 57 
21 104 
39 84 
88 45 
34 8 
69 4 
81 50 
90 104 
28 132 
81 45 
28 76 
54 80 
44 126 
47 10 
52 33 
12 17 
39 69 
96 67 
26 98 
126 67 
44 33 
111 47 
43 57 
8 5 
47 116 
16 127 
115 92 
87 62 
49 65 
24 28 
103 112 
97 10 
93 133 
76 126 
134 82 
101 4 
13 104 
48 83 
104 35 
94 58 
106 94 
41 54 
112 3 
70 124 
120 44 
127 12 
130 11 
17 15 
2 7 
97 63 
91 68 
62 92 
27 120 
81 43 
114 53 
83 9 
87 10 
114 47 
119 112 
15 52 
24 57 
57 70 
131 77 
115 49 
84 91 
31 129 
90 95 
128 31 
56 124 
108 102 
70 93 
5 63 
34 87 
98 80 
26 54 
129 66 
7 52 
122 95 
14 105 
78 95 
26 33 
86 2 
48 94 
92 116 
131 102 
99 72 
128 85 
75 28 
110 29 
107 43 
6 13 
43 58 
118 85 
76 72 
30 81 
7 118 
4 123 
54 127 
13 105 
31 13 
116 53 
52 90 
24 19 
119 118 
27 51 
67 107 
43 60 
1 97 
100 85 
103 22 
112 80 
58 40 
71 63 
2 111 
35 132 
28 63 
10 116 
74 65 
30 75 
77 3 
15 106 
99 131 
42 106 
1 23 
70 88 
25 68 
13 118 
111 50 
30 130 
67 68 
123 28 
44 22 
56 25 
91 92 
75 122 
18 132 
37 40 
75 15 
73 111 
50 86 
18 92 
34 14 
44 41 
44 16 
110 16 
42 16 
13 112 
50 64 
29 101 
69 27 
105 81 
70 90 
114 116 
23 108 
93 126 
123 111 
39 27 
67 24 
67 91 
67 43 
65 21 
116 115 
86 52 
45 103 
62 53 
37 89 
113 101 
118 30 
63 32 
25 1 
117 84 
14 54 
89 55 
87 48 
9 60 
85 9 
10 79 
55 50 
111 91 
79 91 
125 76 
8 97 
17 1 
63 65 
80 123 
57 78 
27 98 
33 25 
58 63 
46 124 
104 27 
117 114 
84 15 
97 34 
2 93 
26 84 
25 64 
64 93 
58 104 
66 74 
5 68 
25 119 
79 4 
12 67 
102 46 
114 76 
103 36 
93 27 
112 46 
117 127 
33 10 
40 122 
60 116 
53 41 
90 126 
67 50 
105 98 
111 105 
43 31 
57 120 
114 11 
70 55 
95 55 
71 118 
110 57 
53 118 
36 118 
125 126 
130 127 
72 114 
72 117 
49 11 
89 48 
48 30 
60 11 
27 71 
44 11 
100 58 
63 99 
98 22 
53 130 
47 28 
6 14 
75 60 
34 38 
36 123 
49 64 
109 127 
91 101 
58 74 
100 27 
131 126 
107 117 
105 86 
19 131 
16 104 
23 41 
100 122 
119 3 
13 16 
93 123 
65 88 
61 76 
107 32 
79 62 
41 102 
36 66 
28 82 
7 68 
78 134 
110 127 
89 27 
117 110 
85 27 
79 77 
29 23 
58 47 
26 15 
24 83 
99 37 
109 82 
120 117 
35 89 
48 127 
121 63 
120 64 
65 47 
13 49 
94 99 
99 11 
88 19 
69 15 
61 75 
60 132 
10 57 
29 109 
74 101 
83 32 
126 20 
89 70 
62 4 
29 11 
46 31 
13 32 
134 69 
126 53 
69 52 
94 53 
11 20 
78 32 
95 114 
116 51 
12 29 
130 9 
113 124 
11 101 
54 82 
83 11 
15 1 
1 64 
112 18 
113 40 
14 20 
82 89 
40 74 
66 33 
80 5 
90 42 
83 88 
132 88 
40 50 
109 92 
128 71 
25 72 
86 75 
92 69 
33 77 
47 119 
59 86 
113 62 
102 88 
55 119 
31 94 
127 17 
39 58 
96 51 
77 13 
76 58 
68 63 
92 80 
99 105 
82 53 
85 46 
59 97 
100 33 
42 15 
36 29 
89 16 
121 132 
125 33 
53 102 
51 97 
12 3 
110 58 
110 12 
96 98 
97 22 
29 27 
39 117 
43 49 
94 130 
40 97 
61 29 
112 134 
112 131 
85 79 
99 19 
53 123 
26 29 
119 79 
88 4 
112 74 
103 74 
22 9 
95 109 
64 91 
71 65 
108 92 
62 13 
89 108 
77 100 
122 123 
73 119 
40 38 
106 98 
115 26 
12 28 
129 42 
60 106 
88 108 
133 108 
38 133 
4 43 
69 126 
96 7 
78 80 
107 10 
75 90 
9 39 
59 89 
8 69 
13 133 
48 98 
35 126 
18 127 
83 26 
30 65 
103 31 
12 15 
30 129 
80 23 
83 100 
96 6 
67 134 
72 19 
77 6 
124 57 
46 41 
100 101 
106 25 
10 56 
51 102 
43 124 
7 20 
79 5 
17 5 
38 63 
40 41 
56 2 
116 100 
20 37 
134 33 
128 23 
92 117 
14 94 
73 122 
112 115 
130 65 
65 56 
130 69 
46 11 
42 89 
96 3 
39 75 
45 100 
54 20 
32 30 
57 96 
52 31 
69 47 
114 27 
108 53 
108 45 
103 60 
53 28 
2 24 
61 9 
87 15 
129 91 
21 81 
94 90 
37 114 
90 65 
63 54 
53 79 
72 67 
134 126 
23 96 
113 82 
90 124 
29 21 
77 114 
20 38 
14 35 
35 4 
90 69 
39 87 
5 107 
18 13 
31 76 
90 129 
6 111 
3 89 
79 107 
18 14 
78 109 
65 31 
109 21 
78 133 
6 55 
6 124 
26 109 
15 110 
83 96 
96 88 
42 93 
39 60 
132 120 
38 5 
117 78 
14 80 
131 88 
64 80 
102 123 
29 133 
68 37 
42 104 
5 71 
69 109 
95 115 
44 132 
79 92 
73 86 
54 44 
119 44 
33 43 
10 132 
119 16 
69 49 
78 86 
122 113 
27 126 
85 8 
45 128 
97 123 
71 121 
2 65 
123 33 
99 41 
116 66 
113 12 
112 53 
119 9 
17 77 
128 96 
128 3 
69 122 
130 40 
115 32 
97 3 
101 20 
107 100 
65 101 
37 41 
72 108 
72 105 
49 41 
28 17 
131 86 
69 36 
122 101 
81 128 
82 112 
6 119 
46 68 
93 53 
41 57 
33 108 
84 133 
85 109 
54 37 
54 134 
42 62 
118 11 
71 61 
67 5 
82 62 
128 47 
99 123 
75 124 
95 11 
106 128 
67 70 
12 132 
128 93 
94 52 
93 31 
98 115 
25 66 
16 1 
66 53 
132 31 
49 9 
116 86 
27 26 
52 47 
109 68 
2 57 
82 74 
76 5 
114 17 
22 13 
91 13 
115 24 
77 99 
78 42 
114 90 
10 36 
19 102 
22 94 
19 76 
43 110 
60 48 
116 69 
90 105 
56 41 
85 114 
103 84 
115 114 
42 105 
25 96 
122 88 
58 103 
27 72 
49 80 
78 123 
13 43 
87 101 
57 132 
99 1 
26 93 
103 68 
44 38 
89 50 
14 22 
117 63 
20 123 
3 115 
69 104 
17 131 
65 29 
48 64 
67 117 
117 30 
9 96 
53 49 
73 121 
100 4 
122 17 
83 115 
43 98 
75 48 
95 121 
40 17 
75 95 
100 8 
7 51 
13 125 
67 90 
105 51 
58 128 
38 39 
41 68 
73 106 
26 86 
68 126 
93 127 
63 56 
63 110 
91 45 
128 129 
38 84 
64 71 
6 48 
123 32 
60 49 
101 118 
16 14 
126 23 
105 19 
99 107 
71 7 
117 43 
105 124 
61 33 
43 42 
94 100 
103 44 
106 31 
57 38 
62 108 
63 123 
44 55 
79 81 
20 116 
76 4 
20 74 
36 65 
85 58 
118 24 
47 24 
76 36 
104 29 
30 127 
1 7 
9 120 
17 44 
74 106 
90 64 
29 105 
30 14 
124 85 
