129 3909 
57 21 269 17 166 58 131 96 188 170 152 192 86 214 36 33 69 182 50 298 256 132 231 181 87 300 8 80 229 119 136 116 61 243 55 99 187 260 96 144 123 79 195 259 268 1 226 143 218 47 69 285 276 90 175 3 201 54 210 290 266 19 4 90 78 52 29 20 101 267 101 54 90 63 22 11 291 250 286 202 160 123 154 266 198 189 172 27 140 248 17 107 100 38 56 1 95 237 29 248 144 73 239 65 229 82 280 234 99 286 69 162 244 195 109 103 16 138 123 246 91 170 9 283 188 91 251 104 231 
23 105 
99 112 
118 115 
28 63 
72 48 
124 95 
13 42 
24 49 
108 122 
83 120 
128 86 
95 23 
122 59 
46 66 
19 61 
119 44 
77 16 
123 36 
15 99 
20 88 
98 102 
75 77 
126 113 
46 69 
111 102 
14 100 
76 12 
54 124 
129 21 
99 48 
98 14 
33 126 
13 25 
22 115 
129 51 
15 87 
31 105 
124 45 
36 67 
39 3 
50 48 
87 64 
37 39 
36 24 
68 42 
47 122 
5 95 
25 66 
90 32 
55 58 
57 22 
121 56 
122 81 
18 120 
95 52 
66 19 
58 71 
58 56 
2 125 
36 6 
83 38 
56 112 
123 53 
62 89 
24 25 
30 46 
96 102 
38 18 
105 53 
121 34 
90 125 
118 125 
95 107 
64 45 
32 31 
54 106 
103 115 
94 73 
121 100 
46 42 
73 12 
70 99 
13 107 
42 28 
37 114 
42 9 
76 123 
60 13 
48 9 
3 94 
13 52 
75 61 
108 123 
40 97 
97 101 
43 76 
61 113 
85 36 
14 65 
45 115 
52 39 
80 40 
120 85 
34 33 
2 79 
85 2 
7 57 
40 2 
6 86 
49 39 
95 6 
62 113 
102 52 
114 8 
112 17 
3 58 
36 111 
92 65 
117 60 
58 77 
32 88 
91 61 
59 72 
26 69 
39 97 
127 49 
41 113 
125 63 
8 92 
49 29 
96 76 
48 116 
48 74 
104 117 
50 84 
101 44 
54 26 
91 38 
97 2 
113 77 
8 13 
7 16 
122 118 
113 93 
48 86 
36 112 
121 28 
38 39 
79 86 
107 1 
110 15 
87 10 
84 53 
70 58 
49 23 
82 75 
40 91 
57 33 
84 21 
64 54 
127 105 
73 129 
129 92 
101 47 
17 52 
84 69 
55 19 
96 58 
72 51 
108 15 
96 51 
25 70 
34 107 
129 126 
60 15 
80 86 
72 69 
32 43 
94 28 
17 81 
4 19 
77 107 
70 102 
38 36 
20 119 
8 20 
25 117 
4 122 
122 92 
90 105 
70 18 
127 34 
26 32 
9 92 
84 105 
35 32 
18 54 
81 87 
87 93 
41 69 
76 41 
61 66 
51 16 
86 112 
127 79 
89 18 
36 27 
83 90 
107 30 
90 124 
119 96 
103 60 
78 43 
104 16 
53 104 
75 11 
125 7 
124 10 
128 110 
56 102 
56 10 
52 9 
117 27 
34 125 
104 8 
80 104 
96 1 
114 99 
87 115 
97 94 
51 122 
72 106 
93 35 
68 51 
90 77 
54 2 
47 26 
124 62 
33 93 
18 67 
30 7 
25 96 
88 30 
109 40 
107 47 
15 94 
69 81 
31 109 
126 63 
18 32 
67 2 
70 9 
5 77 
56 29 
1 51 
78 66 
19 91 
44 47 
115 3 
37 98 
96 41 
34 102 
21 99 
44 39 
58 1 
7 42 
7 55 
19 18 
29 18 
45 11 
111 85 
101 21 
122 101 
54 114 
14 18 
30 114 
128 22 
17 119 
57 16 
36 115 
52 40 
59 47 
119 24 
113 109 
7 23 
77 2 
2 8 
127 32 
61 38 
27 113 
28 129 
88 16 
70 129 
68 94 
57 66 
53 30 
64 109 
59 18 
102 116 
122 102 
35 8 
108 31 
65 87 
121 67 
49 112 
27 28 
13 96 
89 124 
19 52 
101 9 
126 52 
117 35 
12 59 
38 55 
114 13 
45 129 
31 29 
12 64 
10 20 
81 29 
129 63 
1 124 
53 89 
118 95 
94 54 
94 87 
126 118 
79 47 
15 31 
33 104 
2 74 
81 46 
58 60 
8 5 
47 4 
77 120 
42 71 
33 78 
71 17 
14 20 
88 97 
112 98 
111 112 
120 16 
60 110 
82 66 
73 28 
117 8 
54 15 
61 77 
9 109 
59 75 
42 93 
44 48 
127 118 
98 51 
108 124 
113 79 
122 80 
127 77 
9 14 
77 112 
89 111 
77 53 
126 37 
127 82 
36 120 
45 12 
92 34 
51 35 
36 91 
107 31 
110 68 
30 32 
73 66 
9 127 
103 113 
100 23 
99 9 
54 13 
62 63 
2 6 
83 35 
117 121 
117 74 
1 113 
34 5 
100 82 
126 84 
64 57 
24 122 
37 59 
28 90 
59 9 
92 51 
81 106 
33 13 
98 64 
18 1 
14 92 
1 109 
98 68 
89 73 
54 4 
90 69 
123 112 
1 112 
103 45 
61 50 
107 102 
48 64 
25 56 
5 120 
124 57 
70 96 
13 92 
79 18 
75 23 
61 95 
111 117 
32 2 
67 32 
122 63 
121 89 
63 115 
87 1 
109 2 
111 8 
26 127 
69 57 
64 19 
119 88 
95 109 
115 9 
19 31 
109 115 
84 120 
13 103 
115 16 
25 3 
114 89 
90 93 
96 67 
95 115 
5 124 
106 95 
69 37 
25 47 
69 32 
45 108 
98 122 
40 19 
81 86 
65 45 
34 10 
82 64 
94 5 
5 108 
42 127 
52 57 
89 61 
107 22 
16 106 
69 91 
50 81 
97 64 
53 2 
2 56 
51 24 
63 37 
14 123 
50 106 
9 84 
54 110 
66 74 
64 126 
50 8 
90 51 
94 63 
23 35 
52 77 
127 91 
50 126 
32 81 
81 39 
29 97 
64 80 
85 40 
125 105 
79 43 
66 3 
127 61 
108 47 
20 96 
105 52 
65 30 
99 27 
73 83 
50 26 
11 36 
96 77 
125 69 
1 69 
68 14 
13 9 
52 111 
82 16 
73 17 
75 41 
58 79 
15 16 
24 123 
126 74 
68 1 
86 23 
95 101 
129 81 
97 10 
98 92 
88 6 
4 23 
100 57 
128 29 
96 55 
109 87 
110 20 
48 26 
29 8 
100 105 
48 27 
48 94 
55 129 
65 82 
116 84 
65 125 
1 2 
7 108 
40 74 
81 47 
55 24 
107 104 
115 85 
55 107 
73 2 
93 28 
9 30 
121 33 
32 118 
109 8 
1 119 
43 94 
78 74 
39 59 
60 127 
4 67 
61 20 
115 77 
22 109 
111 83 
116 71 
68 47 
65 115 
68 97 
18 75 
84 25 
68 107 
87 121 
35 110 
43 72 
125 113 
61 13 
59 112 
41 35 
67 102 
90 128 
7 63 
113 33 
60 22 
41 40 
33 45 
104 97 
37 85 
76 59 
113 66 
8 38 
24 84 
85 100 
2 24 
101 84 
111 129 
22 1 
120 71 
81 68 
57 127 
74 32 
17 23 
100 60 
84 57 
19 80 
74 70 
18 16 
23 32 
126 54 
37 60 
56 100 
129 43 
23 128 
65 95 
116 6 
51 28 
26 66 
95 35 
62 104 
108 40 
12 120 
94 4 
116 17 
2 55 
10 95 
24 117 
23 94 
56 66 
120 35 
89 10 
71 63 
69 11 
87 107 
16 125 
111 39 
38 107 
67 129 
20 63 
126 62 
106 115 
33 112 
87 103 
82 116 
83 84 
11 38 
67 56 
71 72 
52 47 
93 112 
117 15 
45 28 
55 79 
92 39 
49 36 
110 17 
81 37 
44 2 
105 98 
123 121 
119 87 
30 70 
38 5 
74 3 
84 2 
3 126 
14 19 
127 104 
113 37 
1 104 
89 7 
37 115 
126 116 
58 85 
13 101 
32 96 
82 105 
98 124 
67 91 
68 90 
80 21 
25 106 
77 102 
15 111 
13 73 
45 29 
53 40 
18 41 
111 90 
18 61 
36 104 
7 46 
105 35 
111 17 
105 80 
28 128 
91 80 
70 124 
62 23 
66 24 
85 19 
116 15 
71 100 
7 115 
97 61 
75 107 
9 26 
7 101 
101 5 
101 86 
30 33 
32 124 
109 90 
93 121 
86 102 
19 63 
74 129 
102 47 
115 34 
59 25 
105 37 
106 70 
109 116 
105 86 
13 40 
108 38 
42 128 
94 57 
63 40 
17 4 
97 33 
50 15 
91 59 
121 77 
95 68 
69 36 
127 16 
61 84 
55 23 
22 118 
109 62 
112 35 
57 62 
9 58 
121 90 
102 120 
95 15 
118 26 
16 116 
21 15 
73 32 
71 29 
96 3 
123 1 
32 77 
68 78 
61 24 
25 120 
22 20 
65 118 
90 39 
111 47 
118 112 
7 4 
19 30 
56 50 
118 5 
66 88 
40 9 
21 107 
61 96 
28 114 
56 82 
125 5 
93 89 
45 126 
48 121 
121 35 
1 11 
66 76 
70 89 
93 6 
55 78 
115 111 
28 60 
113 87 
64 123 
126 69 
91 5 
100 125 
30 1 
17 126 
47 70 
126 99 
67 43 
121 128 
34 59 
31 89 
41 59 
92 96 
102 37 
108 78 
104 92 
97 24 
46 49 
75 106 
107 66 
56 73 
102 36 
2 100 
100 34 
32 66 
31 123 
52 93 
82 4 
21 64 
105 103 
28 71 
106 119 
114 98 
71 20 
100 91 
92 103 
44 72 
111 88 
17 39 
109 122 
31 76 
76 83 
29 33 
100 16 
120 21 
27 4 
61 126 
64 66 
100 36 
37 101 
111 3 
2 23 
120 2 
113 83 
11 5 
46 67 
42 129 
60 112 
80 78 
95 78 
25 99 
21 11 
20 31 
103 26 
85 53 
95 1 
84 74 
18 50 
125 73 
72 63 
52 21 
18 68 
21 108 
128 10 
34 89 
106 74 
96 36 
110 98 
84 98 
113 72 
121 88 
125 27 
61 92 
55 119 
103 119 
6 83 
121 31 
34 41 
100 8 
101 4 
60 109 
33 70 
128 12 
45 59 
121 81 
107 61 
22 121 
90 99 
86 42 
74 11 
81 48 
60 16 
105 111 
129 100 
92 97 
77 84 
42 103 
116 13 
96 24 
59 7 
99 121 
47 129 
9 34 
53 27 
28 95 
27 128 
48 75 
85 60 
86 89 
30 43 
34 75 
63 67 
27 93 
30 91 
106 38 
94 82 
112 40 
19 102 
103 71 
98 72 
92 83 
54 32 
84 79 
16 98 
19 39 
90 84 
81 88 
58 47 
50 11 
109 92 
77 50 
10 68 
38 49 
71 49 
68 113 
116 54 
115 84 
128 89 
87 123 
71 26 
7 41 
77 103 
60 116 
51 121 
80 8 
110 30 
10 14 
92 101 
109 24 
97 125 
75 80 
20 48 
27 21 
89 103 
69 79 
26 58 
39 89 
90 129 
47 11 
4 84 
12 106 
23 51 
49 61 
56 123 
105 19 
83 81 
113 25 
29 6 
79 112 
127 48 
62 98 
9 54 
110 92 
98 24 
99 33 
117 80 
41 87 
86 124 
75 103 
66 29 
76 79 
11 24 
82 13 
22 89 
117 125 
8 79 
79 7 
111 24 
35 68 
107 37 
26 33 
66 6 
87 127 
38 92 
48 37 
90 70 
16 9 
20 124 
129 29 
62 3 
23 67 
56 36 
49 28 
4 68 
99 26 
51 62 
6 22 
43 4 
93 61 
67 19 
70 6 
58 107 
94 67 
58 102 
107 12 
102 69 
93 39 
98 39 
96 97 
27 20 
119 27 
9 78 
52 98 
78 126 
126 65 
83 63 
97 22 
54 76 
72 100 
121 97 
61 78 
100 81 
97 50 
19 35 
118 124 
63 121 
73 82 
126 47 
42 100 
111 59 
129 40 
129 64 
46 116 
31 95 
111 65 
50 69 
101 18 
37 28 
7 128 
72 50 
106 37 
68 39 
6 89 
112 54 
20 28 
37 20 
49 14 
56 59 
48 128 
109 111 
128 62 
54 82 
89 87 
41 29 
5 98 
20 117 
22 45 
83 28 
10 47 
28 50 
120 91 
82 110 
98 13 
114 64 
30 31 
109 68 
38 99 
70 73 
113 86 
77 34 
69 68 
102 5 
36 76 
36 14 
8 93 
125 115 
60 129 
62 66 
92 74 
23 61 
84 22 
40 18 
54 100 
53 90 
32 83 
120 29 
57 60 
19 13 
23 54 
58 14 
64 62 
48 93 
88 1 
121 11 
90 73 
64 103 
77 67 
91 11 
52 90 
123 43 
23 65 
66 118 
101 58 
14 110 
129 65 
109 101 
43 61 
62 94 
119 36 
120 88 
75 3 
68 129 
128 8 
29 14 
21 105 
59 43 
39 106 
96 71 
78 87 
67 68 
126 43 
45 71 
60 51 
128 112 
14 38 
65 25 
13 85 
99 66 
24 5 
123 42 
117 31 
50 45 
108 90 
31 8 
36 63 
72 14 
59 86 
108 95 
41 11 
94 123 
22 12 
103 70 
49 60 
79 64 
80 32 
70 79 
47 62 
65 38 
14 26 
1 15 
7 106 
123 5 
23 115 
66 20 
6 77 
63 95 
33 119 
96 73 
45 94 
69 128 
54 12 
86 11 
73 78 
33 19 
34 124 
46 120 
92 21 
115 40 
87 69 
77 66 
107 67 
106 15 
106 71 
110 77 
108 85 
80 95 
98 82 
65 71 
56 80 
107 27 
45 73 
94 91 
22 8 
80 74 
87 124 
31 99 
58 112 
19 114 
12 27 
121 70 
127 124 
1 86 
93 126 
127 66 
49 20 
23 73 
75 114 
97 69 
7 32 
99 100 
73 15 
109 50 
100 47 
45 49 
103 56 
19 106 
103 101 
41 48 
64 67 
46 86 
49 44 
20 122 
63 15 
32 47 
92 67 
49 90 
114 102 
62 79 
47 13 
30 89 
65 13 
62 41 
95 26 
87 8 
78 76 
18 28 
124 63 
6 75 
57 63 
39 76 
118 11 
15 45 
67 30 
112 74 
33 101 
49 1 
26 37 
66 49 
123 98 
71 59 
51 75 
54 40 
48 14 
119 108 
19 90 
86 22 
128 1 
128 116 
3 5 
77 56 
12 97 
101 30 
65 42 
66 51 
32 115 
38 86 
1 122 
93 7 
57 36 
82 15 
99 29 
11 122 
40 100 
9 102 
91 44 
57 105 
41 47 
36 13 
22 2 
116 124 
4 109 
82 71 
91 2 
129 85 
46 77 
8 51 
119 68 
100 26 
118 86 
29 35 
62 50 
98 76 
105 1 
97 31 
51 17 
75 7 
40 58 
56 3 
38 46 
110 116 
23 107 
56 68 
15 57 
46 73 
101 16 
57 82 
20 13 
39 69 
15 121 
95 117 
23 92 
122 86 
69 54 
58 90 
83 27 
92 33 
121 24 
10 37 
118 48 
53 10 
13 51 
5 107 
119 123 
83 116 
54 55 
41 58 
32 87 
33 82 
14 2 
117 76 
104 22 
10 121 
6 119 
64 5 
13 79 
52 63 
85 33 
12 93 
98 27 
119 95 
13 110 
66 85 
70 112 
126 60 
110 83 
49 50 
28 125 
46 16 
54 78 
110 55 
28 58 
13 32 
15 81 
117 49 
119 5 
114 60 
111 92 
45 100 
23 43 
20 18 
88 98 
91 71 
88 11 
60 93 
83 47 
106 114 
115 102 
90 74 
77 33 
120 86 
78 45 
118 120 
10 70 
125 40 
96 29 
42 43 
2 80 
75 46 
59 113 
94 52 
60 10 
51 59 
91 78 
47 87 
113 39 
127 101 
97 77 
83 25 
114 6 
125 60 
127 85 
66 92 
94 32 
3 52 
40 76 
18 115 
112 127 
51 77 
35 123 
78 35 
12 37 
6 79 
64 113 
49 40 
107 99 
12 18 
70 101 
60 45 
17 129 
101 14 
107 125 
7 8 
15 35 
19 28 
31 23 
99 95 
94 61 
44 12 
15 90 
69 96 
39 122 
40 26 
10 6 
35 47 
126 109 
47 3 
62 21 
84 11 
104 46 
96 79 
80 88 
70 75 
21 121 
84 75 
111 46 
104 82 
96 8 
109 114 
89 105 
12 53 
18 103 
25 45 
108 9 
40 28 
96 30 
89 94 
20 47 
68 72 
86 21 
96 116 
89 96 
28 107 
45 101 
47 85 
46 62 
102 30 
114 10 
122 121 
47 103 
25 73 
128 36 
85 38 
94 80 
42 69 
58 52 
56 61 
6 128 
31 12 
15 78 
34 117 
84 91 
82 29 
9 35 
72 97 
88 94 
33 28 
105 85 
37 1 
105 49 
54 1 
105 28 
94 98 
12 85 
49 42 
87 72 
115 30 
73 21 
28 26 
88 100 
69 24 
107 39 
15 129 
28 75 
105 32 
113 28 
90 110 
105 115 
125 9 
9 90 
82 9 
119 60 
24 110 
44 74 
2 114 
20 77 
3 28 
114 57 
94 117 
57 116 
52 83 
98 36 
35 88 
78 23 
108 128 
40 42 
98 21 
24 40 
91 28 
113 60 
13 6 
24 95 
14 117 
26 108 
44 29 
2 49 
92 128 
91 126 
32 98 
107 88 
39 79 
69 48 
74 82 
8 127 
93 64 
73 103 
78 60 
15 85 
100 74 
112 6 
44 42 
86 92 
118 54 
90 46 
92 32 
12 80 
8 107 
5 46 
31 66 
109 21 
41 64 
114 20 
21 124 
46 87 
110 119 
36 37 
56 93 
83 66 
24 112 
70 13 
34 103 
37 9 
8 62 
1 53 
27 106 
51 18 
124 77 
67 42 
8 98 
104 15 
61 62 
97 98 
104 86 
128 104 
56 4 
75 56 
48 105 
84 33 
96 56 
79 89 
65 88 
26 77 
91 95 
14 77 
17 122 
21 61 
107 51 
11 20 
16 41 
129 71 
111 127 
16 69 
41 5 
118 9 
88 64 
27 15 
110 86 
37 66 
24 64 
33 12 
68 9 
8 72 
112 80 
105 77 
64 91 
53 39 
30 86 
121 111 
78 116 
106 84 
54 90 
41 78 
123 44 
13 99 
75 65 
72 16 
67 119 
111 1 
70 117 
35 20 
117 128 
107 118 
56 106 
129 77 
17 8 
54 11 
37 123 
122 14 
46 12 
6 31 
93 22 
26 10 
23 77 
28 21 
22 87 
126 13 
15 122 
19 107 
84 99 
17 127 
42 51 
103 123 
117 59 
74 110 
37 75 
113 11 
71 78 
65 43 
9 113 
57 21 
27 1 
3 49 
17 46 
68 83 
122 96 
60 124 
96 86 
118 78 
46 27 
73 59 
74 86 
14 84 
87 31 
58 75 
81 74 
31 122 
14 95 
104 75 
43 39 
40 43 
84 81 
30 57 
65 44 
23 10 
89 54 
22 28 
70 100 
43 16 
49 121 
28 30 
51 9 
5 44 
113 3 
50 13 
107 98 
28 116 
88 109 
51 115 
100 102 
35 90 
7 80 
111 118 
73 69 
59 101 
105 122 
63 127 
118 38 
79 67 
122 12 
114 39 
113 85 
64 104 
112 55 
87 73 
29 75 
129 119 
48 28 
37 2 
28 2 
117 113 
19 93 
3 97 
65 79 
46 115 
99 39 
61 82 
48 43 
72 122 
70 126 
129 110 
48 124 
74 121 
45 52 
85 95 
50 116 
14 119 
101 129 
82 14 
66 123 
87 101 
80 31 
105 106 
129 39 
61 64 
49 124 
118 50 
53 87 
20 64 
43 81 
112 13 
30 5 
129 96 
78 21 
53 121 
110 109 
96 126 
43 6 
95 75 
20 121 
8 102 
126 5 
33 86 
32 29 
103 30 
48 88 
89 29 
35 111 
29 77 
29 119 
8 112 
15 80 
125 82 
96 88 
52 30 
46 36 
16 91 
88 54 
87 7 
41 46 
22 49 
102 7 
109 104 
30 94 
101 55 
83 26 
115 17 
94 21 
125 104 
1 103 
34 4 
27 66 
122 83 
118 16 
61 106 
101 46 
51 4 
77 86 
71 123 
30 17 
57 109 
101 100 
58 98 
93 62 
52 66 
57 45 
116 108 
126 8 
4 22 
62 30 
11 125 
84 41 
40 118 
74 16 
83 107 
88 122 
39 74 
123 60 
95 116 
68 28 
87 6 
99 14 
98 46 
13 63 
58 115 
93 95 
107 110 
69 59 
97 119 
126 26 
48 129 
50 10 
51 105 
24 118 
128 88 
24 99 
37 57 
82 28 
74 75 
124 52 
64 3 
45 74 
22 5 
76 6 
85 48 
12 90 
83 62 
94 17 
34 39 
8 122 
58 67 
87 40 
35 81 
114 124 
64 49 
79 15 
15 69 
62 120 
88 37 
81 93 
128 105 
27 51 
109 76 
38 98 
81 44 
67 101 
127 67 
41 98 
90 59 
95 29 
58 72 
92 85 
61 98 
35 97 
80 101 
59 8 
110 81 
11 78 
84 92 
20 74 
19 11 
45 4 
127 6 
28 109 
73 110 
124 123 
13 30 
121 94 
7 96 
18 72 
79 3 
17 35 
51 54 
63 24 
69 92 
97 84 
117 48 
37 71 
32 113 
51 91 
1 6 
9 121 
29 123 
97 93 
84 43 
35 10 
106 57 
94 50 
64 72 
102 126 
29 80 
33 73 
109 39 
111 28 
4 105 
53 70 
105 71 
98 113 
50 108 
80 98 
17 113 
36 53 
108 71 
77 35 
21 100 
95 11 
91 88 
49 41 
19 37 
98 50 
1 59 
49 54 
30 58 
29 15 
7 54 
78 103 
50 7 
6 105 
114 34 
67 45 
108 65 
55 47 
23 3 
31 67 
100 63 
66 104 
32 11 
96 18 
19 127 
87 111 
23 63 
117 88 
127 46 
103 109 
54 92 
20 16 
15 112 
51 56 
115 27 
66 93 
85 72 
27 126 
6 97 
78 42 
26 93 
82 47 
28 92 
32 89 
81 53 
64 30 
51 6 
129 52 
93 119 
63 112 
73 101 
75 101 
64 107 
53 120 
16 121 
116 93 
88 93 
52 29 
60 120 
94 76 
33 105 
58 18 
59 65 
88 44 
64 14 
7 111 
68 75 
104 126 
22 83 
94 19 
21 22 
116 67 
71 99 
57 26 
84 6 
96 4 
63 78 
95 12 
4 16 
25 97 
86 50 
128 46 
103 28 
115 126 
43 115 
118 75 
117 72 
54 42 
72 12 
62 97 
19 95 
25 114 
68 91 
99 106 
58 97 
72 88 
100 94 
1 101 
23 44 
70 91 
72 7 
50 114 
43 37 
74 63 
64 124 
99 10 
65 107 
113 18 
112 9 
73 116 
27 88 
63 29 
66 2 
23 71 
77 128 
70 20 
120 74 
97 89 
18 46 
77 95 
58 2 
7 118 
80 24 
28 67 
7 62 
72 1 
39 21 
119 31 
18 129 
24 16 
106 46 
113 118 
59 3 
17 101 
33 3 
57 54 
91 24 
88 50 
16 32 
55 128 
59 49 
129 33 
117 93 
82 62 
71 36 
2 104 
25 37 
72 35 
104 31 
121 41 
75 115 
49 81 
8 55 
30 6 
83 124 
35 109 
53 82 
89 64 
40 117 
126 48 
92 119 
25 127 
113 115 
116 114 
62 122 
15 86 
124 94 
5 99 
42 87 
29 101 
112 108 
92 93 
5 97 
121 83 
101 38 
88 47 
54 48 
91 121 
67 53 
30 3 
48 5 
15 124 
64 116 
59 125 
83 57 
38 15 
6 115 
89 9 
79 20 
52 103 
126 25 
66 65 
51 128 
120 107 
31 85 
78 48 
3 29 
52 74 
51 80 
102 39 
50 93 
121 75 
93 9 
42 62 
104 23 
26 75 
110 11 
8 121 
23 27 
108 25 
61 60 
69 100 
64 40 
59 110 
66 18 
13 118 
50 44 
56 1 
14 111 
50 99 
104 102 
49 84 
39 78 
29 5 
101 93 
88 2 
60 19 
61 32 
73 72 
74 7 
42 31 
51 123 
30 35 
23 18 
86 75 
62 45 
26 92 
50 112 
122 54 
109 75 
124 37 
15 48 
18 121 
62 20 
110 7 
27 61 
43 56 
100 31 
52 87 
51 29 
93 51 
67 112 
41 19 
115 124 
124 4 
47 50 
66 22 
45 46 
64 23 
29 46 
76 125 
71 87 
96 113 
61 5 
10 104 
11 120 
125 96 
101 85 
74 104 
90 48 
51 100 
121 86 
124 36 
120 106 
76 11 
50 79 
8 16 
82 99 
116 104 
66 72 
35 45 
26 86 
15 55 
49 11 
11 128 
38 27 
122 57 
100 96 
4 31 
110 64 
20 115 
14 81 
2 107 
118 99 
109 6 
38 20 
117 71 
15 58 
126 7 
127 28 
16 49 
97 70 
32 19 
122 100 
55 34 
58 25 
100 79 
48 106 
2 112 
11 12 
68 111 
39 64 
102 60 
55 81 
97 91 
75 88 
89 14 
129 72 
53 127 
23 98 
87 92 
91 103 
25 44 
55 92 
99 93 
66 53 
72 46 
65 5 
15 11 
105 88 
25 74 
22 88 
54 24 
46 64 
36 87 
75 78 
66 34 
82 42 
117 75 
17 123 
94 8 
119 112 
21 77 
110 28 
48 35 
33 91 
80 6 
67 61 
50 46 
29 94 
7 3 
120 108 
94 95 
84 95 
18 24 
42 2 
43 118 
67 74 
115 123 
62 54 
20 103 
97 8 
43 98 
23 48 
10 38 
105 67 
2 119 
85 77 
73 18 
58 20 
17 21 
71 88 
49 63 
109 27 
70 128 
4 89 
111 78 
88 84 
35 71 
89 28 
33 16 
80 14 
41 54 
31 72 
47 53 
10 123 
53 116 
43 88 
93 10 
32 39 
116 99 
28 79 
75 116 
6 46 
52 49 
28 4 
111 25 
15 20 
43 45 
99 76 
113 38 
127 21 
55 99 
28 32 
22 35 
88 73 
126 119 
82 34 
38 122 
101 6 
8 82 
12 78 
18 57 
94 1 
55 94 
119 127 
43 66 
122 97 
49 103 
102 32 
53 31 
17 1 
20 54 
1 26 
2 123 
56 19 
102 13 
63 128 
39 55 
81 128 
53 78 
57 65 
125 32 
94 38 
115 79 
46 68 
47 128 
103 24 
122 58 
90 64 
33 64 
95 128 
10 72 
83 33 
83 60 
12 15 
33 69 
63 118 
29 85 
87 35 
122 129 
6 47 
106 60 
86 129 
44 77 
94 12 
120 4 
53 13 
30 29 
118 55 
44 55 
15 113 
122 23 
127 97 
6 96 
104 103 
58 126 
110 108 
76 104 
98 109 
9 98 
93 41 
30 41 
98 116 
32 48 
120 3 
49 30 
53 29 
98 55 
128 126 
123 6 
20 126 
103 80 
85 94 
104 69 
55 1 
127 102 
88 46 
35 127 
128 41 
44 33 
7 88 
105 13 
4 39 
11 31 
123 46 
68 30 
65 91 
88 13 
112 68 
64 52 
117 109 
92 24 
9 114 
45 96 
24 82 
2 39 
2 82 
85 98 
51 15 
65 86 
18 25 
58 61 
64 2 
72 70 
107 26 
104 77 
2 110 
126 95 
55 32 
72 60 
12 84 
38 129 
41 104 
99 80 
65 29 
95 36 
124 39 
55 11 
8 36 
63 102 
108 2 
119 10 
90 127 
113 14 
85 73 
68 117 
65 77 
95 96 
39 35 
49 6 
16 73 
95 3 
106 22 
74 125 
30 124 
53 79 
35 4 
106 58 
33 115 
40 36 
96 59 
91 128 
40 62 
80 18 
50 29 
57 93 
81 96 
16 30 
74 87 
112 82 
116 21 
114 80 
3 122 
28 86 
54 50 
45 21 
45 34 
113 42 
13 104 
47 97 
16 19 
49 32 
118 128 
50 36 
77 118 
1 48 
38 104 
106 44 
105 20 
117 16 
58 88 
124 81 
7 58 
100 109 
123 26 
64 43 
112 125 
90 78 
82 10 
80 54 
50 32 
42 32 
79 87 
46 108 
103 58 
2 94 
2 36 
3 105 
117 50 
91 22 
6 16 
92 125 
40 82 
61 69 
117 92 
72 116 
30 54 
107 115 
77 38 
120 109 
69 95 
43 69 
16 29 
74 85 
55 62 
77 71 
118 94 
2 34 
94 24 
106 93 
3 109 
74 89 
38 74 
96 54 
87 99 
11 22 
30 129 
103 54 
11 51 
15 32 
78 99 
45 97 
34 47 
11 46 
87 100 
48 7 
113 19 
111 76 
99 54 
35 6 
13 26 
21 69 
123 107 
44 16 
59 81 
17 13 
16 123 
101 99 
101 43 
125 119 
119 122 
81 79 
53 23 
21 12 
29 38 
4 108 
61 55 
39 9 
28 100 
46 107 
54 31 
51 127 
79 54 
125 23 
125 54 
72 39 
68 70 
49 99 
23 52 
90 16 
125 62 
77 15 
23 40 
99 67 
72 61 
17 85 
93 69 
59 85 
75 52 
28 88 
52 10 
11 29 
112 30 
83 58 
47 116 
40 32 
86 39 
86 60 
62 95 
103 74 
50 58 
113 120 
109 72 
80 107 
90 122 
72 90 
123 117 
115 89 
79 57 
56 125 
84 16 
53 106 
3 76 
53 118 
65 67 
47 9 
38 66 
34 71 
120 92 
74 122 
88 79 
49 33 
57 117 
129 13 
16 80 
27 19 
76 26 
128 35 
126 16 
50 12 
18 95 
47 12 
60 6 
13 117 
81 34 
117 11 
80 108 
121 25 
114 31 
115 59 
75 33 
113 2 
5 92 
41 20 
119 77 
114 118 
89 107 
33 35 
70 3 
103 53 
110 112 
29 122 
111 42 
125 43 
105 101 
104 113 
68 29 
25 75 
25 15 
36 25 
82 108 
71 110 
14 67 
91 60 
84 37 
45 102 
26 94 
46 129 
48 98 
66 98 
11 23 
123 89 
24 45 
23 84 
5 79 
96 14 
43 41 
102 4 
12 51 
5 32 
47 118 
109 125 
86 27 
3 2 
6 117 
79 71 
61 6 
102 110 
51 61 
91 50 
4 112 
125 57 
69 105 
49 76 
52 116 
16 26 
34 78 
85 99 
60 89 
5 109 
82 76 
128 120 
86 103 
7 12 
102 62 
51 65 
41 110 
3 27 
52 24 
103 50 
57 68 
110 9 
39 105 
82 88 
95 9 
58 13 
124 73 
6 5 
114 128 
29 36 
38 2 
114 11 
49 69 
116 115 
105 42 
115 119 
27 101 
115 13 
94 116 
126 72 
116 120 
91 14 
20 55 
10 83 
52 54 
81 77 
56 38 
84 110 
122 13 
52 86 
92 107 
87 62 
125 30 
99 36 
27 5 
111 27 
78 20 
92 64 
31 35 
108 57 
88 51 
26 115 
112 105 
85 51 
97 113 
36 107 
108 13 
86 61 
74 61 
72 105 
122 84 
31 24 
13 39 
103 57 
69 66 
85 9 
101 116 
108 127 
37 53 
66 4 
119 76 
103 65 
129 2 
41 71 
48 108 
8 66 
8 99 
78 58 
57 32 
69 5 
59 33 
49 126 
85 83 
113 65 
19 26 
67 55 
28 118 
63 108 
127 3 
23 36 
70 49 
40 101 
76 74 
101 120 
10 80 
32 6 
16 75 
10 92 
106 20 
26 52 
4 46 
124 85 
114 111 
121 92 
80 69 
105 50 
3 12 
35 84 
61 28 
126 40 
38 112 
4 81 
77 24 
64 32 
33 87 
71 115 
24 85 
21 14 
118 79 
66 10 
128 61 
44 59 
52 69 
77 80 
59 128 
11 16 
62 52 
79 94 
33 20 
114 58 
106 77 
21 81 
81 18 
17 28 
84 80 
80 36 
64 86 
41 102 
67 7 
41 91 
12 68 
61 119 
108 115 
91 54 
20 125 
12 60 
62 2 
85 82 
129 22 
102 28 
54 6 
119 28 
95 27 
18 39 
114 42 
67 34 
112 106 
38 17 
39 77 
13 43 
57 120 
83 7 
78 56 
5 39 
18 62 
64 56 
28 14 
108 68 
65 48 
51 111 
100 89 
17 87 
61 105 
49 53 
6 106 
115 12 
81 102 
107 49 
121 116 
16 70 
4 103 
97 86 
33 56 
39 23 
107 119 
47 54 
124 26 
50 102 
45 90 
24 15 
110 4 
99 60 
16 65 
2 81 
99 74 
16 102 
116 106 
124 88 
86 62 
80 13 
71 85 
53 102 
15 9 
25 87 
78 5 
36 105 
79 63 
27 105 
79 35 
36 72 
69 40 
57 78 
55 127 
37 3 
119 30 
1 32 
76 5 
93 86 
100 75 
2 92 
107 35 
125 51 
96 37 
83 79 
47 84 
67 20 
77 123 
129 115 
89 58 
70 29 
64 77 
3 129 
119 90 
106 124 
13 97 
3 38 
48 97 
37 72 
1 64 
116 7 
28 76 
40 34 
97 59 
10 44 
115 78 
98 90 
7 98 
110 34 
129 102 
103 90 
11 2 
31 13 
24 10 
9 81 
18 49 
3 125 
78 113 
52 16 
116 90 
104 45 
34 24 
10 29 
37 77 
73 109 
106 102 
89 8 
62 76 
72 27 
21 87 
2 25 
55 76 
116 3 
56 12 
37 87 
91 125 
10 25 
64 105 
10 1 
7 37 
13 2 
30 87 
56 6 
126 107 
120 44 
112 25 
78 110 
10 126 
3 16 
66 101 
120 114 
4 50 
94 58 
100 46 
122 75 
77 1 
124 14 
74 33 
1 91 
77 82 
2 46 
92 80 
118 34 
29 106 
81 19 
82 52 
76 35 
40 61 
96 11 
10 33 
83 100 
48 46 
105 95 
72 74 
25 43 
49 27 
60 8 
119 83 
70 57 
74 41 
69 115 
36 44 
102 10 
45 117 
30 123 
89 51 
94 101 
2 116 
39 10 
57 123 
9 63 
38 23 
114 14 
33 21 
125 13 
42 85 
128 54 
12 35 
73 39 
70 15 
61 103 
86 49 
17 68 
24 90 
84 27 
81 24 
82 90 
35 64 
20 109 
56 127 
37 111 
105 18 
41 77 
125 49 
65 60 
47 37 
125 110 
59 84 
38 78 
111 86 
27 17 
46 83 
10 31 
24 19 
99 6 
5 106 
38 31 
97 44 
6 67 
129 94 
113 16 
20 104 
129 25 
4 85 
81 71 
105 96 
49 113 
127 115 
32 20 
51 67 
14 42 
53 128 
128 31 
94 49 
91 122 
125 33 
57 90 
127 24 
50 21 
72 91 
72 89 
96 118 
77 36 
81 36 
88 74 
33 15 
7 97 
80 3 
6 59 
40 65 
86 57 
113 121 
73 40 
76 112 
31 83 
40 70 
89 91 
123 52 
49 12 
22 34 
75 89 
15 76 
22 32 
76 14 
17 108 
24 29 
5 45 
95 110 
22 50 
55 126 
56 44 
24 79 
60 50 
26 111 
101 60 
66 11 
106 49 
43 52 
66 90 
55 83 
92 4 
71 38 
63 53 
93 75 
52 101 
71 18 
15 19 
108 53 
111 61 
26 62 
1 115 
27 114 
13 41 
72 5 
97 28 
43 75 
18 125 
72 101 
122 45 
25 48 
106 59 
80 83 
31 129 
25 63 
89 38 
57 61 
39 66 
35 102 
61 29 
81 28 
105 83 
128 40 
108 20 
7 119 
76 69 
65 27 
106 36 
9 1 
39 60 
41 97 
46 56 
93 82 
28 9 
106 104 
129 82 
108 125 
103 120 
61 44 
96 103 
118 74 
36 75 
125 55 
65 1 
55 121 
12 87 
97 60 
40 103 
19 2 
71 84 
45 55 
123 3 
81 10 
121 102 
91 82 
11 98 
59 15 
35 65 
20 24 
38 115 
3 63 
91 109 
123 104 
116 29 
58 16 
54 123 
64 125 
110 12 
17 44 
85 76 
101 36 
103 5 
82 126 
80 5 
92 49 
17 65 
98 71 
8 113 
24 30 
71 33 
108 16 
79 107 
56 108 
110 106 
98 18 
91 107 
25 23 
10 86 
45 92 
57 126 
66 48 
127 59 
64 74 
117 32 
109 55 
36 94 
27 123 
28 85 
61 118 
92 70 
28 101 
106 40 
99 20 
120 40 
128 38 
24 68 
9 107 
112 57 
102 89 
23 30 
106 86 
20 97 
52 106 
97 23 
68 8 
129 23 
70 41 
102 15 
92 112 
10 40 
106 91 
67 113 
109 80 
120 94 
110 126 
75 22 
39 20 
18 124 
102 57 
119 54 
37 11 
10 100 
43 50 
26 116 
117 2 
80 44 
42 38 
108 58 
69 111 
19 118 
38 76 
111 64 
106 65 
129 10 
26 4 
119 51 
95 102 
74 6 
50 89 
13 78 
46 57 
35 54 
1 82 
60 34 
29 7 
81 94 
12 5 
88 90 
90 104 
47 27 
95 34 
59 98 
67 12 
74 49 
93 84 
59 119 
99 123 
40 66 
32 10 
4 128 
83 40 
122 44 
48 21 
3 17 
120 124 
95 55 
27 71 
93 109 
123 122 
18 85 
115 68 
6 41 
39 29 
33 54 
44 51 
37 68 
70 62 
34 25 
26 110 
24 73 
106 31 
98 63 
55 21 
129 61 
94 74 
108 113 
87 34 
32 119 
24 56 
109 124 
3 90 
24 57 
65 28 
52 61 
29 25 
42 116 
55 105 
32 95 
44 112 
79 111 
27 63 
51 20 
2 72 
71 76 
24 1 
59 40 
14 88 
97 51 
53 8 
45 9 
126 53 
118 88 
71 25 
59 58 
104 43 
40 8 
20 102 
107 96 
37 52 
75 13 
50 39 
29 72 
48 123 
81 40 
24 42 
53 54 
51 47 
8 71 
19 38 
121 124 
84 125 
56 83 
81 119 
91 15 
52 110 
93 114 
95 4 
97 120 
124 92 
117 47 
123 22 
78 28 
8 81 
115 76 
23 127 
20 75 
112 129 
22 14 
38 121 
46 114 
116 62 
70 98 
81 118 
89 71 
48 8 
50 70 
98 125 
18 13 
7 65 
78 120 
7 38 
42 98 
74 54 
64 115 
69 110 
61 54 
32 76 
76 68 
125 35 
64 22 
122 126 
59 83 
73 20 
36 41 
2 105 
14 47 
119 91 
58 62 
103 2 
75 129 
16 5 
128 37 
91 10 
80 81 
79 37 
109 79 
3 99 
24 115 
81 12 
99 79 
61 123 
72 112 
7 104 
97 63 
50 3 
111 49 
82 109 
86 44 
61 7 
63 89 
108 66 
86 123 
54 44 
25 46 
55 63 
15 120 
89 119 
95 92 
50 16 
80 22 
53 98 
73 114 
18 10 
68 88 
124 46 
33 120 
2 50 
6 27 
35 24 
42 29 
8 73 
103 15 
5 40 
27 32 
107 128 
115 114 
58 48 
20 128 
108 104 
100 78 
56 28 
30 69 
79 51 
53 117 
23 26 
26 51 
72 6 
14 121 
67 1 
21 65 
9 46 
52 32 
122 66 
44 41 
114 78 
89 127 
120 17 
109 69 
84 51 
93 73 
36 1 
10 116 
94 77 
104 73 
113 24 
63 41 
71 92 
19 110 
119 46 
60 59 
1 19 
118 25 
83 88 
24 107 
97 4 
64 84 
106 85 
20 6 
105 16 
5 73 
28 11 
110 76 
22 43 
128 21 
84 118 
120 38 
59 78 
45 76 
15 5 
127 86 
40 6 
121 47 
44 84 
114 21 
51 3 
65 109 
33 9 
80 28 
103 63 
4 65 
105 43 
29 34 
82 44 
96 28 
62 33 
49 82 
88 38 
101 31 
109 33 
62 129 
63 47 
9 23 
81 20 
124 75 
85 88 
50 66 
118 93 
92 16 
35 82 
40 68 
49 55 
81 64 
118 57 
13 120 
55 89 
108 27 
38 40 
12 82 
103 66 
72 65 
46 37 
8 24 
104 12 
107 71 
70 118 
79 1 
32 97 
122 113 
95 89 
85 46 
44 67 
78 65 
114 22 
122 48 
12 111 
39 47 
54 27 
9 79 
97 34 
55 86 
103 76 
29 69 
32 34 
3 14 
120 58 
21 8 
105 56 
6 94 
89 69 
29 88 
8 91 
86 88 
43 5 
112 53 
46 103 
31 57 
26 90 
98 60 
59 42 
66 14 
124 71 
46 43 
95 82 
32 75 
46 97 
45 85 
106 63 
101 118 
73 61 
63 93 
40 11 
8 34 
36 70 
115 73 
120 100 
62 78 
122 89 
8 6 
114 33 
116 44 
97 128 
26 15 
50 74 
45 70 
73 128 
62 5 
83 4 
122 71 
93 79 
117 1 
108 1 
32 62 
20 17 
41 45 
48 18 
15 53 
47 16 
47 124 
48 6 
47 30 
117 122 
118 45 
110 63 
115 120 
96 38 
122 112 
38 34 
98 1 
129 98 
109 106 
15 46 
84 73 
93 74 
55 46 
100 112 
108 93 
24 104 
81 31 
7 114 
119 11 
98 77 
84 67 
74 28 
127 103 
91 7 
120 45 
44 7 
11 109 
9 10 
108 10 
26 101 
128 9 
90 7 
121 42 
39 94 
96 111 
108 83 
110 121 
61 2 
85 5 
114 3 
69 13 
25 88 
83 123 
45 23 
109 85 
62 22 
48 57 
75 111 
57 17 
67 48 
4 100 
6 78 
79 40 
32 129 
114 15 
123 28 
37 45 
81 127 
15 40 
83 44 
85 8 
23 93 
37 21 
56 31 
9 104 
128 16 
11 85 
39 33 
69 22 
9 2 
3 101 
120 119 
68 53 
124 43 
121 112 
45 77 
119 19 
126 75 
31 50 
74 35 
123 92 
17 67 
84 96 
68 92 
87 58 
67 81 
104 95 
99 4 
12 48 
101 117 
31 86 
75 35 
56 72 
102 31 
5 129 
71 31 
74 30 
27 70 
113 22 
71 60 
74 102 
63 1 
84 32 
104 88 
18 78 
73 57 
45 18 
8 25 
69 118 
15 18 
115 74 
5 111 
38 125 
128 99 
107 111 
51 14 
18 122 
98 57 
20 120 
4 55 
20 50 
74 77 
102 61 
21 26 
22 92 
89 80 
21 79 
103 33 
122 61 
126 41 
34 15 
58 49 
68 96 
27 124 
32 110 
99 102 
81 75 
7 51 
97 109 
89 106 
59 22 
27 100 
76 101 
106 10 
6 62 
90 71 
124 59 
7 68 
129 87 
119 53 
118 56 
39 88 
116 88 
102 33 
84 29 
60 7 
126 28 
54 56 
91 112 
79 44 
33 37 
50 121 
41 32 
119 4 
77 114 
117 115 
116 100 
47 2 
18 94 
64 15 
71 70 
107 54 
23 88 
5 54 
12 105 
90 25 
24 43 
111 116 
123 106 
118 15 
42 39 
84 109 
55 60 
18 114 
126 56 
65 31 
56 57 
9 50 
8 27 
14 106 
92 52 
126 127 
124 8 
65 49 
127 50 
16 71 
119 82 
4 36 
36 5 
97 37 
108 94 
9 91 
27 69 
124 2 
66 67 
98 44 
18 21 
102 17 
76 24 
18 47 
15 71 
114 81 
22 94 
17 53 
51 32 
31 103 
14 62 
59 17 
86 8 
125 124 
94 78 
128 14 
98 54 
96 21 
87 59 
123 111 
73 44 
47 23 
108 62 
75 57 
39 104 
95 54 
87 126 
103 11 
85 39 
13 12 
113 26 
16 12 
21 117 
97 102 
10 27 
9 120 
54 127 
60 80 
107 73 
50 33 
129 109 
53 32 
86 71 
88 9 
7 27 
90 2 
51 31 
62 110 
83 99 
129 7 
122 50 
118 116 
9 38 
64 106 
106 11 
26 84 
48 89 
76 121 
63 16 
7 31 
65 53 
