126 4960 
115 272 192 192 20 295 146 194 298 258 34 76 263 202 16 299 179 169 155 8 77 34 157 231 62 126 207 26 292 239 42 82 114 216 286 188 283 216 205 100 124 240 174 166 280 114 209 228 217 47 221 77 261 281 215 25 104 92 145 103 239 14 250 110 34 157 232 70 80 192 160 176 149 50 60 169 105 113 136 22 96 111 201 261 287 242 154 97 25 138 246 279 20 13 117 158 205 251 116 277 65 268 217 137 217 62 119 179 20 109 67 89 244 154 243 30 78 178 17 53 168 176 297 47 112 48 
103 90 
41 115 
43 30 
112 24 
62 78 
72 119 
102 69 
54 39 
68 37 
26 53 
57 89 
80 59 
82 7 
74 38 
75 27 
11 55 
91 65 
122 15 
90 29 
73 87 
91 18 
65 37 
15 82 
29 116 
121 46 
41 88 
107 3 
8 102 
50 126 
70 102 
48 45 
126 70 
107 117 
18 79 
18 55 
62 99 
70 105 
60 29 
102 1 
85 70 
8 11 
65 94 
74 14 
23 104 
77 23 
63 79 
90 59 
46 14 
94 87 
63 78 
45 85 
31 82 
80 27 
80 15 
37 73 
24 90 
37 67 
87 44 
43 17 
17 126 
124 116 
25 27 
84 72 
36 9 
104 113 
8 20 
17 1 
118 95 
90 109 
75 97 
37 103 
23 11 
80 30 
9 13 
28 15 
66 126 
89 53 
16 117 
95 56 
10 112 
38 102 
23 59 
94 48 
64 45 
90 96 
11 101 
67 70 
122 69 
104 69 
122 90 
83 69 
9 45 
70 9 
46 115 
35 70 
85 25 
7 33 
37 32 
23 13 
17 52 
82 40 
107 36 
19 88 
17 55 
42 23 
22 42 
79 50 
123 115 
82 79 
63 124 
109 47 
34 25 
78 23 
76 73 
63 55 
73 21 
85 72 
17 78 
52 29 
101 19 
42 12 
10 18 
101 122 
58 18 
35 32 
83 102 
57 67 
11 75 
50 91 
71 108 
107 56 
104 13 
101 75 
108 114 
12 67 
1 32 
95 4 
115 93 
19 4 
111 32 
35 82 
16 83 
14 78 
102 120 
104 35 
120 65 
65 9 
44 80 
49 102 
77 56 
93 23 
89 41 
77 18 
41 107 
55 105 
118 82 
91 106 
53 72 
2 12 
115 72 
60 99 
102 5 
64 34 
59 2 
21 75 
16 18 
1 101 
39 123 
7 45 
104 92 
40 112 
34 120 
31 89 
99 1 
74 98 
121 86 
80 33 
76 34 
120 38 
15 111 
123 13 
121 87 
50 58 
95 5 
116 8 
78 95 
19 5 
66 20 
25 51 
86 79 
113 26 
9 112 
33 105 
49 118 
78 6 
34 91 
76 5 
125 25 
64 5 
119 16 
9 5 
20 59 
62 100 
72 104 
55 101 
104 53 
20 41 
16 125 
75 112 
85 61 
109 57 
46 78 
58 40 
29 93 
55 114 
61 1 
65 97 
99 102 
31 57 
4 120 
104 61 
117 24 
57 1 
88 119 
74 88 
66 107 
17 16 
56 97 
21 100 
45 34 
84 15 
117 35 
84 126 
32 29 
17 41 
78 18 
24 6 
16 14 
22 81 
51 56 
82 1 
48 49 
119 68 
123 65 
108 69 
93 15 
92 125 
26 13 
112 50 
125 6 
66 59 
39 35 
91 107 
121 106 
33 100 
65 117 
90 18 
126 124 
52 7 
48 1 
17 70 
30 40 
22 115 
61 120 
80 10 
50 53 
113 66 
99 50 
93 114 
86 110 
89 78 
23 47 
80 29 
96 126 
33 5 
89 15 
104 76 
91 35 
6 44 
65 80 
113 79 
65 16 
53 86 
99 39 
37 13 
26 47 
122 4 
102 47 
50 116 
5 55 
75 60 
98 120 
6 63 
117 96 
108 120 
82 106 
4 52 
36 125 
112 100 
27 103 
79 42 
56 31 
110 94 
123 45 
34 21 
103 8 
61 59 
110 56 
99 46 
114 41 
69 16 
31 60 
87 85 
26 94 
95 30 
87 17 
105 40 
6 20 
111 64 
49 57 
84 101 
5 105 
19 55 
99 37 
26 60 
1 76 
60 110 
56 69 
55 78 
88 24 
74 86 
80 98 
53 59 
55 29 
89 63 
21 1 
101 115 
87 14 
110 121 
46 80 
55 116 
55 35 
99 38 
112 58 
67 56 
93 20 
62 65 
101 40 
108 125 
78 109 
96 78 
81 28 
107 110 
72 65 
91 10 
77 9 
65 109 
84 33 
70 31 
45 87 
59 16 
79 75 
98 47 
20 84 
87 119 
62 117 
13 105 
58 30 
121 125 
76 25 
16 9 
28 62 
52 16 
76 102 
64 1 
57 59 
115 56 
107 95 
102 29 
123 83 
10 81 
49 63 
125 54 
101 57 
46 31 
72 116 
86 60 
7 35 
35 112 
113 4 
34 4 
94 7 
96 36 
35 3 
22 32 
118 26 
115 24 
105 6 
117 38 
19 99 
107 10 
93 76 
13 99 
99 58 
125 3 
57 88 
47 82 
3 36 
56 21 
49 117 
39 62 
43 89 
48 78 
34 57 
39 65 
5 46 
111 63 
5 20 
110 44 
37 26 
66 121 
73 115 
100 2 
39 19 
42 47 
103 18 
114 97 
74 72 
105 88 
91 98 
96 38 
5 106 
100 5 
123 55 
27 49 
35 21 
18 14 
20 2 
119 33 
47 58 
76 99 
51 110 
30 27 
51 35 
81 118 
81 38 
2 109 
69 58 
47 77 
62 93 
43 44 
113 35 
81 3 
118 53 
8 90 
89 61 
38 47 
82 78 
107 85 
13 14 
45 39 
62 121 
44 7 
81 46 
56 1 
110 73 
97 13 
108 126 
97 25 
85 126 
102 92 
3 50 
46 123 
123 32 
1 6 
52 107 
51 66 
112 1 
6 119 
47 99 
97 33 
3 108 
105 74 
58 28 
125 33 
115 9 
24 32 
126 76 
98 102 
120 97 
63 66 
22 82 
23 94 
103 97 
123 79 
90 55 
50 43 
65 113 
86 114 
60 90 
103 99 
28 56 
91 102 
112 5 
93 72 
32 94 
75 15 
118 121 
31 121 
9 23 
37 70 
76 55 
47 40 
5 8 
5 73 
86 49 
65 98 
54 119 
16 63 
114 11 
115 8 
84 29 
68 116 
104 118 
106 31 
117 21 
122 125 
38 8 
77 88 
86 17 
30 122 
13 51 
26 102 
62 23 
113 33 
106 42 
71 37 
60 69 
9 44 
102 73 
7 54 
17 94 
87 79 
44 62 
97 7 
107 40 
109 50 
97 23 
103 51 
70 68 
30 106 
103 35 
24 97 
95 57 
39 121 
61 25 
51 76 
39 102 
86 67 
126 14 
115 5 
49 18 
120 68 
102 64 
6 30 
41 46 
20 76 
104 22 
94 98 
64 48 
85 62 
6 46 
69 106 
47 8 
21 79 
97 92 
39 64 
79 65 
18 7 
48 60 
23 52 
19 58 
21 43 
70 15 
94 77 
6 25 
123 27 
38 6 
25 1 
100 24 
116 32 
103 87 
29 82 
46 114 
67 59 
22 4 
9 83 
57 12 
78 50 
27 40 
120 87 
105 30 
10 73 
25 38 
73 114 
1 105 
118 102 
100 97 
45 37 
36 72 
107 57 
120 101 
77 12 
52 48 
111 120 
13 107 
36 22 
17 113 
19 40 
107 100 
70 89 
5 22 
69 34 
68 13 
54 49 
38 20 
95 33 
10 122 
21 23 
107 80 
122 98 
102 7 
28 66 
118 37 
101 62 
113 125 
126 63 
17 36 
98 88 
53 121 
53 20 
80 109 
16 84 
25 110 
98 83 
15 7 
109 21 
62 47 
120 58 
111 85 
85 3 
104 81 
16 86 
7 57 
83 47 
78 66 
81 83 
88 61 
7 113 
76 24 
88 44 
46 62 
68 79 
42 78 
62 86 
26 106 
8 56 
14 57 
43 74 
97 61 
81 23 
69 47 
10 24 
60 92 
43 52 
24 65 
16 95 
116 54 
54 124 
55 36 
101 51 
38 40 
74 111 
116 86 
61 19 
44 49 
15 13 
1 73 
121 61 
9 59 
88 9 
31 93 
49 89 
3 102 
49 30 
34 84 
71 74 
63 54 
91 80 
64 6 
81 66 
88 96 
16 104 
50 104 
111 26 
73 53 
46 52 
67 114 
68 25 
61 101 
76 117 
25 117 
9 71 
106 98 
101 123 
61 108 
11 26 
74 84 
21 12 
66 84 
90 123 
103 96 
52 84 
62 5 
1 91 
31 74 
91 79 
79 64 
33 58 
24 23 
24 79 
97 47 
43 65 
2 121 
68 105 
66 125 
85 21 
48 119 
98 3 
12 125 
111 100 
120 53 
28 9 
67 48 
18 5 
36 119 
109 63 
71 60 
90 52 
72 52 
105 53 
102 124 
18 122 
122 34 
58 88 
16 113 
65 29 
116 27 
105 2 
75 113 
92 83 
32 50 
52 61 
83 80 
35 31 
47 87 
53 90 
23 57 
65 58 
109 19 
106 94 
27 43 
88 59 
110 79 
67 14 
121 112 
73 109 
89 14 
92 48 
49 75 
115 125 
13 83 
119 69 
91 39 
39 61 
67 28 
42 117 
86 122 
126 81 
62 69 
81 110 
63 5 
22 6 
17 60 
3 109 
68 89 
100 82 
56 82 
43 13 
3 47 
125 95 
70 51 
54 6 
33 37 
9 113 
5 118 
82 89 
76 69 
93 45 
116 30 
65 68 
36 50 
118 79 
41 84 
20 114 
49 111 
5 114 
95 105 
60 42 
69 13 
100 91 
114 89 
10 120 
87 76 
98 58 
3 42 
22 29 
13 54 
40 59 
87 24 
32 74 
56 105 
26 1 
5 13 
17 28 
68 84 
8 25 
4 9 
64 93 
108 22 
94 104 
112 42 
102 20 
62 103 
51 109 
23 74 
88 90 
91 46 
102 78 
43 47 
34 115 
34 24 
108 119 
40 106 
117 39 
47 28 
51 111 
99 105 
95 75 
76 53 
78 107 
78 64 
63 21 
109 72 
92 38 
8 22 
73 118 
120 54 
20 92 
65 14 
11 48 
3 71 
119 15 
22 56 
91 3 
30 32 
77 44 
63 41 
14 75 
58 90 
44 26 
24 27 
47 110 
91 81 
34 97 
94 60 
80 51 
106 27 
104 30 
45 21 
51 57 
121 6 
117 17 
112 12 
46 30 
64 71 
117 30 
71 8 
38 34 
109 124 
77 4 
79 84 
70 63 
6 68 
67 5 
65 23 
30 34 
95 122 
30 47 
78 70 
2 6 
11 95 
118 8 
16 8 
38 72 
16 40 
81 7 
91 40 
102 57 
88 92 
96 108 
85 32 
116 11 
60 5 
18 125 
33 34 
13 75 
104 11 
33 98 
29 20 
116 42 
123 102 
126 74 
4 118 
93 34 
24 47 
111 21 
104 9 
30 22 
32 17 
49 78 
117 94 
99 90 
84 85 
119 85 
19 95 
58 117 
118 42 
90 74 
110 5 
3 43 
54 67 
41 123 
33 87 
29 91 
93 7 
61 118 
16 81 
18 57 
84 96 
122 9 
32 112 
93 108 
29 120 
18 40 
90 98 
60 56 
111 38 
2 28 
89 18 
69 84 
2 71 
86 66 
7 43 
112 29 
18 15 
68 73 
32 118 
50 22 
4 60 
66 117 
16 36 
26 110 
109 45 
66 83 
125 89 
8 31 
4 31 
22 89 
79 57 
79 37 
89 29 
27 57 
33 61 
60 76 
97 51 
33 107 
65 105 
93 63 
55 8 
90 102 
7 115 
62 4 
31 2 
74 46 
6 85 
21 18 
39 27 
47 36 
115 69 
79 15 
11 28 
107 26 
1 104 
72 90 
42 99 
21 118 
93 124 
41 45 
35 5 
116 61 
8 61 
53 2 
91 14 
72 105 
20 30 
89 59 
77 2 
40 113 
106 32 
57 70 
33 57 
88 4 
7 19 
113 85 
7 84 
76 49 
70 28 
60 112 
126 59 
125 73 
2 8 
53 124 
117 52 
41 113 
62 43 
52 39 
14 3 
88 83 
75 84 
76 13 
40 119 
5 65 
22 114 
24 48 
54 38 
55 91 
100 123 
84 125 
9 118 
50 49 
15 121 
98 123 
36 87 
67 55 
38 123 
26 14 
92 47 
40 51 
102 53 
116 73 
56 112 
30 41 
69 11 
102 66 
105 125 
85 54 
12 7 
111 126 
123 10 
95 28 
23 2 
10 114 
25 15 
73 95 
68 8 
118 94 
41 119 
8 50 
21 52 
97 8 
14 106 
90 2 
122 17 
24 78 
77 30 
88 53 
69 41 
108 18 
47 2 
75 110 
124 13 
71 110 
54 115 
30 90 
126 6 
83 76 
24 22 
115 122 
108 111 
5 108 
111 40 
78 116 
73 36 
8 52 
86 31 
55 27 
31 104 
110 116 
62 34 
44 79 
110 74 
88 34 
1 20 
38 16 
86 44 
41 98 
6 60 
70 96 
75 107 
33 3 
44 3 
96 16 
107 94 
93 104 
59 44 
101 34 
50 118 
125 87 
12 56 
75 116 
80 40 
73 42 
86 59 
87 106 
7 17 
29 1 
25 113 
110 39 
63 115 
7 108 
110 123 
4 105 
70 42 
91 17 
100 42 
20 75 
66 101 
110 37 
3 30 
24 85 
95 1 
95 77 
5 94 
13 113 
7 73 
25 90 
37 43 
47 46 
98 14 
98 87 
49 52 
47 53 
61 117 
60 21 
91 43 
68 51 
46 126 
41 4 
102 109 
116 58 
35 24 
25 84 
29 79 
40 64 
90 91 
7 29 
65 51 
10 87 
93 61 
3 105 
43 103 
114 91 
48 100 
9 34 
71 88 
63 60 
65 100 
103 14 
43 48 
45 124 
30 55 
18 96 
120 96 
113 2 
67 15 
45 44 
110 30 
124 125 
117 80 
32 110 
28 90 
75 76 
36 117 
89 112 
14 19 
32 121 
11 24 
124 35 
21 105 
75 54 
64 81 
86 21 
9 72 
119 96 
6 116 
19 69 
27 125 
34 6 
75 91 
49 4 
22 74 
70 33 
57 32 
108 36 
19 8 
25 66 
27 118 
102 18 
38 56 
27 52 
81 80 
32 119 
126 51 
62 56 
126 23 
59 96 
105 62 
57 73 
14 7 
98 4 
48 117 
21 13 
68 48 
41 16 
76 66 
51 118 
110 114 
26 82 
115 37 
27 20 
80 126 
52 104 
67 65 
37 113 
26 120 
29 35 
110 52 
125 112 
10 75 
79 100 
1 38 
64 58 
54 101 
42 89 
19 23 
20 78 
54 64 
115 13 
85 39 
54 5 
124 12 
15 14 
21 29 
21 57 
125 104 
68 20 
37 101 
45 28 
80 14 
86 119 
113 115 
108 102 
60 117 
58 42 
89 79 
70 11 
9 80 
121 122 
63 110 
71 26 
69 70 
116 46 
74 63 
32 68 
94 109 
46 104 
2 48 
125 78 
92 15 
122 27 
99 28 
58 111 
28 51 
79 119 
67 43 
27 61 
14 108 
31 19 
54 117 
85 74 
100 63 
107 76 
50 34 
2 55 
24 51 
101 44 
46 93 
94 111 
54 80 
25 124 
115 51 
71 73 
45 19 
105 22 
47 105 
55 70 
12 83 
68 117 
43 99 
60 51 
85 59 
14 31 
27 42 
120 48 
70 5 
110 115 
42 102 
33 81 
68 17 
83 70 
20 116 
6 28 
115 71 
103 118 
28 42 
115 70 
22 119 
121 45 
73 94 
99 6 
62 79 
67 26 
74 13 
67 4 
50 42 
80 123 
19 114 
38 125 
89 120 
20 34 
63 119 
85 18 
123 124 
16 4 
75 115 
7 50 
55 57 
28 78 
83 43 
53 63 
114 37 
3 68 
112 27 
68 61 
14 112 
98 113 
60 87 
29 39 
42 103 
94 42 
113 3 
94 4 
39 124 
80 48 
19 121 
107 29 
50 108 
110 64 
4 47 
15 65 
33 94 
97 119 
102 58 
111 82 
104 65 
118 111 
71 49 
106 115 
126 60 
50 70 
20 3 
95 36 
111 76 
121 93 
4 112 
70 117 
48 14 
77 27 
99 66 
114 60 
8 14 
122 62 
105 48 
36 67 
5 71 
43 102 
35 90 
82 71 
19 21 
66 13 
73 31 
14 82 
5 98 
6 15 
12 66 
38 94 
106 49 
6 71 
73 40 
107 79 
78 83 
3 99 
15 27 
124 80 
58 10 
69 103 
102 9 
67 40 
6 114 
115 68 
30 16 
120 63 
95 41 
20 113 
48 61 
126 37 
64 77 
77 97 
25 95 
23 90 
28 115 
87 102 
122 82 
115 99 
25 116 
38 101 
10 68 
77 74 
90 79 
125 70 
88 78 
29 27 
103 76 
91 118 
122 67 
26 28 
33 41 
82 121 
65 17 
117 37 
79 69 
68 94 
16 118 
59 17 
55 58 
82 61 
62 51 
82 95 
18 81 
14 81 
79 81 
38 52 
124 17 
13 109 
4 92 
115 29 
54 44 
103 26 
73 81 
3 48 
15 66 
110 41 
124 58 
8 114 
10 86 
31 94 
42 109 
24 92 
70 27 
26 116 
120 106 
61 3 
112 71 
49 108 
87 71 
103 119 
42 83 
118 10 
68 95 
46 56 
48 15 
69 59 
86 115 
93 84 
114 100 
29 59 
60 93 
89 30 
54 48 
89 97 
15 55 
27 113 
52 103 
50 6 
67 18 
85 121 
63 99 
32 23 
67 9 
107 42 
14 85 
36 32 
52 5 
23 80 
102 116 
10 56 
3 64 
74 24 
53 7 
102 41 
48 62 
40 2 
64 117 
54 73 
92 40 
45 71 
46 40 
50 76 
69 53 
117 78 
125 31 
64 55 
74 11 
32 53 
28 121 
122 3 
91 13 
97 16 
56 14 
43 59 
29 24 
105 106 
54 69 
115 92 
16 54 
55 20 
51 7 
60 15 
29 110 
34 79 
72 31 
99 11 
9 1 
49 65 
90 47 
55 102 
65 34 
77 83 
44 57 
36 20 
110 38 
9 96 
95 50 
83 32 
82 49 
38 18 
14 84 
104 106 
70 53 
119 99 
31 49 
123 93 
54 72 
70 116 
44 126 
56 70 
12 107 
30 12 
90 116 
43 69 
55 73 
50 66 
103 82 
89 104 
54 65 
75 100 
111 67 
82 17 
73 113 
27 111 
6 36 
123 117 
115 102 
27 46 
8 106 
78 53 
2 42 
54 113 
30 118 
91 38 
22 67 
78 84 
24 4 
98 70 
17 54 
12 34 
103 19 
86 3 
79 4 
57 38 
25 30 
92 8 
100 47 
21 44 
75 72 
121 14 
20 103 
92 65 
68 108 
2 63 
53 74 
46 43 
99 61 
99 124 
46 112 
41 62 
96 57 
95 40 
43 100 
27 44 
72 96 
49 120 
37 102 
21 5 
66 14 
98 78 
87 92 
40 42 
62 109 
53 54 
27 38 
110 112 
116 49 
58 27 
101 53 
46 94 
4 53 
95 119 
13 58 
69 94 
54 78 
91 110 
38 22 
54 52 
43 42 
25 70 
89 58 
77 37 
73 98 
46 55 
40 49 
36 94 
70 54 
123 60 
70 26 
24 2 
6 72 
40 85 
12 74 
67 64 
23 111 
49 3 
109 15 
81 78 
51 22 
12 123 
113 106 
96 104 
4 97 
49 61 
78 110 
8 34 
109 48 
96 19 
95 87 
93 26 
18 65 
17 12 
22 40 
110 28 
89 96 
91 126 
45 59 
33 39 
33 27 
124 65 
108 26 
18 64 
34 74 
13 92 
38 65 
13 35 
123 78 
36 63 
67 17 
33 112 
86 22 
19 79 
24 66 
117 40 
80 71 
112 92 
14 62 
84 58 
49 115 
1 113 
17 118 
22 109 
33 104 
50 19 
103 75 
4 102 
51 23 
113 31 
122 76 
111 75 
103 67 
2 10 
71 55 
35 76 
79 40 
78 1 
11 37 
20 31 
23 79 
108 44 
63 17 
18 20 
13 89 
21 113 
86 69 
98 8 
89 110 
65 20 
48 99 
26 4 
52 113 
9 41 
50 105 
68 39 
93 53 
37 21 
84 123 
37 98 
69 20 
54 55 
90 117 
36 82 
3 66 
9 69 
73 104 
84 45 
60 84 
114 88 
84 10 
52 34 
124 5 
103 58 
96 30 
33 28 
31 21 
9 21 
11 79 
101 56 
95 96 
70 101 
15 62 
31 43 
54 107 
93 65 
75 125 
80 60 
82 104 
54 68 
113 121 
93 103 
115 20 
47 48 
114 112 
74 91 
106 71 
2 78 
55 103 
47 64 
60 19 
80 114 
30 57 
114 54 
88 23 
29 108 
11 59 
84 18 
73 123 
34 82 
114 16 
86 83 
16 75 
99 89 
36 114 
101 102 
54 36 
102 122 
57 11 
87 13 
55 107 
6 67 
86 5 
83 117 
9 103 
61 42 
120 82 
34 121 
28 63 
113 36 
110 77 
48 118 
126 10 
87 31 
121 90 
118 29 
20 48 
96 26 
69 40 
123 9 
34 32 
82 83 
6 73 
58 107 
80 49 
24 41 
107 61 
105 44 
64 65 
12 116 
106 107 
70 4 
89 51 
31 63 
87 100 
28 55 
49 39 
104 124 
96 46 
109 23 
39 84 
61 44 
110 70 
73 33 
28 93 
61 6 
74 96 
40 1 
119 5 
107 96 
69 31 
49 101 
110 33 
123 70 
57 35 
105 41 
106 28 
126 61 
88 11 
81 93 
15 124 
122 59 
90 33 
3 104 
26 25 
21 24 
69 65 
1 60 
83 8 
122 36 
123 75 
69 81 
92 95 
73 111 
4 103 
117 87 
120 18 
115 104 
96 93 
55 51 
94 10 
100 27 
18 11 
115 52 
119 111 
50 14 
68 18 
75 105 
22 121 
5 2 
112 52 
71 4 
11 125 
42 93 
82 42 
105 35 
35 63 
80 16 
111 106 
22 31 
51 30 
88 110 
114 69 
56 47 
125 65 
44 40 
64 2 
62 22 
89 62 
63 113 
119 24 
38 55 
2 44 
13 24 
15 110 
98 100 
46 66 
110 99 
51 77 
32 96 
8 74 
111 96 
104 126 
104 45 
33 91 
82 115 
59 82 
13 114 
82 8 
70 13 
63 37 
92 82 
47 95 
60 23 
22 47 
75 90 
51 2 
84 8 
82 6 
11 46 
93 2 
40 110 
28 7 
62 82 
17 85 
88 40 
1 110 
81 4 
115 35 
55 87 
30 52 
95 108 
78 104 
117 3 
16 50 
47 72 
39 37 
24 53 
123 112 
8 15 
17 83 
8 113 
64 108 
110 53 
91 119 
106 35 
19 12 
11 126 
59 91 
75 78 
45 115 
41 87 
35 23 
116 64 
117 7 
120 93 
16 88 
115 58 
93 22 
98 7 
55 82 
109 104 
96 52 
96 123 
67 81 
5 43 
64 14 
116 65 
86 112 
44 84 
109 75 
88 120 
18 37 
90 77 
70 82 
28 24 
57 8 
40 84 
121 65 
81 109 
41 103 
53 108 
71 85 
48 59 
118 19 
16 22 
103 122 
92 71 
121 108 
114 85 
103 70 
107 6 
94 50 
111 115 
114 76 
82 98 
108 10 
53 52 
105 80 
123 40 
26 64 
82 21 
85 60 
74 123 
60 30 
20 44 
26 54 
78 71 
39 96 
101 114 
93 24 
56 125 
88 116 
114 29 
65 70 
125 116 
6 96 
15 24 
13 17 
20 13 
99 123 
123 105 
32 125 
5 49 
3 73 
34 46 
95 7 
7 106 
71 91 
3 88 
108 84 
81 99 
28 22 
16 124 
115 74 
120 60 
74 125 
23 102 
117 81 
117 97 
102 84 
111 37 
62 3 
25 81 
80 67 
76 95 
38 11 
3 27 
115 96 
30 62 
36 35 
68 78 
38 49 
64 66 
67 97 
83 40 
103 47 
38 78 
2 61 
101 25 
94 63 
125 86 
53 80 
73 18 
7 26 
50 37 
118 86 
33 20 
42 63 
25 37 
113 100 
19 108 
75 89 
1 8 
94 53 
13 1 
98 92 
122 91 
76 48 
89 66 
90 22 
67 119 
90 41 
66 33 
115 62 
87 72 
20 21 
31 1 
76 80 
62 27 
97 121 
42 88 
35 12 
100 94 
91 70 
20 80 
23 36 
103 64 
73 103 
17 93 
23 103 
98 81 
124 103 
101 29 
58 70 
106 99 
16 71 
2 30 
99 94 
87 20 
50 69 
124 100 
25 93 
53 81 
3 124 
92 21 
6 113 
54 66 
101 47 
9 24 
102 19 
113 81 
84 70 
17 21 
9 101 
42 104 
97 72 
27 93 
91 53 
104 7 
57 118 
8 23 
31 16 
1 125 
1 43 
47 35 
117 74 
89 24 
55 10 
111 60 
46 119 
118 115 
58 26 
111 83 
54 79 
94 92 
111 22 
23 64 
9 8 
17 24 
36 40 
3 106 
21 77 
57 114 
107 125 
13 95 
90 119 
97 83 
36 92 
4 72 
11 5 
71 103 
93 105 
55 115 
13 80 
53 112 
69 17 
16 46 
87 83 
9 93 
82 77 
76 6 
33 75 
109 101 
95 100 
69 14 
119 1 
11 36 
93 111 
74 64 
46 107 
88 60 
54 112 
23 108 
24 57 
22 37 
21 119 
32 104 
62 107 
122 56 
106 34 
66 55 
36 84 
33 117 
29 10 
62 68 
120 71 
10 106 
111 59 
94 123 
35 62 
96 114 
23 85 
94 102 
45 35 
96 85 
8 30 
115 64 
42 90 
68 69 
88 50 
108 97 
83 124 
100 68 
42 69 
126 29 
118 55 
91 88 
69 105 
55 56 
41 50 
114 17 
113 110 
22 2 
124 98 
61 30 
17 99 
71 90 
28 18 
23 116 
60 79 
8 79 
22 91 
63 33 
85 42 
89 3 
81 101 
74 97 
103 31 
50 123 
76 85 
44 72 
5 26 
20 40 
15 45 
5 90 
55 52 
57 71 
6 110 
96 11 
8 120 
125 72 
26 57 
50 4 
76 37 
49 22 
34 75 
76 16 
94 80 
55 1 
104 27 
23 117 
108 45 
68 125 
77 34 
28 52 
10 28 
125 20 
99 22 
12 121 
114 24 
90 4 
17 101 
97 90 
105 110 
27 94 
51 75 
72 25 
119 114 
75 26 
115 60 
18 27 
81 88 
56 87 
47 116 
68 101 
38 89 
8 96 
5 116 
26 6 
108 1 
64 68 
77 24 
18 94 
37 61 
114 74 
88 113 
83 29 
13 60 
17 23 
101 35 
96 20 
67 66 
73 69 
72 49 
44 36 
119 70 
92 26 
72 62 
25 103 
115 3 
123 36 
125 5 
91 66 
109 122 
81 45 
123 122 
57 65 
47 52 
101 3 
51 116 
47 85 
87 66 
74 7 
75 7 
93 4 
99 5 
93 69 
105 49 
24 64 
89 32 
124 88 
46 58 
67 21 
78 74 
84 50 
98 77 
86 88 
83 109 
12 50 
56 65 
123 121 
118 1 
92 113 
13 79 
31 91 
37 16 
95 80 
43 92 
58 34 
123 119 
98 103 
33 121 
42 31 
75 28 
17 46 
114 64 
31 114 
85 80 
17 115 
62 31 
26 56 
62 106 
41 7 
116 104 
22 87 
51 27 
90 63 
52 2 
44 5 
125 43 
54 8 
26 20 
125 119 
8 17 
97 44 
18 59 
3 75 
112 11 
51 92 
104 97 
14 71 
35 88 
118 120 
103 72 
89 119 
40 89 
68 85 
64 12 
43 72 
97 21 
2 37 
10 48 
29 121 
19 63 
56 45 
23 30 
36 126 
73 4 
69 82 
31 84 
39 6 
5 72 
83 60 
29 124 
108 15 
68 126 
34 67 
20 10 
103 1 
25 57 
56 120 
94 72 
65 12 
3 28 
120 20 
11 42 
95 9 
58 8 
63 18 
72 32 
28 43 
11 107 
96 98 
62 2 
51 8 
48 27 
55 79 
28 30 
37 74 
123 109 
66 68 
24 38 
85 35 
22 48 
123 104 
30 86 
45 12 
89 23 
31 117 
50 27 
6 94 
2 102 
59 8 
69 80 
98 15 
36 39 
125 103 
23 68 
59 117 
62 90 
88 8 
40 29 
113 14 
40 62 
47 63 
103 112 
13 117 
79 10 
24 103 
95 8 
23 124 
119 10 
37 52 
82 65 
15 118 
57 124 
22 60 
2 103 
116 118 
38 121 
109 46 
80 47 
34 126 
78 21 
50 90 
11 100 
34 66 
14 10 
38 43 
4 3 
71 124 
83 37 
56 44 
13 30 
52 13 
108 73 
68 92 
73 79 
77 41 
71 94 
25 49 
6 32 
125 10 
80 26 
60 113 
57 39 
39 25 
83 58 
52 31 
64 10 
99 98 
106 48 
85 11 
122 7 
106 74 
67 38 
107 43 
53 25 
115 126 
66 112 
104 56 
21 65 
35 100 
15 107 
3 120 
111 13 
119 12 
36 62 
39 88 
59 58 
78 27 
35 121 
76 77 
78 103 
122 60 
66 2 
115 65 
33 102 
107 7 
16 3 
35 22 
99 118 
60 39 
92 33 
79 14 
111 11 
96 80 
25 55 
58 44 
19 93 
34 71 
121 56 
52 111 
87 30 
100 52 
93 1 
52 85 
35 34 
50 92 
53 61 
55 77 
4 36 
117 6 
49 23 
7 66 
91 84 
79 67 
31 25 
46 108 
92 30 
53 60 
41 82 
122 74 
8 46 
113 10 
110 118 
3 53 
51 34 
114 56 
76 92 
123 8 
32 124 
30 33 
22 64 
6 58 
25 23 
112 26 
32 52 
87 5 
31 92 
68 36 
71 123 
24 118 
62 81 
18 54 
40 37 
102 40 
34 17 
18 35 
21 61 
119 37 
90 61 
22 75 
117 32 
98 26 
102 16 
22 21 
32 14 
30 78 
3 39 
78 52 
17 56 
105 96 
82 102 
106 15 
75 19 
113 93 
44 104 
58 51 
86 19 
107 74 
104 57 
98 19 
52 41 
109 32 
36 90 
81 44 
52 98 
113 12 
42 51 
80 1 
53 66 
87 74 
122 14 
115 105 
17 79 
13 125 
23 15 
100 99 
38 30 
23 75 
27 105 
41 71 
7 32 
22 13 
83 15 
32 87 
50 110 
113 123 
58 49 
78 47 
65 46 
100 103 
28 102 
67 116 
81 122 
103 40 
42 45 
82 48 
106 65 
103 107 
113 47 
42 67 
28 89 
32 79 
90 87 
12 106 
53 103 
51 54 
51 29 
92 6 
9 73 
4 126 
99 36 
51 72 
109 116 
20 25 
15 40 
38 45 
107 87 
124 120 
81 29 
15 103 
29 28 
24 86 
22 3 
120 80 
70 21 
47 37 
48 26 
57 126 
27 92 
28 85 
11 103 
44 89 
119 94 
94 54 
34 3 
107 28 
86 50 
37 41 
2 3 
116 97 
51 43 
125 29 
60 73 
33 108 
73 52 
106 16 
69 26 
119 17 
28 118 
67 71 
85 22 
75 43 
32 13 
126 26 
125 52 
92 91 
21 14 
107 86 
60 54 
28 25 
34 118 
7 63 
39 47 
64 62 
74 103 
123 59 
116 60 
100 118 
71 10 
123 44 
46 29 
28 35 
111 90 
78 33 
80 35 
27 69 
94 84 
55 12 
105 94 
8 117 
87 53 
30 108 
81 31 
104 48 
101 30 
78 9 
82 32 
97 32 
90 94 
124 92 
81 89 
19 52 
45 1 
16 93 
111 84 
101 4 
115 31 
62 37 
119 57 
62 50 
30 112 
107 92 
59 51 
92 101 
84 113 
41 10 
58 119 
35 69 
76 10 
49 110 
52 92 
92 25 
101 10 
45 68 
52 93 
12 117 
39 20 
77 120 
4 13 
32 105 
55 94 
40 14 
77 35 
19 80 
22 14 
88 31 
56 119 
124 38 
9 81 
98 68 
39 81 
70 71 
125 109 
108 94 
36 97 
54 46 
34 11 
108 118 
3 94 
49 45 
121 78 
54 100 
121 107 
15 71 
73 80 
72 23 
35 98 
104 15 
36 80 
80 97 
29 36 
103 48 
92 105 
58 11 
91 27 
69 39 
63 15 
119 75 
101 95 
15 32 
106 108 
44 24 
80 106 
44 47 
122 58 
109 25 
106 97 
4 38 
22 44 
54 37 
18 76 
71 89 
106 89 
23 96 
126 88 
89 37 
30 121 
47 29 
6 122 
111 125 
113 96 
55 122 
56 80 
54 22 
9 43 
81 102 
75 37 
45 91 
96 122 
31 105 
18 86 
77 5 
113 111 
109 12 
20 56 
38 116 
14 49 
114 71 
117 41 
83 41 
9 22 
42 119 
117 56 
20 95 
21 93 
42 7 
23 67 
85 99 
21 27 
28 57 
104 79 
50 97 
57 2 
45 114 
2 1 
13 82 
42 1 
45 62 
108 78 
122 89 
69 123 
74 93 
57 19 
48 17 
54 61 
64 49 
105 102 
73 97 
76 120 
71 96 
46 124 
111 14 
125 83 
99 87 
38 50 
32 26 
24 69 
116 63 
32 75 
26 73 
43 101 
47 34 
11 45 
30 18 
97 99 
37 46 
100 37 
3 5 
86 108 
7 67 
104 101 
13 108 
79 126 
112 65 
118 46 
122 92 
28 36 
32 43 
91 5 
7 48 
64 83 
69 4 
91 2 
82 116 
64 28 
30 7 
36 93 
33 93 
28 27 
57 56 
73 12 
121 47 
96 92 
98 32 
54 90 
35 53 
81 94 
11 13 
18 29 
30 123 
114 42 
103 3 
15 105 
16 91 
95 70 
38 118 
121 11 
22 72 
89 20 
1 98 
93 80 
99 20 
35 92 
74 113 
75 35 
55 9 
36 25 
91 62 
101 98 
10 44 
16 115 
34 1 
20 121 
15 46 
12 95 
18 115 
80 112 
115 12 
32 100 
123 25 
9 114 
94 35 
64 90 
100 20 
36 8 
77 104 
53 96 
3 72 
37 72 
3 25 
98 18 
58 61 
8 111 
72 110 
55 47 
23 66 
113 46 
22 77 
111 86 
25 122 
12 103 
2 76 
26 49 
106 46 
58 43 
51 83 
13 65 
2 60 
92 54 
28 98 
51 37 
111 71 
68 53 
42 120 
35 111 
12 13 
99 12 
42 96 
114 121 
109 120 
53 99 
64 50 
108 32 
30 98 
84 114 
102 114 
26 22 
121 83 
55 100 
95 124 
115 124 
83 79 
74 56 
81 55 
95 34 
86 39 
47 7 
66 26 
83 35 
46 84 
111 79 
59 75 
56 54 
115 103 
77 79 
121 68 
59 124 
92 49 
3 116 
39 32 
124 34 
67 68 
66 73 
63 125 
95 38 
36 33 
101 69 
99 64 
50 61 
68 90 
106 125 
93 35 
69 32 
20 54 
53 41 
116 103 
42 4 
19 116 
71 81 
40 108 
107 82 
93 97 
2 88 
12 105 
93 75 
11 47 
31 61 
124 20 
121 117 
85 102 
91 19 
21 80 
117 101 
119 98 
116 52 
79 1 
94 75 
50 117 
116 43 
75 83 
120 84 
115 98 
34 39 
121 109 
69 92 
11 83 
20 81 
56 53 
60 49 
52 88 
34 37 
91 121 
6 115 
66 62 
31 76 
46 4 
27 16 
63 14 
11 122 
83 1 
46 7 
27 120 
24 113 
36 106 
102 106 
73 101 
1 46 
15 90 
43 34 
71 122 
70 94 
3 26 
82 81 
59 36 
35 67 
66 44 
112 61 
17 110 
124 7 
18 110 
99 45 
25 43 
62 125 
20 88 
74 68 
27 65 
54 9 
7 79 
98 62 
39 101 
70 22 
14 1 
101 28 
55 74 
41 34 
116 99 
68 63 
125 46 
48 33 
46 89 
77 14 
36 7 
125 49 
90 9 
47 79 
72 24 
25 42 
118 84 
36 121 
2 107 
66 94 
51 85 
9 120 
47 111 
60 8 
85 78 
103 111 
49 73 
53 79 
118 72 
52 3 
30 113 
64 38 
37 19 
112 45 
25 10 
35 2 
74 92 
8 75 
54 93 
38 46 
98 104 
119 9 
3 40 
59 63 
51 64 
78 59 
83 18 
116 119 
11 50 
60 57 
103 56 
69 121 
59 52 
51 36 
77 75 
8 76 
94 120 
4 86 
43 109 
10 26 
118 125 
2 29 
104 119 
50 85 
2 67 
74 67 
56 91 
5 12 
14 115 
37 64 
60 36 
45 105 
85 83 
47 75 
103 44 
25 96 
39 71 
53 48 
68 15 
64 60 
120 11 
68 42 
112 37 
10 103 
90 92 
18 66 
75 124 
44 23 
31 5 
16 11 
92 116 
114 12 
79 103 
21 16 
65 44 
101 89 
101 113 
25 56 
21 6 
89 8 
17 40 
34 100 
112 99 
12 60 
85 116 
121 54 
105 82 
27 108 
111 107 
99 29 
125 80 
28 54 
64 112 
80 100 
80 72 
60 65 
15 96 
91 42 
78 41 
1 97 
87 109 
112 82 
60 55 
100 125 
95 69 
2 125 
38 44 
105 107 
18 97 
18 22 
52 95 
118 44 
86 77 
58 93 
94 103 
90 104 
26 125 
27 19 
1 96 
120 116 
25 13 
103 117 
102 56 
61 84 
6 33 
55 41 
113 77 
86 13 
35 8 
105 85 
85 26 
31 78 
122 31 
32 63 
45 46 
22 118 
86 104 
104 28 
31 29 
120 105 
33 49 
36 57 
109 27 
89 121 
66 85 
126 112 
95 17 
61 18 
34 98 
124 55 
94 82 
125 44 
10 7 
70 113 
50 54 
72 2 
97 43 
73 85 
53 71 
35 38 
121 40 
75 53 
126 58 
43 66 
33 1 
25 74 
114 78 
5 66 
36 76 
76 61 
49 69 
79 93 
105 81 
78 43 
99 111 
12 27 
3 100 
6 48 
107 47 
39 55 
50 121 
124 94 
96 116 
66 69 
71 79 
38 71 
108 31 
78 10 
69 88 
66 82 
56 34 
62 11 
43 87 
123 3 
34 111 
25 50 
49 87 
11 41 
29 76 
91 94 
48 93 
8 94 
69 118 
8 24 
61 67 
26 90 
77 107 
48 57 
70 124 
16 58 
108 6 
53 5 
44 119 
71 97 
31 112 
50 1 
50 81 
60 70 
121 18 
113 42 
57 105 
35 27 
50 28 
67 60 
10 57 
117 119 
93 67 
45 52 
17 77 
1 122 
43 45 
120 33 
104 105 
20 91 
87 18 
63 67 
40 12 
2 65 
45 94 
94 126 
98 79 
35 109 
63 117 
28 69 
122 70 
29 8 
13 119 
108 17 
29 34 
95 18 
66 77 
44 68 
59 14 
102 17 
21 62 
49 24 
97 82 
15 97 
98 110 
7 86 
52 56 
61 123 
73 106 
64 32 
116 57 
124 108 
98 6 
62 7 
88 87 
54 43 
60 121 
73 19 
2 17 
98 72 
109 86 
87 111 
107 67 
56 50 
109 16 
109 18 
63 22 
7 68 
72 69 
63 112 
78 11 
91 15 
47 117 
32 120 
93 101 
84 88 
62 25 
63 73 
100 84 
115 42 
107 72 
97 45 
10 99 
39 30 
39 106 
72 39 
53 97 
76 113 
64 101 
126 105 
107 99 
58 35 
10 49 
17 42 
19 47 
49 16 
59 5 
24 71 
86 55 
118 119 
93 44 
77 103 
60 18 
70 100 
119 71 
83 114 
82 96 
90 76 
14 11 
25 87 
108 67 
13 16 
63 95 
2 92 
77 93 
43 41 
15 73 
40 33 
107 98 
68 99 
37 91 
23 14 
106 85 
57 29 
126 77 
91 124 
66 124 
39 11 
56 37 
20 98 
115 77 
99 30 
7 96 
4 17 
77 32 
106 29 
126 52 
105 71 
88 21 
17 30 
1 51 
27 81 
81 100 
49 88 
68 22 
87 104 
96 87 
21 40 
35 42 
125 22 
6 52 
7 3 
92 18 
18 75 
120 50 
13 72 
82 28 
60 41 
104 26 
19 20 
126 32 
56 73 
51 6 
84 82 
40 32 
81 49 
108 122 
20 101 
113 56 
3 82 
18 107 
110 48 
2 19 
30 56 
78 90 
22 116 
111 104 
22 27 
101 13 
92 44 
30 91 
118 33 
101 91 
125 45 
116 101 
40 116 
70 80 
39 44 
26 89 
85 93 
11 29 
100 92 
40 86 
107 63 
86 99 
86 82 
22 71 
85 109 
15 31 
38 109 
124 84 
22 17 
77 71 
90 114 
76 108 
21 7 
16 64 
26 124 
35 97 
73 14 
13 98 
37 44 
11 76 
113 80 
86 84 
68 123 
73 35 
77 11 
101 27 
66 38 
17 31 
33 103 
38 76 
91 115 
100 40 
31 98 
104 88 
77 19 
97 28 
8 48 
19 126 
41 79 
107 71 
99 80 
87 11 
114 27 
20 79 
69 29 
22 69 
69 125 
87 48 
71 125 
83 27 
113 51 
42 125 
51 50 
9 94 
54 74 
56 43 
90 27 
25 69 
19 94 
72 78 
9 109 
93 78 
42 33 
55 43 
96 28 
41 15 
7 31 
42 9 
27 71 
123 57 
100 93 
115 47 
50 65 
112 118 
112 105 
43 114 
86 20 
62 6 
45 100 
25 82 
68 11 
56 116 
63 3 
28 79 
104 107 
79 94 
1 27 
71 101 
85 90 
113 117 
3 29 
49 93 
56 93 
100 30 
48 32 
112 81 
23 119 
28 32 
63 84 
120 21 
95 31 
73 72 
23 27 
95 102 
88 108 
88 125 
66 97 
71 113 
47 125 
48 96 
19 120 
103 39 
87 63 
60 105 
42 98 
70 41 
2 46 
26 55 
27 17 
37 42 
83 50 
31 9 
104 12 
45 98 
24 123 
117 111 
107 45 
35 49 
123 53 
76 56 
111 91 
85 91 
72 8 
98 108 
38 9 
24 42 
77 68 
116 45 
122 41 
68 29 
22 103 
8 93 
102 126 
91 69 
89 55 
31 126 
41 126 
53 9 
64 31 
63 10 
2 14 
125 37 
52 120 
95 51 
126 20 
86 46 
86 97 
60 103 
22 100 
81 106 
29 94 
110 65 
26 46 
72 77 
78 76 
41 101 
88 89 
22 95 
60 74 
8 80 
41 73 
81 21 
102 104 
96 60 
83 31 
117 120 
119 92 
14 95 
120 40 
2 41 
67 77 
12 43 
39 24 
43 70 
32 92 
26 81 
112 93 
110 59 
35 52 
63 98 
2 54 
88 94 
9 68 
79 48 
20 111 
84 87 
37 121 
9 52 
47 81 
66 106 
7 76 
112 23 
123 64 
20 94 
26 86 
4 56 
67 102 
93 109 
76 72 
106 20 
48 36 
10 90 
49 100 
125 58 
11 113 
28 125 
49 96 
126 87 
62 53 
103 65 
28 83 
121 119 
126 97 
54 14 
4 114 
76 26 
79 61 
23 69 
67 13 
4 84 
20 51 
111 72 
29 33 
82 80 
50 96 
21 66 
80 42 
65 28 
39 109 
114 26 
93 59 
98 29 
39 28 
16 62 
10 46 
60 98 
93 57 
108 117 
14 99 
67 100 
71 44 
72 67 
61 102 
77 70 
61 24 
116 31 
50 77 
97 46 
95 94 
83 74 
15 9 
44 52 
3 58 
98 46 
50 59 
26 21 
61 100 
115 116 
29 15 
60 25 
75 99 
126 99 
23 48 
49 29 
62 87 
91 25 
97 88 
3 60 
10 40 
1 39 
117 92 
31 37 
96 24 
96 118 
15 2 
36 12 
110 14 
63 96 
37 8 
69 21 
111 3 
119 49 
113 68 
81 124 
121 81 
61 122 
52 82 
64 107 
110 24 
117 20 
107 90 
97 81 
61 72 
108 62 
120 45 
37 87 
73 64 
63 29 
51 94 
22 92 
77 59 
31 44 
43 60 
58 32 
102 86 
111 98 
83 54 
7 109 
116 28 
30 14 
13 100 
17 105 
42 34 
79 30 
63 97 
27 73 
3 46 
83 100 
77 61 
1 90 
106 116 
15 10 
39 112 
67 53 
83 61 
87 12 
38 98 
66 31 
106 64 
3 32 
1 75 
109 56 
85 53 
18 6 
9 20 
8 108 
59 70 
110 103 
114 126 
126 33 
120 126 
29 75 
21 38 
101 97 
50 2 
106 1 
45 25 
111 92 
108 60 
74 15 
93 70 
21 102 
87 6 
58 22 
83 110 
68 43 
49 46 
105 28 
108 81 
122 26 
41 99 
57 82 
25 33 
68 114 
105 66 
94 13 
117 29 
51 79 
72 48 
104 100 
4 121 
122 12 
119 61 
88 1 
6 124 
35 44 
126 90 
5 79 
7 126 
93 30 
33 59 
58 57 
125 99 
7 80 
29 123 
38 58 
111 112 
81 72 
54 109 
33 109 
117 9 
93 122 
84 89 
9 97 
76 32 
14 42 
15 53 
104 5 
66 108 
21 114 
94 37 
40 35 
90 106 
71 118 
32 61 
29 78 
51 3 
38 31 
36 56 
15 49 
11 123 
58 81 
16 19 
58 29 
57 20 
79 6 
112 102 
23 122 
100 16 
43 95 
82 119 
7 24 
92 84 
63 38 
21 103 
111 31 
6 86 
14 100 
118 41 
49 19 
55 98 
25 104 
36 66 
61 40 
26 36 
88 99 
79 59 
59 15 
112 17 
90 112 
70 108 
53 11 
26 18 
115 119 
52 123 
101 67 
51 21 
122 97 
2 106 
112 85 
44 112 
47 89 
49 84 
31 68 
83 56 
86 93 
33 88 
21 76 
27 96 
93 47 
13 57 
62 19 
43 11 
106 110 
43 73 
8 53 
82 12 
29 88 
98 126 
45 26 
52 25 
96 40 
18 112 
114 38 
55 59 
107 24 
94 41 
103 95 
125 81 
50 113 
93 38 
13 44 
47 114 
12 14 
52 122 
109 112 
53 22 
53 58 
86 34 
113 124 
28 68 
51 71 
116 81 
39 76 
56 2 
70 2 
102 89 
72 57 
49 2 
1 111 
23 105 
77 31 
45 122 
63 61 
23 7 
77 42 
23 82 
105 58 
97 125 
18 19 
41 56 
106 122 
60 58 
59 42 
63 103 
29 62 
14 116 
103 92 
84 56 
4 107 
86 2 
109 4 
120 5 
52 81 
72 29 
101 107 
53 116 
51 14 
120 125 
20 74 
104 103 
55 50 
29 6 
43 2 
109 8 
44 53 
42 21 
46 12 
110 104 
95 58 
74 69 
83 116 
118 78 
29 17 
101 31 
40 6 
34 110 
75 48 
116 39 
13 55 
113 87 
58 118 
1 121 
114 34 
7 88 
17 72 
89 92 
68 102 
115 32 
99 92 
44 14 
98 12 
114 109 
55 4 
108 116 
37 106 
126 64 
64 96 
112 69 
48 123 
58 5 
63 56 
22 124 
62 92 
50 100 
14 109 
76 65 
39 95 
34 92 
86 51 
56 108 
109 1 
110 62 
36 43 
119 39 
106 70 
75 85 
32 42 
27 64 
66 120 
87 15 
54 19 
99 71 
74 89 
15 101 
100 73 
83 7 
7 70 
80 103 
71 59 
43 40 
109 34 
5 14 
24 59 
48 101 
62 124 
68 93 
80 102 
13 8 
68 41 
58 100 
10 116 
48 113 
84 73 
111 89 
19 110 
4 111 
32 56 
64 104 
36 34 
50 35 
107 116 
73 25 
79 25 
122 73 
20 15 
7 100 
21 33 
13 28 
44 76 
42 74 
35 99 
126 69 
20 83 
76 89 
105 119 
2 11 
57 17 
35 46 
68 97 
19 122 
61 73 
28 88 
32 2 
77 48 
39 77 
35 11 
9 110 
112 101 
116 35 
114 107 
122 126 
24 30 
47 9 
55 106 
9 11 
23 22 
10 54 
47 57 
95 10 
33 65 
19 17 
30 1 
116 36 
35 1 
108 75 
119 120 
73 67 
120 115 
59 108 
116 114 
10 8 
17 111 
87 82 
76 30 
62 26 
39 8 
122 47 
120 62 
124 30 
47 71 
1 89 
50 67 
39 4 
1 15 
125 126 
104 4 
48 41 
73 93 
33 15 
121 49 
55 21 
92 72 
13 36 
9 82 
115 33 
124 112 
82 76 
111 61 
13 59 
76 112 
47 60 
41 108 
51 84 
2 99 
115 80 
62 71 
88 63 
80 108 
22 106 
89 73 
124 87 
103 49 
60 124 
7 58 
15 47 
101 111 
60 72 
89 5 
23 3 
5 23 
12 85 
3 55 
59 41 
19 6 
52 71 
89 65 
7 92 
85 9 
120 69 
99 84 
84 1 
14 25 
111 2 
64 17 
20 104 
125 30 
99 56 
88 85 
2 34 
86 89 
74 5 
50 103 
12 28 
4 115 
5 41 
12 80 
105 103 
2 18 
77 43 
37 66 
5 42 
108 57 
118 117 
27 47 
33 74 
92 106 
115 90 
67 39 
77 87 
126 40 
27 31 
46 68 
108 4 
38 112 
38 19 
91 36 
119 19 
28 49 
53 113 
84 28 
78 3 
65 119 
16 53 
24 50 
88 62 
114 105 
58 73 
72 106 
5 78 
115 94 
111 48 
11 90 
98 59 
79 38 
114 28 
35 71 
14 35 
80 61 
102 77 
98 23 
45 10 
100 36 
47 31 
24 111 
58 66 
108 42 
44 67 
89 72 
120 17 
114 92 
126 118 
107 51 
20 70 
68 104 
90 32 
114 124 
117 11 
68 56 
86 76 
116 74 
112 117 
80 63 
62 60 
16 15 
123 37 
14 36 
12 24 
88 65 
64 75 
124 8 
20 109 
83 96 
42 123 
14 29 
16 56 
65 32 
40 5 
95 46 
114 32 
116 93 
65 107 
68 2 
4 85 
2 74 
61 4 
47 108 
73 32 
80 38 
88 93 
99 96 
119 78 
34 73 
36 18 
100 8 
35 61 
21 64 
61 13 
123 23 
73 90 
110 8 
74 6 
110 10 
114 35 
94 61 
95 90 
63 86 
100 66 
45 79 
79 92 
99 91 
46 9 
3 6 
111 39 
55 68 
41 111 
27 121 
109 103 
37 17 
71 50 
73 29 
23 84 
120 25 
52 57 
113 44 
41 72 
6 89 
126 39 
113 78 
21 10 
119 64 
108 24 
63 50 
40 11 
119 8 
19 106 
46 51 
42 53 
58 74 
99 83 
32 21 
32 84 
59 21 
110 11 
101 105 
45 2 
89 109 
83 105 
123 95 
124 24 
61 64 
121 124 
93 18 
97 26 
7 69 
1 114 
32 44 
34 23 
19 3 
106 96 
10 65 
45 57 
5 85 
36 105 
108 63 
125 24 
82 58 
7 38 
113 55 
58 15 
42 121 
4 59 
105 78 
65 3 
17 33 
85 7 
24 46 
95 53 
35 48 
108 52 
102 52 
98 49 
123 33 
16 107 
87 23 
96 81 
43 88 
63 122 
40 94 
24 94 
117 71 
17 62 
97 37 
51 119 
57 76 
111 25 
121 96 
93 71 
64 29 
33 14 
22 10 
23 53 
75 70 
124 118 
87 9 
113 45 
39 107 
107 89 
7 20 
96 45 
102 121 
91 52 
122 2 
61 96 
102 97 
94 11 
109 117 
90 7 
80 57 
32 20 
78 79 
70 38 
48 98 
66 11 
16 85 
83 21 
94 21 
3 17 
86 52 
105 77 
105 26 
8 7 
86 36 
26 8 
108 92 
28 71 
124 85 
118 43 
79 117 
88 66 
76 71 
49 62 
60 68 
105 122 
24 109 
113 118 
106 109 
76 17 
51 9 
95 106 
33 72 
71 40 
27 79 
117 15 
90 34 
109 76 
69 44 
55 34 
104 39 
45 24 
10 19 
38 104 
104 62 
115 85 
82 85 
90 120 
123 81 
42 81 
11 108 
55 7 
42 55 
124 21 
30 11 
56 11 
35 110 
99 122 
103 68 
119 106 
120 6 
73 22 
104 41 
25 46 
52 74 
74 39 
124 42 
49 99 
112 74 
50 20 
97 14 
92 109 
48 21 
63 71 
59 101 
25 29 
27 102 
110 13 
70 86 
59 28 
73 50 
68 35 
61 91 
119 11 
104 47 
112 73 
35 81 
89 9 
41 28 
91 58 
66 75 
41 58 
1 28 
82 27 
84 54 
31 110 
17 20 
28 38 
101 45 
73 82 
9 29 
76 101 
34 48 
4 82 
14 27 
88 32 
91 76 
74 79 
22 34 
105 111 
73 92 
65 126 
4 80 
63 12 
112 70 
8 28 
124 73 
88 102 
18 25 
76 118 
66 8 
39 120 
56 35 
51 10 
80 50 
51 32 
22 110 
22 123 
3 37 
11 92 
66 57 
124 1 
51 31 
107 27 
118 63 
46 85 
31 58 
58 72 
72 123 
2 80 
120 64 
56 123 
113 90 
80 3 
81 86 
67 123 
67 11 
121 58 
33 53 
32 62 
104 114 
26 61 
2 101 
76 63 
91 48 
36 104 
83 126 
53 18 
80 66 
108 39 
87 65 
118 87 
98 57 
107 8 
72 56 
44 17 
83 2 
23 92 
126 8 
61 36 
56 24 
44 42 
101 79 
32 4 
20 12 
84 77 
59 76 
68 86 
96 17 
48 55 
58 48 
58 17 
79 112 
20 60 
45 5 
68 110 
107 124 
92 70 
45 32 
17 109 
72 1 
28 113 
116 41 
114 63 
45 27 
67 120 
58 94 
83 71 
15 61 
50 114 
95 117 
70 79 
50 122 
3 1 
106 38 
116 4 
64 109 
6 31 
41 38 
110 85 
41 120 
90 70 
48 69 
78 73 
20 119 
74 48 
18 105 
89 50 
84 48 
34 40 
10 38 
120 43 
84 95 
82 108 
24 26 
109 107 
111 5 
123 108 
100 108 
112 97 
16 28 
27 36 
34 10 
68 91 
57 103 
115 10 
83 55 
17 71 
77 40 
66 48 
37 92 
10 70 
46 67 
100 72 
67 125 
60 10 
113 49 
65 47 
58 20 
17 97 
42 111 
115 38 
67 118 
73 121 
50 93 
26 115 
13 62 
82 16 
43 64 
19 125 
45 58 
14 94 
63 69 
88 112 
46 102 
70 109 
5 25 
120 51 
106 17 
101 83 
1 16 
126 49 
52 80 
20 72 
18 114 
59 56 
111 123 
106 24 
84 47 
39 53 
30 75 
66 104 
33 9 
95 55 
29 74 
90 80 
17 15 
53 125 
58 2 
9 48 
126 73 
125 110 
51 17 
99 69 
14 58 
66 70 
12 22 
78 99 
105 76 
33 76 
22 39 
83 6 
78 60 
71 30 
4 106 
54 23 
27 68 
81 95 
78 35 
64 69 
102 31 
45 4 
27 110 
61 109 
94 74 
49 70 
23 121 
24 19 
112 98 
70 24 
64 25 
118 109 
16 121 
2 89 
7 121 
57 68 
40 24 
97 76 
27 87 
51 69 
9 7 
64 85 
48 85 
45 73 
4 28 
82 113 
66 93 
93 43 
30 65 
83 84 
31 119 
122 57 
60 104 
19 83 
63 1 
45 88 
96 67 
88 18 
24 120 
111 110 
84 116 
79 108 
50 18 
56 42 
113 43 
66 111 
86 113 
41 8 
91 9 
50 57 
79 43 
14 47 
51 100 
26 34 
69 36 
