155 3924 
21 47 55 127 246 65 277 217 165 91 180 297 126 154 69 68 223 45 161 222 67 299 14 276 97 291 264 178 180 5 34 229 133 242 191 96 239 51 169 291 184 215 184 22 212 129 273 281 162 6 149 277 136 133 173 85 259 200 82 221 15 231 238 88 256 201 150 281 108 60 185 243 162 183 102 203 4 124 84 51 26 197 21 231 223 118 268 243 198 278 60 263 216 32 1 21 227 157 200 256 266 75 94 37 240 120 37 86 132 64 171 45 85 238 33 268 11 54 76 29 109 251 183 231 40 154 149 77 223 73 235 130 28 137 217 223 255 209 69 264 210 263 268 297 257 45 58 216 272 59 255 224 79 50 149 
85 5 
109 23 
124 92 
18 9 
90 79 
34 117 
129 155 
5 62 
70 98 
47 122 
37 81 
103 96 
74 54 
32 64 
12 92 
4 54 
45 122 
88 83 
33 5 
66 148 
48 151 
21 71 
53 63 
96 12 
107 148 
123 39 
136 43 
23 153 
39 89 
59 31 
117 21 
44 30 
140 57 
124 18 
135 114 
46 98 
38 90 
24 40 
107 141 
121 38 
79 17 
117 14 
20 67 
81 38 
122 93 
11 21 
116 152 
92 30 
78 2 
14 154 
137 109 
145 150 
96 27 
85 120 
135 34 
23 122 
16 69 
48 155 
30 121 
131 34 
53 97 
36 72 
12 44 
3 154 
40 130 
23 3 
100 18 
2 74 
70 2 
3 90 
126 51 
56 151 
35 11 
43 35 
24 63 
131 106 
33 98 
63 136 
97 154 
86 78 
54 87 
39 49 
77 145 
109 102 
125 86 
152 110 
62 84 
56 4 
111 153 
67 150 
17 69 
21 16 
94 132 
51 27 
144 97 
146 100 
94 89 
93 8 
53 45 
125 152 
143 125 
83 101 
3 85 
67 26 
88 14 
83 121 
51 54 
81 149 
14 94 
107 20 
62 70 
109 52 
39 136 
74 117 
106 114 
144 108 
92 51 
76 73 
119 120 
152 89 
91 28 
46 35 
121 20 
25 33 
103 95 
137 74 
76 70 
26 23 
84 141 
64 129 
68 110 
9 34 
100 101 
72 65 
1 49 
152 60 
114 136 
8 143 
70 116 
83 31 
152 12 
91 9 
27 24 
36 66 
134 31 
50 65 
51 65 
41 57 
16 138 
6 123 
44 24 
69 30 
44 15 
16 81 
109 85 
1 101 
147 131 
87 73 
79 121 
141 18 
59 119 
3 139 
22 114 
14 103 
138 64 
73 88 
42 85 
52 86 
34 63 
123 109 
14 38 
106 8 
57 102 
95 138 
106 49 
4 26 
27 131 
35 95 
41 91 
117 64 
37 21 
112 81 
6 71 
63 60 
23 17 
28 16 
112 93 
151 66 
70 88 
29 42 
27 104 
59 60 
53 6 
116 21 
46 76 
126 136 
32 94 
141 87 
58 138 
61 136 
117 87 
6 58 
37 47 
115 73 
110 35 
124 127 
155 86 
68 11 
137 66 
39 18 
133 23 
8 146 
118 40 
80 43 
32 11 
154 59 
42 123 
94 97 
48 54 
138 25 
119 65 
129 107 
33 2 
5 48 
105 51 
120 65 
21 133 
91 7 
138 60 
107 85 
85 101 
64 142 
5 23 
14 26 
126 81 
108 137 
135 11 
28 34 
109 122 
98 68 
143 49 
118 29 
135 67 
126 16 
117 38 
65 17 
104 84 
91 75 
65 69 
19 103 
90 93 
128 80 
147 27 
93 79 
42 77 
134 19 
15 14 
112 21 
57 73 
145 47 
3 32 
107 82 
91 107 
18 85 
108 113 
152 32 
32 100 
79 9 
140 32 
119 3 
57 112 
33 21 
97 153 
42 98 
134 76 
66 81 
43 24 
133 124 
149 30 
86 154 
54 8 
131 146 
23 92 
96 131 
92 144 
92 57 
73 67 
70 68 
78 41 
17 130 
73 7 
120 130 
95 73 
154 4 
56 8 
117 124 
115 63 
146 25 
36 17 
73 37 
132 31 
94 63 
103 33 
51 100 
14 79 
106 85 
29 82 
94 91 
40 37 
26 29 
22 132 
88 65 
98 81 
131 118 
50 113 
120 31 
6 115 
132 48 
119 63 
4 133 
19 66 
101 61 
81 91 
75 118 
98 137 
128 125 
155 116 
105 58 
73 29 
70 92 
28 149 
54 23 
31 41 
131 55 
81 89 
141 60 
60 98 
21 36 
24 141 
126 86 
71 33 
117 126 
9 72 
6 80 
68 39 
54 126 
35 141 
137 49 
26 98 
33 45 
152 41 
137 135 
152 148 
88 63 
5 6 
58 57 
11 67 
144 66 
10 68 
147 25 
110 22 
23 132 
11 153 
16 30 
28 18 
87 83 
116 83 
66 64 
70 66 
146 62 
44 90 
106 69 
38 54 
102 29 
115 129 
96 87 
46 133 
112 155 
152 100 
154 27 
64 41 
70 90 
37 111 
10 138 
94 21 
91 29 
72 145 
115 125 
14 44 
5 39 
151 4 
54 89 
66 42 
57 106 
136 57 
98 61 
106 40 
76 54 
151 20 
105 44 
109 64 
140 44 
120 44 
67 75 
93 38 
23 21 
89 117 
26 82 
41 61 
141 90 
129 42 
122 95 
9 135 
84 116 
8 153 
58 98 
105 21 
104 66 
20 113 
127 81 
114 147 
130 110 
24 80 
83 136 
71 16 
14 2 
4 38 
153 114 
86 20 
87 45 
58 114 
90 151 
107 74 
65 80 
48 58 
3 93 
116 81 
67 77 
105 52 
22 50 
6 44 
3 117 
89 99 
106 101 
139 128 
113 115 
1 36 
16 46 
38 25 
72 154 
60 114 
150 127 
91 131 
41 144 
107 65 
60 99 
104 90 
113 38 
80 133 
60 126 
101 63 
130 10 
143 104 
97 18 
111 93 
113 59 
141 86 
46 20 
104 23 
34 5 
68 120 
15 138 
48 26 
35 108 
65 12 
112 23 
35 104 
123 129 
131 123 
31 13 
45 128 
88 94 
128 147 
132 114 
54 128 
17 52 
50 136 
13 86 
5 99 
12 128 
77 135 
51 12 
47 103 
47 19 
97 36 
136 33 
36 71 
91 105 
1 18 
124 78 
149 120 
105 150 
36 85 
36 53 
41 34 
86 69 
46 109 
118 85 
59 64 
4 84 
34 95 
77 26 
142 84 
154 143 
137 12 
72 111 
18 2 
65 58 
142 90 
150 21 
95 38 
60 47 
63 90 
145 90 
105 54 
151 106 
39 88 
154 2 
41 48 
84 91 
101 139 
92 31 
87 120 
92 35 
144 58 
155 13 
26 37 
16 14 
118 83 
91 20 
113 5 
138 145 
9 88 
125 139 
56 34 
55 121 
132 119 
4 129 
103 101 
19 110 
111 96 
16 108 
3 17 
91 147 
95 8 
18 144 
107 136 
34 139 
110 4 
59 47 
111 94 
40 38 
151 7 
41 60 
92 89 
21 106 
62 120 
88 113 
34 27 
98 83 
39 119 
35 29 
74 5 
13 83 
111 90 
96 112 
75 32 
42 148 
33 19 
63 52 
84 61 
119 79 
100 113 
2 89 
25 77 
8 112 
125 98 
12 119 
104 1 
66 14 
139 30 
47 114 
42 134 
3 57 
149 27 
136 137 
134 127 
136 100 
125 43 
31 35 
28 57 
98 25 
19 150 
94 27 
8 42 
93 101 
20 22 
116 64 
152 137 
119 107 
69 110 
6 105 
127 13 
103 151 
144 75 
63 64 
34 153 
110 138 
137 110 
120 110 
5 17 
40 87 
108 64 
144 34 
7 54 
31 129 
4 138 
4 57 
142 101 
155 21 
151 1 
23 24 
124 129 
24 58 
145 36 
103 82 
31 18 
92 60 
144 96 
97 55 
101 34 
45 42 
138 140 
92 54 
151 11 
147 4 
153 99 
62 57 
136 6 
74 118 
59 84 
28 131 
131 53 
8 79 
115 70 
32 54 
85 24 
138 67 
142 33 
54 84 
68 124 
23 121 
34 2 
27 39 
28 46 
10 41 
86 71 
61 79 
89 5 
125 100 
133 121 
116 26 
11 131 
32 124 
155 11 
120 2 
102 115 
151 79 
25 6 
139 13 
92 90 
76 60 
72 47 
88 130 
146 33 
104 40 
155 36 
154 65 
140 139 
128 84 
107 146 
92 39 
146 121 
2 96 
25 128 
115 88 
45 37 
24 92 
24 74 
23 82 
103 34 
92 79 
30 106 
152 121 
147 30 
26 122 
36 9 
107 116 
60 86 
32 50 
64 72 
2 93 
93 114 
68 8 
114 99 
46 34 
65 82 
14 6 
119 148 
120 9 
122 98 
65 139 
97 139 
89 116 
2 125 
117 84 
75 19 
12 91 
70 3 
12 50 
139 151 
127 93 
143 137 
55 101 
28 73 
120 106 
120 103 
92 84 
35 16 
94 13 
134 103 
111 87 
155 29 
84 78 
121 137 
88 18 
116 28 
21 3 
10 7 
103 155 
85 82 
155 71 
108 49 
56 33 
73 86 
95 80 
121 106 
29 56 
19 46 
87 27 
135 147 
97 14 
59 142 
52 41 
149 123 
140 82 
41 68 
35 121 
80 42 
38 122 
131 24 
41 105 
135 39 
101 143 
83 27 
94 129 
28 49 
119 35 
134 128 
71 15 
17 106 
46 25 
103 65 
38 109 
123 7 
5 137 
71 154 
126 15 
69 99 
75 72 
34 23 
53 46 
99 56 
21 144 
4 122 
91 123 
4 114 
68 107 
107 114 
109 16 
114 145 
5 29 
80 124 
86 97 
76 64 
19 152 
48 83 
89 40 
101 31 
72 46 
71 57 
30 33 
121 111 
106 3 
26 150 
41 73 
55 62 
26 65 
154 101 
152 40 
138 137 
75 3 
11 150 
96 85 
123 124 
17 124 
64 103 
36 88 
5 125 
134 61 
3 115 
27 2 
26 43 
102 108 
53 89 
137 70 
88 93 
96 44 
10 56 
109 91 
86 105 
71 121 
154 13 
73 1 
27 139 
120 99 
149 99 
68 60 
138 77 
84 113 
119 51 
14 98 
78 76 
134 102 
26 33 
92 128 
90 39 
24 95 
88 15 
141 68 
93 34 
149 146 
75 119 
132 76 
56 32 
54 155 
113 21 
96 89 
87 148 
77 69 
117 85 
108 61 
100 58 
78 10 
62 64 
34 48 
112 152 
54 80 
110 55 
95 69 
149 90 
127 97 
76 104 
31 39 
149 155 
132 81 
37 130 
135 109 
111 145 
69 89 
21 72 
148 84 
7 105 
107 77 
130 72 
39 86 
103 119 
154 60 
119 88 
66 62 
46 58 
12 66 
11 109 
15 45 
4 13 
111 62 
6 70 
103 28 
71 151 
17 59 
72 121 
16 1 
135 100 
53 91 
2 109 
90 11 
88 37 
34 100 
41 137 
151 83 
98 51 
127 79 
131 59 
11 103 
105 110 
138 59 
59 70 
20 74 
147 61 
67 33 
53 11 
72 89 
16 25 
62 24 
130 141 
152 43 
98 135 
121 5 
43 154 
97 3 
66 133 
121 56 
91 57 
74 60 
69 140 
79 94 
135 96 
73 13 
144 74 
96 119 
63 80 
138 6 
100 84 
53 44 
73 60 
129 69 
24 129 
82 87 
103 59 
30 23 
135 87 
130 151 
43 17 
60 85 
72 51 
121 77 
124 64 
49 65 
82 58 
34 60 
80 73 
21 19 
97 70 
122 130 
77 154 
48 29 
132 95 
76 93 
39 43 
144 121 
52 21 
19 135 
73 131 
95 112 
84 153 
15 124 
29 132 
136 51 
22 118 
84 28 
79 64 
68 127 
24 88 
92 20 
101 96 
135 42 
140 132 
85 74 
96 36 
12 10 
12 138 
44 50 
121 155 
1 100 
145 134 
58 60 
108 69 
148 151 
35 98 
2 25 
106 126 
95 90 
54 44 
129 30 
6 62 
35 96 
132 130 
113 102 
36 139 
4 99 
130 81 
103 52 
137 13 
119 64 
87 36 
92 119 
39 16 
103 145 
37 14 
89 86 
10 40 
101 28 
20 31 
31 45 
146 116 
123 63 
69 14 
72 119 
1 68 
139 142 
30 132 
83 57 
3 28 
3 120 
118 11 
154 111 
46 149 
19 147 
147 31 
147 88 
94 126 
145 63 
1 37 
4 35 
147 3 
57 95 
139 149 
74 79 
117 102 
81 33 
43 118 
120 47 
85 103 
17 62 
155 114 
139 62 
117 20 
130 139 
56 47 
49 42 
107 5 
142 12 
92 6 
127 83 
95 148 
123 137 
136 133 
1 128 
102 66 
64 91 
149 23 
46 134 
141 138 
5 53 
140 70 
124 70 
130 69 
55 116 
100 143 
89 121 
121 15 
80 36 
5 42 
21 20 
97 58 
123 96 
43 94 
58 5 
23 154 
92 43 
23 89 
153 80 
76 42 
112 76 
126 99 
43 97 
16 2 
128 106 
140 154 
14 136 
24 115 
44 128 
74 109 
33 22 
71 10 
90 124 
142 60 
38 138 
128 46 
142 100 
62 108 
7 12 
154 96 
54 111 
31 50 
74 27 
71 79 
145 127 
100 144 
69 39 
148 33 
66 77 
73 63 
115 35 
59 118 
104 81 
140 134 
60 79 
2 64 
23 127 
141 28 
146 87 
147 120 
52 78 
36 28 
36 73 
35 28 
77 36 
64 89 
112 45 
33 35 
104 92 
91 27 
129 92 
127 57 
121 112 
18 26 
54 27 
105 130 
102 146 
16 124 
28 23 
148 30 
102 82 
19 48 
103 68 
85 1 
21 75 
54 136 
73 25 
93 97 
121 21 
134 92 
71 60 
36 118 
131 86 
155 87 
13 2 
29 113 
13 130 
126 52 
131 104 
133 1 
130 91 
126 85 
6 144 
109 34 
12 110 
60 61 
96 110 
137 1 
136 120 
73 52 
99 29 
60 36 
40 75 
70 55 
8 36 
116 58 
66 2 
128 66 
39 61 
34 71 
59 150 
46 146 
102 122 
95 126 
87 71 
86 90 
32 15 
76 128 
38 64 
8 75 
117 68 
11 4 
35 81 
149 19 
132 57 
25 23 
73 144 
143 135 
67 41 
34 32 
77 54 
62 51 
7 23 
124 111 
137 101 
51 52 
1 121 
124 144 
28 90 
138 32 
53 87 
153 59 
114 17 
85 37 
142 62 
43 108 
105 32 
37 44 
97 74 
94 61 
140 86 
11 132 
43 128 
78 116 
11 99 
103 22 
148 140 
149 144 
25 86 
87 124 
24 83 
22 148 
45 79 
119 130 
128 56 
48 100 
85 64 
117 17 
9 119 
39 11 
55 63 
64 93 
138 41 
73 128 
5 135 
95 96 
112 138 
15 143 
101 58 
139 75 
95 120 
66 114 
45 136 
43 93 
35 83 
10 113 
53 31 
106 35 
87 131 
40 64 
10 111 
113 126 
48 112 
68 24 
140 52 
69 103 
110 40 
58 150 
22 8 
37 23 
7 37 
118 52 
151 9 
130 5 
22 70 
21 77 
32 109 
132 124 
73 103 
45 151 
34 14 
135 35 
19 131 
107 6 
126 101 
115 81 
122 87 
2 88 
138 93 
145 144 
23 88 
111 38 
97 147 
85 151 
101 125 
95 19 
41 55 
36 89 
102 132 
104 130 
92 9 
81 31 
46 22 
37 48 
114 9 
10 145 
44 94 
84 26 
121 147 
10 95 
129 27 
111 120 
33 127 
114 15 
43 48 
112 38 
51 108 
138 125 
1 5 
68 114 
22 53 
113 46 
87 44 
38 91 
125 95 
59 148 
98 32 
120 101 
13 106 
73 68 
141 14 
106 52 
66 35 
109 31 
41 129 
126 22 
102 150 
128 142 
18 30 
46 144 
93 57 
24 134 
12 36 
90 25 
50 108 
32 87 
24 10 
11 43 
89 118 
37 15 
123 24 
146 154 
9 42 
120 74 
78 138 
126 2 
94 110 
143 95 
21 54 
90 6 
89 38 
118 122 
60 1 
68 5 
113 124 
104 74 
55 86 
66 90 
41 131 
62 147 
76 147 
123 110 
129 48 
82 17 
11 6 
114 38 
103 144 
151 16 
37 79 
52 90 
136 121 
18 131 
45 140 
14 30 
78 102 
155 34 
100 130 
50 116 
96 120 
134 7 
40 51 
48 120 
71 147 
56 21 
83 114 
6 31 
20 138 
139 43 
37 141 
129 126 
94 67 
50 155 
39 7 
28 146 
147 148 
14 92 
3 69 
100 105 
29 115 
110 72 
69 67 
126 127 
72 15 
33 87 
33 79 
149 108 
28 133 
26 36 
124 151 
144 137 
1 96 
95 14 
43 59 
90 118 
120 37 
5 124 
142 74 
72 49 
126 75 
112 115 
97 57 
33 49 
6 83 
107 63 
54 150 
98 109 
63 10 
94 108 
13 32 
153 78 
143 20 
103 27 
29 7 
18 104 
3 37 
94 51 
144 57 
15 50 
113 110 
4 121 
73 154 
25 155 
144 53 
48 15 
110 106 
29 17 
148 127 
55 68 
8 152 
131 33 
123 43 
96 22 
35 44 
72 84 
130 70 
4 131 
18 147 
135 148 
54 39 
93 121 
11 63 
41 59 
97 114 
44 19 
17 95 
94 3 
98 138 
30 13 
110 21 
147 100 
138 121 
39 109 
155 126 
34 53 
111 141 
92 76 
149 112 
154 132 
122 88 
120 64 
21 123 
72 106 
110 117 
57 8 
52 39 
100 79 
123 116 
139 35 
41 115 
124 39 
25 1 
66 8 
21 73 
65 136 
8 107 
32 44 
24 143 
77 51 
16 65 
71 102 
24 118 
130 42 
120 113 
10 132 
129 108 
32 30 
53 122 
95 108 
155 1 
133 151 
100 106 
128 35 
71 141 
137 43 
91 24 
148 37 
154 138 
60 3 
31 1 
108 118 
13 99 
10 57 
86 96 
119 151 
74 28 
7 122 
130 136 
51 33 
123 68 
100 126 
56 75 
56 37 
153 52 
73 132 
139 73 
93 146 
47 24 
80 129 
58 109 
16 64 
38 13 
117 54 
13 33 
106 132 
96 65 
48 66 
27 109 
92 127 
68 119 
120 90 
90 115 
72 30 
122 76 
50 128 
41 39 
13 118 
106 116 
31 52 
132 131 
139 63 
52 23 
140 146 
100 65 
138 2 
1 118 
106 142 
77 95 
116 87 
2 46 
134 111 
37 150 
3 52 
85 92 
69 45 
48 87 
70 123 
151 58 
90 127 
139 7 
82 79 
147 16 
68 95 
119 56 
43 84 
14 139 
27 12 
86 74 
145 74 
148 21 
25 104 
79 102 
40 85 
71 144 
55 69 
125 83 
60 75 
66 125 
66 110 
53 96 
41 53 
102 128 
26 58 
104 107 
38 34 
28 40 
1 98 
132 122 
114 118 
57 42 
128 119 
101 72 
35 153 
20 82 
136 28 
67 130 
51 3 
88 69 
59 87 
26 107 
114 71 
143 111 
60 43 
93 41 
140 63 
146 30 
36 115 
145 14 
19 62 
16 145 
145 11 
67 144 
58 40 
76 120 
84 95 
124 36 
112 41 
8 76 
68 13 
78 37 
103 84 
90 40 
61 47 
122 44 
113 140 
124 146 
16 60 
31 62 
92 125 
67 141 
148 102 
53 42 
47 57 
40 65 
52 28 
27 66 
30 138 
48 74 
6 86 
31 94 
18 21 
22 105 
103 91 
46 3 
121 61 
128 63 
123 122 
120 135 
125 103 
44 131 
39 87 
55 52 
116 43 
25 116 
94 41 
94 8 
123 52 
118 117 
78 73 
76 41 
7 48 
62 1 
89 102 
34 57 
6 59 
73 116 
117 43 
96 34 
38 32 
9 55 
26 47 
11 29 
126 1 
104 128 
102 10 
132 108 
3 128 
8 124 
81 10 
60 37 
114 128 
130 27 
30 17 
137 122 
87 115 
16 7 
36 147 
141 95 
105 126 
75 94 
53 101 
155 124 
92 153 
119 42 
117 56 
127 138 
55 129 
38 22 
7 87 
102 42 
7 44 
143 141 
10 18 
123 74 
102 114 
96 56 
106 119 
63 98 
34 91 
59 124 
90 103 
32 62 
128 41 
5 72 
135 95 
92 80 
41 80 
7 135 
8 142 
95 52 
104 36 
66 69 
66 146 
151 25 
115 62 
47 64 
111 71 
51 137 
141 145 
110 99 
130 135 
8 114 
6 110 
123 67 
125 28 
24 21 
96 28 
22 6 
77 35 
40 100 
110 118 
71 38 
141 49 
64 74 
100 42 
11 98 
10 84 
36 120 
93 109 
122 1 
102 123 
1 76 
44 10 
142 110 
113 58 
136 129 
44 92 
74 89 
154 69 
150 121 
68 94 
127 28 
89 7 
15 151 
99 144 
8 117 
59 24 
53 128 
48 144 
132 136 
149 50 
78 29 
50 87 
116 68 
154 37 
127 48 
87 102 
7 59 
105 152 
109 70 
148 48 
34 125 
46 47 
109 36 
64 122 
126 74 
67 31 
118 27 
77 2 
100 81 
128 51 
49 27 
128 136 
118 23 
102 125 
143 77 
25 13 
7 30 
140 115 
111 77 
3 125 
12 52 
152 154 
135 46 
43 107 
2 135 
114 24 
149 125 
74 9 
17 76 
4 77 
32 106 
105 149 
102 55 
27 36 
35 9 
123 89 
99 50 
89 42 
115 146 
38 30 
124 105 
73 40 
82 52 
140 125 
116 6 
141 150 
132 128 
86 103 
125 22 
125 29 
102 81 
137 38 
93 21 
73 101 
128 98 
105 77 
125 148 
27 21 
62 80 
22 18 
56 125 
147 57 
59 130 
96 93 
95 130 
71 80 
12 80 
106 99 
2 149 
1 130 
6 47 
43 73 
94 18 
75 115 
19 40 
75 100 
38 132 
123 33 
134 75 
78 143 
40 30 
96 132 
147 137 
69 107 
65 121 
73 147 
60 106 
24 137 
140 150 
28 132 
59 75 
135 36 
63 17 
72 34 
28 51 
60 64 
60 151 
44 151 
85 56 
16 38 
32 142 
35 7 
121 75 
96 116 
117 48 
20 148 
54 140 
76 38 
61 16 
140 66 
81 124 
120 52 
121 102 
104 65 
100 3 
47 127 
67 101 
2 112 
98 79 
65 142 
62 119 
154 24 
92 148 
147 64 
109 6 
70 29 
89 144 
47 110 
85 131 
71 53 
1 45 
11 10 
57 1 
45 5 
55 56 
131 129 
77 49 
107 41 
149 60 
21 49 
94 93 
141 8 
20 77 
73 126 
117 151 
49 146 
87 34 
129 127 
90 98 
112 73 
58 149 
74 108 
153 17 
136 111 
88 74 
77 46 
27 53 
38 126 
66 136 
69 97 
101 82 
94 66 
18 152 
127 153 
95 55 
57 61 
154 120 
139 67 
118 136 
85 149 
140 4 
92 29 
143 102 
107 24 
117 9 
116 153 
71 120 
9 142 
122 108 
87 136 
15 16 
45 123 
62 48 
71 150 
148 139 
71 67 
107 7 
83 37 
129 86 
121 52 
20 68 
47 69 
65 150 
133 99 
83 16 
71 143 
97 131 
12 40 
111 32 
74 103 
99 92 
27 28 
16 79 
101 86 
22 76 
108 96 
153 32 
112 62 
40 57 
85 6 
113 98 
12 132 
2 136 
49 81 
115 122 
24 48 
131 117 
106 130 
133 79 
58 44 
123 79 
139 98 
76 56 
42 103 
51 90 
77 112 
111 66 
25 57 
36 39 
26 119 
17 144 
75 97 
69 94 
70 94 
121 42 
116 22 
15 152 
115 83 
91 50 
60 42 
26 20 
130 41 
71 88 
96 143 
20 11 
52 83 
99 70 
85 139 
89 79 
49 25 
33 114 
19 14 
124 97 
133 94 
139 102 
91 148 
95 50 
105 43 
49 128 
106 16 
42 113 
92 155 
143 3 
114 123 
115 119 
131 119 
32 2 
2 20 
55 142 
114 95 
121 101 
74 33 
69 33 
120 73 
137 4 
81 17 
79 38 
72 83 
125 124 
114 141 
12 56 
6 55 
142 97 
80 104 
101 10 
32 63 
114 152 
71 30 
135 21 
142 141 
44 8 
110 119 
55 98 
102 40 
19 83 
103 20 
109 116 
116 8 
84 119 
51 21 
140 105 
18 70 
74 38 
50 5 
93 78 
74 148 
85 15 
10 120 
33 130 
96 92 
15 21 
119 45 
73 83 
110 111 
40 35 
105 65 
64 14 
1 19 
68 31 
78 140 
58 16 
45 96 
5 2 
20 83 
73 9 
70 36 
66 67 
63 155 
1 134 
112 49 
35 64 
63 5 
144 56 
153 113 
38 23 
86 44 
128 47 
102 7 
66 89 
12 114 
137 81 
86 61 
5 105 
77 38 
88 142 
47 63 
70 35 
137 15 
139 60 
28 11 
7 38 
62 38 
131 139 
109 80 
64 110 
57 79 
43 10 
71 117 
13 76 
88 45 
122 13 
25 114 
76 119 
52 7 
115 152 
67 21 
149 71 
52 139 
60 32 
37 114 
126 39 
31 142 
153 9 
155 99 
129 88 
104 95 
14 39 
126 26 
109 129 
121 18 
98 15 
146 32 
16 75 
69 92 
95 140 
10 108 
49 84 
10 26 
76 35 
147 28 
5 87 
118 48 
41 7 
10 122 
138 90 
146 64 
11 122 
9 28 
2 123 
9 26 
41 49 
62 29 
13 108 
41 11 
92 28 
94 130 
13 29 
1 92 
115 110 
143 47 
44 71 
73 38 
114 112 
91 85 
27 137 
35 133 
9 66 
106 56 
61 11 
91 77 
103 37 
20 155 
111 123 
10 66 
146 67 
68 90 
11 69 
39 101 
78 107 
15 108 
118 128 
118 91 
103 23 
78 121 
70 41 
137 76 
59 20 
113 9 
57 7 
125 33 
60 135 
80 17 
16 74 
40 33 
111 116 
22 153 
133 150 
136 95 
139 2 
38 18 
79 143 
147 69 
132 113 
135 121 
31 124 
137 82 
23 51 
104 129 
117 145 
119 4 
133 91 
148 45 
20 109 
1 11 
95 13 
8 140 
89 12 
100 124 
63 14 
93 139 
53 90 
24 2 
1 67 
114 104 
107 122 
34 31 
24 34 
84 16 
69 133 
32 58 
45 86 
95 83 
9 17 
46 44 
121 3 
47 138 
96 128 
68 65 
73 34 
62 26 
112 58 
132 13 
13 53 
146 148 
102 39 
55 138 
101 50 
4 23 
148 64 
153 91 
75 17 
56 81 
138 13 
124 149 
4 83 
113 54 
44 40 
133 22 
78 38 
61 117 
99 34 
99 71 
116 44 
102 20 
48 23 
147 53 
47 119 
35 50 
114 115 
27 1 
38 115 
103 150 
46 87 
50 94 
88 90 
150 113 
151 51 
36 76 
139 29 
136 27 
90 83 
45 89 
22 115 
54 63 
134 29 
34 124 
113 3 
151 107 
147 7 
40 125 
5 147 
18 13 
136 42 
57 114 
67 36 
146 61 
6 63 
48 46 
111 105 
109 51 
15 63 
109 105 
100 68 
89 30 
122 18 
51 48 
49 60 
85 83 
31 117 
87 8 
61 152 
114 125 
108 8 
61 148 
78 80 
23 114 
74 49 
96 122 
84 89 
119 24 
106 80 
130 103 
5 12 
109 142 
100 25 
118 14 
99 45 
123 130 
54 41 
154 106 
154 103 
138 115 
23 60 
109 100 
142 145 
84 137 
107 17 
26 134 
35 136 
62 20 
17 22 
32 43 
56 65 
143 119 
41 101 
55 47 
9 146 
92 10 
13 101 
35 27 
52 6 
48 96 
29 93 
40 1 
30 96 
33 91 
3 27 
147 10 
131 2 
29 69 
43 31 
36 49 
122 94 
53 57 
138 56 
36 154 
37 118 
103 83 
90 153 
146 14 
106 11 
155 23 
6 9 
138 27 
140 142 
137 133 
44 137 
51 117 
48 128 
148 120 
14 13 
3 56 
141 89 
54 50 
94 33 
129 98 
140 145 
26 16 
136 19 
23 9 
94 137 
4 16 
89 130 
9 69 
58 140 
6 130 
8 69 
2 106 
53 54 
57 134 
24 39 
8 2 
52 98 
22 140 
45 131 
109 10 
34 148 
72 43 
67 43 
106 73 
39 63 
149 6 
85 78 
2 1 
54 52 
91 141 
113 148 
118 63 
19 90 
100 45 
40 7 
112 150 
145 96 
95 67 
72 3 
97 54 
37 49 
146 50 
66 88 
142 18 
123 31 
55 17 
32 45 
34 47 
54 118 
54 9 
112 37 
37 43 
104 48 
30 43 
150 91 
110 76 
145 3 
148 112 
80 96 
49 57 
137 85 
92 152 
140 38 
103 135 
120 33 
67 29 
40 29 
144 29 
32 23 
18 64 
117 141 
124 83 
85 4 
95 25 
141 109 
38 12 
147 63 
17 147 
104 99 
114 88 
76 47 
54 98 
64 58 
62 92 
90 45 
56 94 
69 98 
78 112 
151 152 
71 72 
47 68 
135 43 
16 99 
37 147 
29 51 
131 58 
153 100 
3 89 
121 125 
1 35 
117 130 
103 31 
15 24 
59 1 
30 87 
63 122 
74 73 
81 47 
124 82 
67 72 
91 6 
8 24 
85 47 
64 83 
155 76 
136 67 
92 38 
67 115 
121 8 
51 74 
9 5 
36 128 
30 142 
3 53 
87 127 
28 111 
100 90 
132 75 
38 148 
106 150 
26 5 
54 146 
113 86 
41 108 
119 112 
42 140 
115 14 
84 82 
27 58 
125 36 
140 35 
9 130 
124 26 
40 126 
116 42 
71 52 
116 143 
33 153 
152 97 
146 123 
112 52 
129 46 
7 64 
149 84 
141 148 
152 120 
107 88 
120 116 
23 27 
63 74 
82 111 
9 139 
129 85 
122 78 
80 105 
141 149 
56 98 
128 4 
20 39 
5 73 
136 131 
105 81 
63 13 
44 139 
62 128 
41 33 
52 57 
55 21 
18 7 
65 75 
68 153 
64 101 
1 91 
122 6 
118 71 
74 22 
154 87 
92 114 
66 6 
100 7 
62 123 
65 141 
90 14 
85 33 
61 55 
127 131 
87 76 
146 55 
121 27 
113 47 
130 44 
99 140 
106 28 
118 139 
21 32 
35 126 
47 25 
89 4 
143 46 
67 15 
139 42 
86 95 
147 47 
98 134 
12 82 
147 144 
131 120 
94 36 
70 75 
68 30 
145 118 
136 146 
141 53 
56 80 
125 137 
58 127 
142 104 
155 6 
116 136 
52 99 
5 25 
78 47 
66 86 
19 109 
29 72 
67 143 
49 83 
44 69 
143 155 
75 63 
6 128 
107 75 
56 145 
41 2 
143 144 
12 49 
86 43 
9 140 
43 76 
128 68 
68 84 
69 136 
28 45 
61 31 
139 11 
29 38 
69 81 
27 106 
105 104 
18 137 
8 102 
124 20 
35 74 
111 84 
1 140 
82 35 
103 72 
53 50 
112 19 
46 83 
110 36 
122 126 
31 23 
16 45 
21 43 
152 51 
102 31 
65 112 
98 4 
3 111 
26 155 
28 56 
104 78 
59 132 
116 49 
87 12 
17 44 
29 44 
138 14 
106 109 
48 61 
153 87 
26 61 
122 97 
33 113 
13 51 
27 86 
31 75 
63 113 
67 30 
100 61 
43 91 
101 80 
93 89 
37 91 
146 27 
97 7 
82 144 
84 34 
68 72 
142 56 
42 94 
62 69 
89 90 
113 116 
120 100 
31 127 
134 152 
138 96 
134 83 
20 111 
104 91 
73 107 
71 37 
64 68 
46 45 
125 132 
112 127 
30 66 
143 139 
153 115 
37 155 
133 73 
32 126 
11 108 
94 54 
84 23 
75 148 
114 98 
128 13 
3 155 
5 120 
17 92 
155 138 
22 142 
39 117 
96 98 
145 83 
36 153 
37 146 
43 98 
110 131 
34 81 
64 112 
126 21 
113 49 
22 152 
7 137 
62 140 
136 127 
10 106 
95 88 
30 48 
74 84 
142 75 
43 131 
103 38 
56 131 
118 121 
129 150 
128 145 
16 34 
48 116 
113 93 
54 25 
114 62 
74 25 
67 149 
145 52 
100 66 
127 118 
105 19 
1 149 
13 97 
73 35 
71 43 
141 113 
126 7 
117 96 
70 110 
2 132 
46 64 
110 91 
111 151 
33 152 
93 42 
37 113 
104 19 
115 23 
79 13 
16 12 
62 61 
1 106 
138 91 
114 76 
92 68 
19 52 
9 57 
134 149 
51 64 
49 96 
90 78 
29 12 
75 150 
152 3 
25 53 
117 104 
46 55 
46 124 
87 21 
34 116 
44 103 
57 89 
114 65 
99 9 
30 52 
105 153 
120 41 
38 83 
30 97 
85 108 
45 113 
49 3 
32 139 
97 132 
33 6 
42 106 
116 65 
155 118 
77 92 
47 142 
36 48 
9 37 
114 44 
115 109 
49 19 
35 124 
1 132 
110 121 
84 20 
27 133 
152 147 
148 136 
120 97 
95 85 
2 133 
98 19 
133 52 
64 28 
125 116 
27 79 
68 14 
18 102 
122 65 
123 20 
109 69 
61 132 
110 13 
124 119 
146 43 
102 100 
121 67 
121 142 
24 138 
41 32 
45 35 
38 105 
37 142 
95 144 
140 50 
152 56 
96 104 
11 104 
50 68 
12 129 
13 145 
134 55 
18 5 
64 111 
131 100 
26 149 
105 18 
100 8 
29 90 
89 14 
6 143 
40 108 
60 21 
143 99 
139 82 
74 136 
53 93 
12 33 
113 149 
41 77 
57 87 
87 14 
142 51 
148 90 
89 119 
74 105 
110 100 
47 129 
109 43 
99 146 
153 37 
16 101 
80 144 
111 99 
149 126 
55 75 
105 55 
43 42 
98 141 
71 61 
95 75 
68 113 
15 69 
129 45 
123 80 
152 139 
91 93 
13 19 
22 101 
141 23 
144 125 
117 129 
106 98 
97 10 
134 106 
18 83 
57 22 
70 58 
114 39 
59 32 
68 144 
95 37 
89 98 
7 75 
128 122 
86 145 
85 21 
49 69 
96 58 
33 28 
24 66 
51 55 
17 154 
35 2 
150 131 
44 48 
15 132 
112 134 
101 152 
4 70 
76 6 
107 124 
28 24 
77 134 
109 76 
81 82 
71 55 
124 118 
137 115 
59 140 
121 99 
70 113 
34 29 
135 14 
78 25 
22 60 
66 134 
112 50 
39 58 
120 7 
116 105 
45 109 
29 28 
155 150 
33 66 
35 75 
36 149 
25 70 
126 17 
11 140 
3 134 
78 89 
43 151 
118 56 
23 139 
118 65 
149 76 
90 54 
3 22 
72 133 
111 117 
126 123 
112 116 
49 148 
144 11 
21 69 
48 101 
86 119 
131 75 
45 25 
35 150 
83 25 
32 74 
55 4 
140 37 
66 119 
91 14 
104 43 
50 69 
46 75 
11 85 
61 72 
75 10 
82 31 
18 49 
36 131 
146 63 
73 125 
61 85 
86 98 
47 109 
83 15 
67 103 
113 119 
62 33 
29 142 
69 119 
67 50 
114 43 
112 117 
17 132 
69 46 
67 88 
13 100 
10 29 
100 127 
36 126 
23 65 
36 98 
86 139 
73 90 
51 140 
101 88 
51 91 
146 3 
72 90 
13 54 
21 92 
127 77 
40 21 
33 27 
19 22 
30 70 
133 71 
38 88 
103 58 
74 132 
61 89 
57 84 
107 50 
28 88 
64 10 
45 72 
139 123 
103 139 
28 95 
19 151 
15 46 
83 152 
83 94 
150 116 
108 66 
119 53 
110 136 
34 126 
10 28 
113 19 
67 145 
115 25 
82 45 
19 99 
33 129 
142 52 
62 86 
57 139 
126 20 
16 62 
65 41 
129 53 
118 44 
57 27 
26 31 
135 76 
98 66 
129 97 
54 125 
50 92 
91 5 
95 58 
107 31 
87 19 
17 73 
145 6 
90 5 
139 107 
104 98 
32 24 
140 123 
2 114 
20 96 
25 99 
155 74 
112 60 
37 29 
15 117 
90 26 
146 1 
45 22 
139 119 
26 17 
100 26 
64 78 
46 90 
54 45 
126 67 
4 91 
123 56 
40 153 
105 123 
149 25 
99 132 
37 4 
51 147 
85 54 
24 142 
105 3 
34 119 
104 139 
55 1 
154 10 
15 84 
103 76 
103 127 
68 52 
47 134 
91 76 
131 39 
15 95 
72 128 
123 107 
92 116 
53 125 
43 18 
122 105 
40 115 
19 85 
81 143 
60 102 
66 60 
129 18 
45 155 
143 17 
88 57 
146 75 
6 23 
84 81 
20 52 
110 84 
136 81 
44 9 
119 31 
60 69 
149 151 
130 7 
130 64 
98 45 
127 84 
38 3 
21 7 
123 88 
141 92 
43 62 
126 72 
137 35 
6 39 
12 95 
88 77 
51 144 
39 51 
33 150 
51 44 
50 153 
21 130 
85 38 
134 142 
15 7 
91 30 
44 39 
143 108 
113 130 
24 73 
147 105 
138 43 
5 143 
18 128 
26 54 
3 87 
42 40 
119 83 
58 23 
106 22 
62 100 
148 99 
93 49 
114 120 
25 41 
7 3 
3 79 
87 101 
116 35 
29 68 
127 18 
29 145 
111 119 
6 8 
70 117 
11 23 
83 144 
101 42 
123 134 
67 54 
58 20 
60 44 
114 48 
68 4 
43 55 
143 1 
82 49 
69 24 
6 3 
152 6 
126 152 
45 40 
25 62 
137 140 
127 51 
120 61 
56 97 
153 131 
91 8 
150 42 
144 64 
38 15 
150 104 
109 117 
113 53 
130 18 
114 21 
39 148 
50 64 
22 112 
145 24 
125 23 
111 152 
63 93 
146 60 
140 49 
50 85 
128 126 
66 79 
83 153 
28 62 
25 136 
9 12 
145 106 
126 88 
125 82 
143 37 
19 114 
103 56 
81 125 
91 82 
5 20 
39 17 
100 52 
48 45 
56 73 
25 125 
84 6 
122 58 
54 62 
44 134 
122 141 
45 95 
155 98 
88 81 
128 37 
88 54 
53 94 
33 10 
34 74 
83 147 
17 142 
19 28 
106 48 
79 112 
75 137 
115 7 
83 12 
111 68 
19 92 
113 71 
61 77 
97 111 
12 108 
58 145 
78 146 
132 53 
88 106 
68 126 
155 17 
89 142 
142 61 
50 60 
58 66 
141 80 
88 146 
154 147 
108 142 
32 18 
66 74 
100 54 
50 98 
76 67 
44 143 
27 153 
62 22 
26 138 
106 51 
28 61 
75 61 
22 21 
143 82 
154 114 
18 3 
81 79 
22 99 
87 90 
122 83 
151 91 
129 89 
111 39 
65 48 
37 117 
142 116 
106 4 
38 26 
93 59 
38 153 
138 128 
132 50 
95 154 
69 53 
124 110 
79 125 
120 40 
111 43 
64 145 
129 9 
16 68 
151 101 
11 125 
81 63 
126 59 
32 99 
133 18 
18 149 
50 106 
145 85 
72 77 
4 75 
139 106 
117 26 
151 125 
31 25 
99 40 
136 3 
144 36 
75 73 
31 5 
84 9 
67 14 
131 133 
51 19 
22 100 
61 7 
70 12 
42 133 
47 79 
48 152 
71 82 
38 86 
39 65 
54 12 
116 119 
130 28 
56 16 
55 141 
40 143 
141 96 
25 18 
48 75 
115 72 
150 101 
37 129 
112 59 
149 59 
142 69 
24 126 
62 131 
135 52 
29 6 
130 22 
50 117 
10 51 
150 18 
73 143 
80 121 
123 82 
60 132 
33 70 
140 144 
77 147 
17 50 
140 90 
94 147 
48 92 
31 3 
116 128 
56 24 
70 49 
126 120 
110 122 
85 30 
50 39 
97 99 
124 47 
84 132 
46 147 
42 70 
41 111 
153 145 
127 152 
40 11 
31 72 
80 107 
34 33 
40 123 
130 92 
152 144 
40 67 
3 67 
144 116 
23 35 
32 108 
48 108 
150 142 
65 66 
134 86 
28 14 
15 28 
135 151 
104 70 
143 38 
14 137 
150 61 
18 55 
22 42 
90 74 
147 43 
60 26 
154 129 
6 15 
67 98 
81 74 
8 129 
134 124 
16 96 
151 24 
92 106 
92 142 
113 57 
64 153 
68 37 
81 68 
104 77 
6 12 
150 73 
143 64 
105 62 
18 119 
150 111 
131 72 
75 14 
107 37 
21 58 
40 26 
97 28 
62 106 
149 33 
89 151 
4 143 
125 130 
85 90 
118 129 
103 51 
119 85 
27 52 
120 82 
155 78 
95 102 
28 128 
152 65 
137 22 
103 3 
32 9 
126 125 
12 17 
48 57 
87 56 
69 131 
61 32 
67 38 
118 123 
49 153 
8 23 
137 146 
31 38 
57 13 
33 53 
106 23 
36 146 
20 55 
103 109 
118 119 
15 23 
26 27 
75 45 
100 21 
142 148 
7 62 
57 124 
136 32 
84 55 
134 2 
33 90 
48 93 
28 137 
135 134 
1 90 
7 6 
11 123 
121 63 
61 127 
83 138 
120 34 
14 150 
116 88 
151 3 
143 28 
64 37 
68 2 
137 89 
52 129 
66 45 
55 126 
84 63 
100 70 
88 111 
87 93 
151 120 
32 118 
104 102 
68 76 
126 110 
84 105 
11 91 
52 150 
147 15 
9 128 
15 22 
39 106 
72 113 
60 134 
82 132 
39 38 
5 11 
22 127 
65 86 
74 135 
35 149 
115 9 
43 14 
131 102 
52 58 
58 92 
92 151 
121 2 
108 101 
54 31 
113 145 
29 77 
153 128 
50 28 
75 57 
150 143 
120 6 
145 143 
147 150 
6 151 
116 53 
128 108 
120 108 
22 35 
26 135 
111 44 
28 8 
112 32 
146 147 
43 141 
128 87 
46 71 
18 52 
25 72 
153 42 
26 12 
18 35 
65 27 
15 87 
147 111 
149 72 
92 2 
22 1 
141 102 
144 69 
24 101 
57 59 
91 154 
48 4 
55 104 
64 39 
20 129 
138 53 
56 6 
149 44 
110 41 
141 50 
104 20 
133 104 
21 96 
104 39 
71 77 
89 37 
138 69 
154 107 
2 84 
142 15 
74 143 
56 40 
152 17 
52 26 
120 115 
6 10 
131 68 
114 116 
111 53 
93 65 
84 87 
30 123 
106 153 
61 90 
67 51 
41 122 
1 131 
9 64 
87 77 
12 140 
106 146 
128 89 
19 12 
89 134 
1 81 
15 1 
27 128 
101 97 
82 27 
97 45 
44 129 
155 39 
43 8 
150 151 
80 77 
76 59 
103 108 
61 13 
22 31 
65 55 
100 39 
130 99 
59 86 
32 88 
32 101 
143 27 
26 74 
20 80 
135 106 
97 78 
126 37 
69 134 
154 88 
101 113 
79 101 
141 93 
46 12 
109 13 
144 87 
23 55 
82 155 
102 151 
72 59 
18 120 
40 146 
49 123 
82 47 
115 118 
150 77 
48 16 
8 89 
81 29 
64 33 
14 51 
123 36 
138 51 
42 1 
139 45 
148 126 
33 76 
80 52 
23 96 
26 22 
34 78 
151 145 
112 34 
79 77 
101 43 
117 58 
33 84 
21 4 
53 76 
155 52 
127 120 
54 149 
51 131 
145 38 
29 83 
153 138 
59 111 
35 122 
56 116 
128 149 
32 28 
63 56 
94 90 
95 99 
69 4 
67 62 
39 37 
84 140 
28 87 
74 98 
73 42 
134 53 
64 152 
126 28 
113 81 
107 47 
32 155 
52 33 
8 110 
29 117 
140 87 
114 20 
120 81 
145 4 
82 116 
94 144 
144 49 
83 123 
131 9 
87 132 
42 48 
128 57 
108 45 
154 64 
57 120 
89 31 
140 20 
117 91 
84 18 
11 100 
56 127 
5 13 
51 58 
43 88 
80 150 
141 97 
91 92 
89 87 
57 77 
151 29 
141 120 
120 11 
114 28 
97 112 
9 21 
57 68 
16 20 
110 60 
61 1 
107 34 
46 91 
113 87 
137 102 
69 83 
126 91 
11 97 
94 9 
16 66 
74 6 
122 40 
