200 3471 
220 289 84 232 185 158 135 136 55 190 154 295 83 41 115 198 232 178 57 244 141 111 199 265 63 243 256 19 23 237 168 264 261 249 169 272 285 212 206 2 131 189 272 82 229 226 65 200 192 284 288 209 180 156 273 148 224 245 293 251 277 96 87 187 68 113 128 95 73 162 99 260 300 228 232 95 206 220 269 215 300 200 112 136 234 152 179 294 252 201 149 75 87 228 288 177 101 196 142 293 213 88 1 258 206 133 109 90 280 122 252 126 141 174 3 78 132 107 2 200 163 275 243 231 256 32 293 139 213 234 36 116 233 274 184 120 204 37 159 114 144 206 224 95 130 70 59 56 231 107 93 208 113 117 20 46 23 177 239 47 293 236 298 38 299 221 149 82 44 11 173 293 130 38 54 283 126 112 220 218 236 1 173 141 42 177 227 86 271 25 199 26 16 271 149 87 249 114 137 266 
174 93 
199 2 
174 114 
156 54 
95 5 
79 126 
46 29 
68 61 
94 84 
19 93 
164 95 
199 54 
109 127 
60 99 
59 71 
94 113 
159 41 
93 97 
183 24 
173 131 
23 135 
131 30 
18 42 
162 127 
85 40 
200 133 
63 98 
169 179 
19 139 
66 117 
97 163 
25 162 
128 76 
116 115 
17 171 
92 8 
76 118 
165 125 
65 49 
163 117 
181 111 
111 80 
169 81 
118 88 
178 141 
51 185 
3 197 
124 27 
169 166 
179 63 
58 82 
60 34 
24 107 
189 49 
196 139 
98 37 
125 10 
36 70 
168 162 
42 150 
130 124 
136 146 
54 152 
109 101 
89 21 
73 135 
5 142 
200 103 
147 60 
24 100 
138 11 
147 24 
55 164 
167 189 
62 142 
91 100 
123 156 
12 15 
192 81 
111 41 
99 94 
28 141 
29 175 
184 163 
111 77 
20 42 
76 179 
37 147 
81 45 
153 138 
14 142 
85 139 
129 151 
188 118 
162 156 
99 48 
80 136 
99 123 
184 123 
133 55 
98 31 
118 174 
68 144 
128 151 
166 21 
166 69 
111 5 
121 136 
79 104 
87 58 
21 53 
173 64 
194 26 
111 180 
86 138 
140 99 
36 171 
123 153 
135 91 
78 136 
14 191 
113 69 
92 2 
20 65 
62 46 
47 191 
53 180 
158 85 
23 15 
29 140 
94 176 
56 62 
98 95 
107 30 
177 2 
105 93 
134 44 
181 92 
73 90 
99 105 
42 9 
158 179 
107 6 
49 60 
174 164 
199 62 
186 63 
76 40 
65 57 
122 29 
39 173 
145 3 
22 149 
131 50 
66 91 
2 149 
7 57 
106 155 
16 75 
16 46 
15 117 
119 172 
149 157 
55 77 
143 35 
186 178 
77 81 
157 184 
101 127 
161 139 
33 85 
168 200 
97 181 
52 23 
75 47 
37 160 
8 129 
150 144 
192 153 
128 17 
151 59 
53 82 
49 82 
30 170 
13 104 
39 29 
165 39 
133 151 
91 171 
45 59 
98 69 
123 126 
191 130 
130 85 
194 192 
62 122 
94 2 
33 38 
23 105 
40 1 
104 149 
131 144 
32 140 
25 188 
91 152 
87 200 
109 8 
74 109 
90 148 
170 183 
149 58 
96 155 
65 77 
119 120 
107 145 
106 10 
21 95 
145 29 
184 130 
190 71 
26 84 
39 60 
126 13 
190 41 
85 127 
69 163 
200 196 
69 45 
92 47 
199 82 
113 143 
103 2 
25 20 
123 175 
3 126 
110 162 
86 115 
35 20 
151 103 
83 179 
180 104 
7 73 
188 153 
198 14 
73 105 
155 138 
93 154 
55 135 
190 108 
71 157 
83 84 
55 20 
75 113 
87 4 
35 49 
74 156 
125 28 
87 46 
153 136 
182 127 
185 172 
120 97 
42 13 
152 166 
83 17 
200 104 
81 118 
13 163 
161 62 
53 159 
50 151 
190 62 
20 79 
93 12 
185 52 
109 78 
4 45 
156 52 
165 160 
48 171 
31 70 
78 143 
94 103 
35 123 
158 64 
100 47 
7 88 
19 130 
131 158 
188 147 
110 186 
167 160 
188 58 
104 10 
105 61 
56 97 
193 121 
165 104 
134 21 
38 8 
188 192 
39 65 
107 58 
108 151 
92 121 
191 155 
133 6 
14 89 
150 98 
105 76 
178 163 
186 75 
131 174 
145 60 
132 122 
53 128 
121 46 
154 119 
33 44 
114 56 
90 194 
144 78 
21 42 
106 181 
5 170 
73 14 
2 50 
196 158 
177 197 
58 104 
20 109 
125 190 
118 78 
18 23 
107 49 
56 32 
194 59 
19 96 
133 177 
174 56 
53 38 
188 194 
30 2 
165 199 
145 98 
160 145 
67 61 
10 187 
54 2 
84 33 
86 128 
162 112 
182 199 
158 113 
89 80 
38 71 
132 179 
122 66 
143 43 
112 163 
21 4 
30 119 
119 190 
80 98 
152 158 
9 113 
81 111 
52 179 
157 154 
9 13 
156 168 
162 182 
55 157 
100 164 
46 146 
184 21 
183 16 
176 177 
53 189 
115 38 
53 142 
132 185 
124 14 
65 1 
30 169 
13 37 
55 198 
154 160 
30 20 
48 57 
73 57 
191 194 
84 74 
68 48 
158 174 
192 127 
60 18 
91 113 
168 143 
46 155 
170 33 
65 72 
176 145 
91 106 
191 92 
79 196 
23 46 
96 121 
18 132 
73 152 
20 16 
5 23 
19 168 
85 25 
159 167 
55 90 
63 141 
102 147 
16 1 
101 62 
172 175 
3 139 
2 38 
39 139 
51 99 
125 123 
13 96 
31 100 
69 179 
99 2 
146 113 
178 117 
125 98 
55 102 
98 167 
28 170 
15 122 
6 69 
129 93 
110 62 
97 96 
119 161 
62 181 
164 116 
25 57 
53 167 
37 181 
114 88 
130 110 
75 45 
170 151 
24 170 
75 110 
142 179 
109 89 
175 28 
160 81 
28 173 
122 74 
82 96 
112 172 
153 40 
3 121 
198 107 
132 139 
48 59 
94 131 
160 49 
71 130 
44 7 
126 191 
186 46 
101 52 
48 88 
117 42 
64 76 
15 26 
107 194 
51 178 
196 57 
11 59 
117 131 
17 74 
166 57 
51 96 
173 200 
103 172 
171 1 
17 130 
50 96 
127 38 
100 48 
33 66 
13 144 
182 53 
29 183 
145 153 
177 40 
94 64 
22 3 
105 49 
134 111 
182 68 
25 49 
90 83 
45 101 
126 50 
82 66 
47 61 
1 12 
200 53 
121 191 
186 10 
197 86 
72 119 
53 73 
2 170 
67 7 
129 68 
128 88 
152 76 
18 142 
36 87 
52 120 
193 154 
84 57 
128 150 
83 44 
199 56 
199 180 
62 20 
27 43 
95 179 
105 125 
145 65 
197 62 
157 197 
176 19 
162 94 
193 132 
99 101 
164 113 
159 12 
39 176 
83 140 
40 183 
21 198 
103 139 
64 110 
35 169 
166 13 
180 42 
128 3 
74 127 
5 63 
168 194 
97 186 
168 170 
109 198 
79 171 
18 71 
6 150 
137 153 
115 158 
163 44 
15 154 
196 15 
76 18 
191 131 
61 63 
97 29 
53 24 
20 72 
129 63 
148 123 
179 11 
116 155 
165 193 
173 71 
75 169 
29 84 
179 130 
117 49 
78 169 
158 61 
134 47 
166 48 
31 142 
91 102 
43 62 
146 116 
98 113 
26 168 
77 149 
54 124 
95 112 
51 143 
10 153 
127 153 
161 29 
99 27 
40 94 
10 58 
138 188 
7 137 
192 44 
105 178 
112 196 
143 90 
166 1 
94 42 
187 179 
149 41 
58 142 
152 81 
195 132 
88 137 
145 196 
72 167 
5 93 
149 5 
196 49 
59 88 
57 83 
119 63 
81 120 
50 41 
100 5 
50 149 
139 141 
44 174 
81 14 
189 104 
169 6 
76 115 
192 168 
152 74 
77 173 
114 42 
4 153 
165 105 
68 4 
183 81 
186 27 
117 100 
87 12 
1 167 
42 198 
24 28 
3 110 
147 136 
180 62 
181 87 
61 79 
47 51 
54 101 
56 1 
185 160 
112 139 
58 128 
56 150 
22 144 
161 74 
158 6 
29 107 
199 35 
109 118 
116 43 
127 5 
84 87 
110 117 
125 122 
161 146 
97 40 
115 89 
88 160 
83 36 
126 26 
1 107 
58 101 
105 173 
60 82 
135 116 
110 139 
52 186 
81 102 
54 18 
152 125 
134 140 
64 164 
39 48 
24 148 
176 141 
184 55 
124 49 
154 41 
91 163 
187 141 
186 1 
6 124 
133 195 
76 149 
84 142 
174 176 
188 97 
68 45 
93 6 
33 161 
113 95 
190 126 
116 4 
52 95 
16 82 
171 169 
47 68 
134 20 
174 169 
102 15 
48 196 
167 161 
17 26 
113 40 
128 43 
95 150 
42 60 
155 151 
176 98 
153 120 
34 103 
183 73 
187 194 
197 5 
125 63 
123 90 
124 169 
27 146 
101 65 
155 149 
150 110 
77 199 
106 130 
165 131 
47 178 
107 75 
99 70 
181 91 
36 192 
59 197 
64 60 
47 12 
2 193 
38 5 
130 44 
142 3 
131 48 
181 86 
150 124 
19 21 
148 162 
67 18 
34 27 
93 4 
98 70 
25 78 
167 181 
100 196 
150 181 
54 26 
98 161 
157 127 
180 56 
55 166 
143 135 
116 118 
15 44 
32 198 
89 121 
173 194 
155 78 
102 127 
190 184 
63 126 
37 104 
105 170 
51 57 
11 8 
56 89 
196 88 
180 193 
68 17 
103 84 
134 149 
95 15 
16 77 
57 45 
131 63 
145 184 
53 136 
7 126 
196 180 
26 178 
163 61 
106 147 
70 63 
183 153 
160 22 
78 65 
156 157 
176 196 
24 111 
187 153 
1 95 
144 134 
121 15 
83 177 
66 98 
183 151 
128 137 
31 138 
132 48 
105 65 
95 110 
46 101 
170 134 
61 94 
1 50 
90 79 
30 33 
48 42 
22 140 
115 106 
2 105 
64 34 
59 149 
103 56 
121 9 
186 79 
187 82 
191 129 
129 88 
179 50 
64 144 
17 62 
59 163 
169 168 
192 7 
25 74 
17 115 
156 51 
167 103 
137 8 
42 64 
10 44 
129 86 
38 105 
198 162 
170 152 
56 183 
100 66 
132 93 
37 139 
74 175 
33 117 
51 179 
62 45 
121 192 
36 27 
94 8 
182 43 
30 183 
13 139 
42 91 
163 174 
48 7 
59 101 
148 60 
146 163 
96 93 
55 52 
60 118 
155 139 
25 198 
94 163 
119 152 
170 163 
64 150 
100 181 
182 99 
168 157 
43 66 
107 84 
6 155 
127 167 
56 165 
99 175 
25 123 
195 51 
35 147 
163 107 
138 14 
60 15 
198 165 
98 109 
124 157 
12 181 
85 196 
18 193 
130 16 
116 133 
190 156 
85 73 
181 107 
135 27 
182 165 
65 121 
66 168 
34 126 
152 72 
124 65 
12 85 
114 40 
15 68 
63 133 
13 92 
161 54 
114 93 
53 56 
29 182 
24 167 
34 52 
158 118 
198 82 
130 89 
21 2 
113 93 
98 8 
31 171 
40 47 
151 135 
144 175 
2 148 
199 20 
59 34 
143 70 
102 172 
17 49 
116 167 
109 75 
155 176 
197 67 
25 62 
35 60 
177 91 
116 194 
169 196 
2 108 
191 188 
112 35 
151 23 
138 168 
49 134 
185 97 
30 51 
192 191 
137 44 
139 65 
118 180 
4 60 
4 44 
89 112 
81 30 
118 138 
142 20 
21 172 
56 127 
50 114 
55 161 
137 48 
50 44 
146 81 
62 34 
169 54 
11 98 
49 7 
72 12 
74 96 
62 198 
75 61 
33 179 
146 105 
161 20 
39 43 
157 5 
114 67 
22 31 
144 12 
14 12 
160 173 
82 137 
135 83 
72 82 
124 97 
7 87 
189 141 
152 113 
21 173 
5 21 
63 181 
124 152 
168 110 
167 156 
23 102 
116 106 
55 1 
180 129 
154 59 
20 78 
148 64 
119 10 
58 114 
148 62 
73 116 
81 164 
2 6 
159 88 
123 75 
50 135 
199 170 
12 190 
87 18 
60 139 
168 151 
18 78 
36 200 
34 38 
90 81 
13 12 
134 94 
16 50 
23 133 
192 37 
161 52 
177 136 
126 82 
175 103 
60 26 
83 136 
73 132 
80 77 
71 159 
74 200 
160 176 
16 127 
173 11 
162 60 
110 151 
186 170 
186 140 
6 163 
102 169 
109 38 
183 129 
57 10 
141 152 
131 123 
27 158 
51 67 
105 4 
12 158 
32 138 
78 161 
33 183 
73 96 
34 14 
153 196 
157 175 
117 105 
156 77 
1 135 
78 114 
181 190 
144 189 
13 26 
18 28 
80 166 
131 20 
133 181 
31 117 
90 94 
109 153 
55 120 
98 92 
49 150 
193 82 
13 172 
119 131 
67 161 
194 85 
170 25 
151 77 
76 195 
105 29 
75 143 
73 6 
154 123 
135 172 
32 81 
101 12 
190 188 
23 49 
32 128 
118 97 
20 11 
149 37 
93 40 
96 70 
47 133 
61 132 
54 31 
76 66 
174 102 
86 149 
84 143 
189 181 
91 79 
54 174 
78 163 
104 60 
30 27 
182 194 
133 65 
147 64 
36 105 
23 117 
142 141 
21 76 
168 123 
26 90 
187 183 
37 81 
101 105 
42 153 
56 140 
76 172 
69 92 
34 92 
167 104 
148 34 
98 114 
35 12 
42 154 
129 175 
11 43 
80 23 
176 9 
61 188 
170 31 
100 183 
169 94 
157 150 
162 131 
155 5 
183 99 
151 152 
29 109 
2 69 
153 154 
87 172 
178 144 
11 174 
22 32 
71 69 
17 22 
16 194 
60 163 
22 191 
140 41 
175 53 
143 9 
191 187 
124 145 
86 185 
89 37 
133 163 
3 178 
117 132 
107 141 
170 169 
77 99 
136 33 
162 125 
40 46 
63 44 
23 1 
195 47 
37 169 
54 103 
155 85 
1 41 
145 120 
192 169 
21 85 
177 167 
67 98 
103 69 
170 145 
18 150 
38 62 
63 170 
179 151 
176 158 
197 74 
28 128 
114 147 
154 33 
91 138 
101 140 
157 16 
184 88 
164 30 
154 196 
95 135 
64 27 
13 76 
44 88 
158 134 
131 153 
199 81 
81 181 
125 102 
74 154 
78 195 
22 154 
12 64 
195 17 
16 177 
32 117 
20 80 
53 110 
43 18 
178 40 
98 68 
31 187 
138 194 
121 47 
197 106 
32 158 
9 114 
151 38 
159 19 
30 152 
126 115 
145 195 
33 2 
96 65 
53 90 
4 55 
31 181 
167 95 
1 175 
140 72 
60 178 
34 131 
152 164 
162 171 
182 12 
22 55 
183 197 
42 32 
192 170 
162 61 
104 176 
159 146 
59 187 
154 62 
119 191 
8 164 
129 9 
162 49 
129 42 
58 62 
29 82 
26 5 
88 66 
159 96 
44 16 
83 30 
42 186 
49 53 
157 52 
46 177 
32 144 
89 69 
71 86 
176 65 
168 142 
115 63 
66 55 
74 194 
99 59 
94 85 
5 113 
162 81 
111 187 
199 134 
117 139 
155 132 
24 171 
13 17 
141 50 
27 103 
128 147 
199 63 
198 173 
96 158 
28 130 
29 27 
161 12 
166 100 
103 144 
48 175 
7 147 
3 115 
173 22 
122 182 
194 67 
117 169 
100 17 
74 99 
112 26 
200 111 
174 121 
121 93 
5 131 
132 22 
145 88 
170 44 
159 70 
111 165 
76 119 
42 51 
79 34 
133 165 
63 87 
70 180 
138 171 
173 55 
40 159 
42 190 
98 20 
142 160 
24 158 
11 117 
77 22 
189 169 
55 138 
176 185 
121 74 
150 168 
96 124 
76 75 
101 67 
66 22 
51 159 
148 55 
84 118 
157 142 
34 200 
185 48 
173 171 
129 19 
159 33 
11 176 
18 85 
82 99 
92 66 
122 18 
114 89 
133 183 
27 164 
47 180 
78 79 
119 36 
107 44 
46 7 
182 70 
148 43 
84 150 
37 151 
115 154 
46 136 
128 4 
71 152 
159 34 
38 110 
15 134 
2 80 
74 32 
153 169 
130 131 
157 1 
143 58 
98 182 
194 70 
94 12 
53 94 
31 20 
117 4 
17 126 
193 136 
2 48 
113 194 
12 45 
93 163 
17 170 
84 165 
120 155 
143 112 
181 99 
11 26 
46 86 
29 55 
19 105 
17 151 
106 160 
162 164 
195 33 
174 46 
17 88 
158 170 
45 38 
129 104 
195 156 
172 188 
145 89 
65 164 
195 65 
195 168 
113 166 
80 131 
78 24 
120 92 
165 114 
171 161 
119 196 
178 136 
151 165 
133 86 
59 44 
80 49 
152 52 
126 145 
32 94 
149 69 
47 176 
73 147 
143 4 
51 10 
148 42 
14 96 
107 196 
38 199 
10 146 
167 56 
134 83 
60 23 
9 17 
131 13 
66 85 
37 95 
132 164 
39 23 
91 62 
95 120 
1 67 
173 13 
171 199 
138 186 
120 140 
136 164 
113 183 
192 39 
87 86 
136 126 
86 64 
60 185 
179 150 
16 107 
104 68 
9 24 
178 37 
13 69 
11 45 
18 57 
35 18 
121 169 
171 140 
13 18 
64 33 
109 51 
91 89 
107 183 
48 85 
134 16 
114 195 
89 1 
55 59 
166 86 
186 189 
88 179 
28 7 
104 108 
63 146 
156 112 
109 31 
42 193 
36 184 
108 27 
167 86 
72 156 
195 146 
191 170 
173 162 
74 147 
27 193 
76 110 
167 143 
5 164 
110 170 
73 20 
88 194 
97 50 
121 157 
53 5 
23 123 
49 40 
156 179 
130 113 
120 76 
160 175 
88 28 
31 58 
33 13 
69 41 
73 119 
30 112 
4 122 
34 116 
174 79 
6 63 
164 28 
79 130 
198 58 
113 178 
73 59 
38 196 
185 168 
8 166 
46 171 
1 25 
95 76 
2 167 
152 137 
30 178 
197 20 
47 136 
128 38 
27 54 
180 35 
14 41 
29 56 
61 186 
89 87 
24 134 
35 142 
98 127 
151 87 
46 54 
37 155 
60 187 
69 148 
181 129 
118 8 
78 2 
199 69 
52 84 
101 111 
157 196 
196 111 
177 100 
190 138 
114 46 
97 23 
119 107 
44 99 
32 41 
92 22 
84 197 
195 175 
163 85 
82 56 
123 173 
133 121 
22 63 
128 46 
159 176 
86 194 
28 80 
122 36 
175 76 
87 136 
42 111 
102 79 
24 21 
146 45 
169 185 
18 121 
155 65 
179 47 
46 51 
180 169 
184 92 
122 189 
13 60 
196 182 
90 147 
5 83 
68 1 
151 85 
95 73 
115 146 
149 166 
128 192 
141 31 
102 143 
1 91 
16 144 
24 124 
144 33 
113 188 
176 179 
70 6 
48 81 
169 7 
109 4 
156 133 
17 78 
54 32 
165 118 
61 65 
63 148 
17 29 
14 36 
177 62 
3 86 
104 55 
51 98 
175 135 
139 66 
13 64 
155 198 
121 114 
55 54 
177 130 
74 171 
62 80 
177 164 
93 170 
115 168 
27 22 
60 33 
17 91 
180 80 
128 56 
182 172 
8 25 
143 174 
65 174 
186 133 
93 45 
6 48 
74 27 
146 8 
180 91 
91 105 
84 151 
104 31 
21 50 
185 93 
78 82 
23 32 
101 168 
188 49 
178 35 
32 159 
185 56 
141 85 
27 45 
99 141 
124 18 
80 141 
94 149 
41 132 
188 181 
185 71 
70 169 
57 169 
194 37 
163 140 
96 86 
128 95 
18 190 
55 191 
40 56 
125 130 
151 48 
198 31 
149 171 
181 134 
95 192 
6 166 
15 141 
81 159 
155 199 
77 41 
194 150 
91 133 
161 10 
57 135 
152 182 
136 196 
134 2 
114 117 
42 119 
184 138 
116 45 
85 90 
87 113 
60 132 
100 99 
72 123 
128 36 
48 109 
154 109 
50 14 
188 151 
27 115 
90 145 
69 65 
173 156 
167 180 
8 67 
34 152 
71 147 
180 160 
66 46 
174 147 
23 122 
188 133 
186 15 
34 163 
118 42 
12 109 
41 8 
138 47 
108 23 
77 86 
11 48 
126 33 
80 156 
105 196 
127 65 
93 183 
48 54 
48 10 
65 160 
63 85 
149 36 
105 10 
188 86 
102 158 
93 42 
154 133 
195 43 
47 192 
91 77 
91 47 
84 42 
127 23 
181 39 
61 119 
115 41 
198 146 
165 102 
197 50 
1 116 
90 115 
20 141 
53 47 
14 171 
23 69 
90 181 
183 35 
143 185 
136 56 
19 198 
185 27 
83 171 
130 105 
55 85 
23 197 
130 18 
141 169 
143 46 
123 3 
20 41 
108 33 
21 28 
37 11 
3 168 
129 182 
51 184 
62 57 
131 196 
4 193 
170 97 
74 110 
116 171 
61 22 
65 166 
155 60 
25 58 
13 75 
148 78 
155 113 
43 183 
195 149 
180 154 
10 32 
171 148 
9 128 
56 173 
172 169 
82 73 
19 112 
110 44 
115 136 
105 32 
49 61 
186 101 
115 50 
117 52 
181 15 
28 198 
160 115 
181 146 
45 87 
8 30 
3 118 
35 24 
108 123 
107 158 
194 105 
12 9 
122 9 
88 75 
13 54 
84 113 
66 64 
119 179 
98 173 
129 100 
29 30 
41 61 
13 178 
190 92 
18 162 
22 163 
90 19 
33 46 
16 89 
33 149 
191 162 
46 178 
36 163 
193 117 
190 74 
117 30 
107 2 
142 193 
52 88 
98 168 
102 131 
170 26 
72 22 
58 49 
37 76 
27 160 
5 74 
83 55 
15 105 
88 3 
16 143 
188 14 
44 198 
21 26 
130 112 
38 59 
191 9 
6 4 
30 141 
117 41 
156 23 
33 181 
4 114 
186 38 
97 48 
20 39 
16 25 
142 152 
185 66 
31 133 
193 54 
131 121 
135 101 
55 187 
130 127 
164 66 
121 134 
159 105 
42 199 
45 104 
36 3 
143 163 
179 2 
28 94 
125 85 
153 14 
67 32 
72 19 
63 77 
48 102 
20 85 
59 157 
143 7 
42 7 
116 184 
113 26 
170 118 
47 74 
196 24 
11 124 
45 40 
192 105 
172 108 
161 15 
189 118 
117 97 
63 69 
56 152 
127 91 
193 14 
28 119 
102 11 
167 131 
134 84 
97 175 
160 138 
133 2 
77 49 
193 199 
57 129 
29 177 
91 76 
157 4 
84 16 
171 153 
145 108 
35 121 
198 49 
41 89 
50 172 
153 44 
189 39 
183 138 
65 10 
86 119 
187 13 
156 95 
59 148 
175 43 
111 139 
188 22 
166 74 
180 14 
192 109 
61 88 
161 89 
169 194 
101 53 
42 163 
164 75 
135 96 
111 74 
135 38 
140 60 
19 70 
195 80 
82 44 
8 139 
85 97 
21 13 
67 110 
199 78 
127 96 
5 52 
115 133 
200 109 
90 165 
138 187 
153 18 
168 78 
134 129 
91 26 
83 161 
134 195 
152 92 
129 12 
63 113 
146 196 
92 138 
27 163 
181 61 
132 49 
10 183 
152 150 
141 64 
45 115 
126 102 
134 36 
100 60 
99 190 
200 8 
192 31 
60 14 
22 42 
53 34 
62 126 
132 131 
31 24 
157 144 
81 147 
149 153 
168 49 
66 52 
137 40 
192 154 
80 93 
136 131 
146 90 
10 160 
151 156 
167 32 
113 24 
59 19 
58 157 
100 145 
20 194 
21 196 
69 147 
161 116 
96 6 
81 36 
167 115 
137 190 
6 193 
58 180 
37 47 
127 183 
172 40 
46 68 
154 81 
195 86 
183 69 
84 146 
91 39 
55 185 
47 193 
190 174 
51 27 
21 124 
96 95 
85 31 
156 18 
63 111 
135 198 
89 127 
195 111 
101 18 
185 142 
8 72 
4 43 
173 188 
74 59 
45 76 
96 200 
66 4 
189 54 
72 157 
79 182 
137 79 
191 82 
68 75 
115 51 
37 22 
38 152 
131 184 
148 33 
169 130 
128 6 
96 91 
160 159 
177 116 
185 75 
3 74 
167 66 
16 24 
114 134 
75 115 
102 84 
73 114 
173 40 
120 116 
112 152 
75 40 
62 175 
137 54 
196 129 
62 6 
190 134 
107 65 
114 11 
142 171 
7 65 
30 9 
121 190 
68 136 
164 93 
198 160 
5 109 
71 78 
146 134 
93 119 
43 6 
164 47 
108 32 
170 128 
187 174 
7 182 
71 108 
126 31 
22 38 
108 181 
25 21 
146 14 
16 85 
31 103 
81 7 
148 93 
27 15 
189 165 
26 25 
77 9 
31 50 
8 7 
96 136 
56 109 
200 101 
20 43 
88 56 
92 19 
91 50 
198 104 
93 3 
69 30 
157 147 
176 100 
138 4 
143 47 
16 37 
136 77 
7 43 
61 37 
55 168 
17 189 
182 130 
85 150 
107 118 
38 51 
151 28 
86 22 
73 12 
32 8 
2 111 
21 93 
19 60 
67 44 
181 162 
11 135 
100 11 
106 152 
118 39 
10 137 
176 87 
37 3 
67 111 
150 74 
141 179 
18 149 
48 165 
186 111 
119 183 
191 132 
125 37 
113 35 
4 188 
29 130 
12 155 
71 176 
135 93 
144 173 
64 116 
122 134 
179 140 
7 118 
58 193 
173 88 
155 196 
122 108 
25 39 
70 54 
162 120 
169 8 
183 122 
76 97 
56 170 
196 133 
16 18 
91 198 
83 80 
121 132 
75 21 
66 54 
16 197 
161 164 
194 119 
140 125 
32 58 
152 120 
128 161 
138 175 
5 46 
158 155 
14 174 
144 99 
97 61 
70 38 
68 166 
173 80 
11 90 
65 21 
142 178 
90 141 
136 159 
128 41 
126 198 
54 88 
171 190 
110 97 
153 189 
66 1 
131 24 
25 109 
38 198 
84 67 
43 13 
106 86 
187 2 
175 23 
133 104 
75 34 
169 4 
37 96 
119 108 
99 98 
32 175 
144 198 
192 129 
168 12 
51 135 
162 50 
137 104 
144 70 
195 99 
40 36 
91 49 
130 84 
171 6 
21 48 
181 77 
131 195 
36 176 
18 99 
179 73 
94 114 
123 185 
178 187 
148 108 
94 79 
154 87 
19 87 
53 31 
17 3 
123 190 
181 155 
4 161 
169 88 
26 145 
73 91 
93 118 
68 71 
138 126 
114 184 
16 3 
56 48 
76 78 
7 39 
4 183 
35 88 
160 39 
100 15 
189 91 
166 47 
111 61 
30 36 
48 50 
145 32 
105 100 
140 43 
156 60 
8 147 
105 161 
83 39 
178 165 
198 94 
178 151 
46 157 
3 194 
160 69 
38 171 
151 122 
37 191 
137 110 
146 129 
83 173 
173 138 
150 94 
30 49 
142 97 
92 81 
195 93 
98 135 
34 124 
199 86 
193 161 
21 117 
79 134 
128 111 
134 194 
197 103 
100 112 
136 2 
102 85 
166 11 
158 159 
128 169 
62 50 
17 145 
184 30 
57 156 
103 6 
34 146 
27 131 
54 192 
78 104 
156 4 
34 132 
196 30 
116 50 
179 10 
54 79 
20 21 
138 7 
98 64 
27 77 
189 119 
100 28 
95 158 
64 49 
147 41 
185 13 
32 101 
33 122 
87 178 
58 79 
154 66 
195 38 
126 98 
78 83 
164 16 
174 61 
25 41 
38 170 
154 2 
27 61 
52 146 
103 177 
127 79 
128 71 
47 147 
33 150 
133 52 
89 79 
200 151 
177 88 
53 99 
51 88 
35 69 
148 126 
30 109 
36 170 
171 93 
198 2 
50 111 
200 42 
3 104 
82 91 
103 130 
87 69 
6 94 
103 39 
31 80 
87 137 
108 136 
49 119 
59 134 
103 80 
100 124 
102 108 
180 143 
47 120 
110 72 
120 123 
198 124 
101 106 
198 73 
147 158 
81 158 
144 199 
31 47 
50 145 
197 87 
97 198 
47 60 
188 177 
8 31 
140 154 
190 129 
134 19 
85 170 
45 163 
140 146 
63 197 
129 154 
42 74 
172 20 
43 98 
71 188 
46 137 
151 141 
132 127 
4 58 
47 6 
183 167 
193 164 
39 122 
65 26 
112 82 
179 123 
45 188 
184 120 
190 16 
48 91 
49 148 
160 59 
199 98 
167 195 
81 114 
104 20 
85 43 
91 156 
6 194 
7 68 
171 62 
153 7 
96 130 
83 21 
192 134 
89 10 
142 37 
27 118 
106 131 
83 194 
69 51 
109 55 
168 187 
86 27 
144 21 
101 133 
63 91 
95 199 
114 188 
100 154 
111 132 
85 28 
16 128 
69 19 
125 26 
27 105 
5 76 
125 38 
192 172 
73 196 
61 74 
79 2 
78 90 
165 98 
16 41 
34 107 
137 11 
56 28 
29 136 
121 2 
156 71 
132 16 
196 152 
84 173 
182 85 
198 50 
47 186 
81 51 
116 192 
15 98 
104 17 
126 87 
44 56 
185 151 
155 105 
55 38 
92 199 
29 83 
63 171 
94 196 
82 167 
151 98 
66 110 
93 123 
177 175 
17 46 
87 128 
160 132 
124 15 
92 155 
174 192 
149 72 
44 138 
27 199 
188 64 
91 179 
198 180 
186 80 
7 92 
136 16 
176 122 
2 188 
198 128 
76 189 
36 148 
25 27 
31 21 
177 64 
112 32 
191 153 
80 198 
111 12 
43 79 
170 73 
12 57 
3 125 
22 139 
42 124 
86 175 
135 17 
40 71 
45 58 
73 40 
34 25 
172 92 
54 147 
176 143 
5 51 
94 185 
115 183 
151 53 
149 78 
127 129 
19 36 
114 54 
138 18 
174 184 
52 139 
159 52 
128 195 
165 177 
11 47 
113 1 
46 88 
156 3 
166 153 
114 128 
86 97 
82 155 
102 159 
60 16 
107 105 
39 34 
83 65 
98 39 
106 18 
86 78 
116 81 
149 23 
136 54 
159 103 
45 136 
140 65 
26 150 
191 64 
1 11 
8 3 
116 154 
102 49 
200 163 
101 96 
31 180 
121 5 
94 181 
80 158 
111 75 
87 105 
123 15 
26 14 
183 1 
187 149 
176 118 
110 35 
156 200 
42 98 
194 160 
120 185 
25 13 
200 19 
79 194 
41 177 
174 49 
103 7 
104 135 
13 20 
89 32 
141 117 
144 66 
83 163 
140 196 
4 164 
33 177 
122 143 
94 145 
25 7 
10 61 
88 190 
44 104 
135 49 
193 20 
147 137 
54 84 
174 88 
171 77 
136 181 
8 108 
119 127 
103 14 
37 8 
60 31 
10 142 
42 135 
55 112 
53 103 
171 12 
167 60 
146 49 
112 87 
88 34 
84 61 
36 159 
68 13 
167 102 
88 183 
119 5 
183 46 
52 45 
57 108 
111 38 
177 186 
97 197 
74 4 
82 124 
162 39 
147 28 
147 101 
7 45 
133 197 
146 92 
61 140 
21 49 
168 184 
87 85 
104 25 
117 154 
161 138 
174 38 
28 86 
184 54 
187 167 
122 77 
65 157 
116 111 
39 95 
60 136 
72 150 
92 27 
146 40 
118 36 
187 125 
152 60 
196 187 
58 15 
172 16 
104 69 
116 35 
198 185 
112 41 
98 152 
153 97 
113 65 
138 57 
24 86 
32 186 
51 129 
69 172 
30 200 
74 117 
103 72 
186 191 
160 181 
77 26 
172 132 
131 59 
31 63 
120 4 
124 154 
151 91 
98 72 
61 76 
151 9 
144 196 
68 114 
161 125 
142 39 
12 151 
22 116 
130 5 
102 67 
163 139 
34 187 
142 26 
112 71 
158 77 
157 35 
61 117 
20 17 
113 76 
24 57 
63 72 
110 106 
10 123 
129 10 
138 73 
19 193 
162 90 
161 32 
111 120 
10 195 
131 113 
88 116 
104 89 
4 174 
154 181 
131 57 
141 192 
96 175 
178 164 
164 151 
169 80 
75 37 
65 53 
48 101 
188 131 
168 33 
94 108 
44 158 
141 61 
102 46 
58 173 
77 170 
3 141 
20 7 
87 21 
19 3 
198 138 
11 136 
163 73 
110 82 
89 33 
68 42 
100 113 
193 181 
44 135 
14 113 
35 167 
139 96 
118 198 
109 84 
174 74 
92 85 
119 4 
135 89 
108 50 
73 19 
139 57 
136 1 
144 169 
122 5 
101 84 
23 4 
59 93 
34 161 
115 169 
96 193 
163 5 
113 129 
1 200 
28 89 
161 137 
76 44 
194 92 
176 41 
143 32 
135 64 
156 61 
32 72 
179 197 
51 44 
59 17 
137 97 
189 29 
50 46 
191 45 
139 144 
24 110 
147 12 
183 178 
100 20 
72 10 
87 92 
115 131 
155 4 
41 146 
151 114 
43 49 
53 54 
129 153 
27 76 
175 5 
6 60 
142 71 
134 193 
84 51 
42 162 
59 6 
164 179 
22 5 
165 40 
27 37 
177 5 
161 99 
102 24 
3 97 
180 121 
89 19 
179 53 
195 46 
153 178 
79 168 
183 134 
49 63 
168 90 
95 147 
99 22 
101 55 
177 183 
95 140 
69 8 
24 97 
192 138 
125 99 
125 66 
90 33 
198 170 
80 185 
115 178 
126 158 
111 126 
38 139 
80 117 
168 54 
46 52 
11 42 
149 162 
63 153 
113 4 
83 48 
82 84 
152 114 
21 71 
78 43 
4 13 
199 43 
102 113 
177 154 
37 199 
196 17 
186 7 
81 163 
156 147 
90 111 
88 147 
141 120 
25 40 
186 113 
64 151 
2 18 
92 41 
32 111 
172 74 
191 144 
59 162 
109 108 
50 49 
163 25 
45 189 
35 67 
75 158 
70 124 
47 76 
96 55 
57 154 
159 94 
141 157 
89 60 
174 183 
110 127 
90 96 
105 14 
57 170 
106 47 
28 71 
72 176 
127 194 
31 145 
84 72 
91 46 
43 101 
37 188 
103 157 
57 11 
125 148 
111 193 
86 11 
121 181 
73 139 
75 168 
163 130 
6 165 
11 94 
146 91 
16 39 
169 167 
170 127 
82 149 
68 59 
130 199 
134 173 
143 192 
91 125 
86 186 
190 158 
200 55 
80 160 
27 13 
190 36 
116 149 
73 54 
80 22 
77 102 
156 25 
107 195 
146 104 
97 178 
62 47 
42 137 
148 145 
49 155 
13 146 
71 51 
72 28 
118 22 
70 176 
37 153 
64 59 
70 163 
114 24 
194 71 
116 140 
151 24 
105 179 
150 176 
77 161 
50 82 
146 172 
52 28 
19 190 
73 28 
130 7 
45 1 
126 177 
108 188 
49 36 
58 123 
185 175 
3 11 
37 4 
191 137 
176 133 
12 40 
117 149 
52 107 
35 28 
56 43 
131 46 
192 38 
190 114 
161 190 
91 90 
151 13 
21 36 
109 59 
120 94 
143 61 
26 165 
179 64 
107 144 
144 120 
192 131 
74 123 
127 47 
26 39 
39 123 
45 196 
95 151 
22 12 
156 121 
150 173 
179 57 
12 60 
108 128 
159 114 
30 103 
89 174 
14 11 
24 84 
39 63 
124 159 
106 113 
41 87 
122 199 
67 77 
189 80 
42 3 
28 84 
112 72 
138 145 
192 167 
68 171 
65 177 
72 138 
17 183 
114 61 
65 95 
91 186 
12 2 
98 54 
90 188 
66 51 
35 61 
2 166 
69 188 
134 138 
117 16 
68 62 
5 106 
175 155 
44 95 
38 178 
84 4 
169 151 
144 143 
181 3 
70 142 
71 180 
38 175 
172 139 
106 57 
154 89 
104 81 
36 5 
86 82 
176 61 
66 14 
194 189 
33 41 
158 14 
33 192 
185 173 
96 161 
148 56 
165 75 
28 165 
20 8 
134 42 
5 6 
89 200 
14 150 
54 42 
152 14 
7 10 
54 96 
21 60 
195 72 
97 119 
130 27 
135 90 
46 138 
49 3 
96 22 
70 24 
172 105 
67 150 
194 4 
192 146 
79 149 
11 197 
115 59 
166 185 
145 68 
34 106 
109 33 
110 49 
71 23 
35 146 
61 153 
104 62 
62 15 
100 51 
12 148 
106 100 
154 174 
8 42 
128 158 
121 117 
67 199 
144 86 
200 129 
76 2 
164 189 
129 20 
83 162 
14 192 
110 27 
3 50 
128 23 
156 140 
96 115 
18 179 
153 64 
176 144 
176 175 
1 39 
6 182 
59 67 
186 115 
138 20 
128 69 
184 112 
129 98 
59 189 
64 170 
117 85 
135 188 
68 174 
121 58 
70 28 
60 191 
96 114 
23 189 
22 97 
42 128 
130 98 
81 185 
25 56 
172 170 
36 89 
39 9 
93 147 
139 33 
25 183 
82 182 
80 92 
151 173 
54 85 
134 18 
144 154 
17 120 
129 35 
127 7 
131 31 
162 14 
132 66 
36 80 
101 152 
4 14 
114 29 
58 17 
72 151 
146 178 
70 125 
147 134 
54 81 
35 133 
71 187 
31 129 
72 89 
47 82 
45 37 
153 77 
14 62 
139 87 
96 41 
163 40 
179 148 
122 80 
37 57 
116 41 
66 130 
172 56 
175 180 
96 23 
149 154 
104 57 
121 198 
164 122 
190 140 
11 195 
64 96 
170 76 
175 169 
128 144 
109 121 
91 148 
56 75 
57 137 
160 45 
106 6 
138 30 
61 48 
127 10 
64 143 
53 115 
166 37 
20 178 
76 184 
58 127 
36 180 
111 190 
160 150 
191 177 
33 107 
174 101 
48 134 
181 34 
142 130 
124 2 
37 46 
166 171 
101 171 
172 84 
62 27 
111 137 
75 125 
199 7 
142 159 
162 64 
133 102 
46 21 
62 78 
194 195 
159 56 
42 95 
190 118 
1 54 
103 128 
37 112 
105 131 
144 83 
188 15 
8 133 
6 51 
119 44 
35 182 
136 3 
93 20 
3 18 
106 184 
40 98 
4 75 
161 110 
107 162 
28 93 
91 134 
94 106 
18 73 
18 77 
15 198 
86 153 
18 168 
45 152 
159 117 
130 93 
116 60 
144 164 
2 123 
17 132 
92 33 
69 18 
159 108 
6 67 
7 146 
4 77 
178 24 
33 15 
122 84 
183 156 
52 108 
150 89 
38 66 
197 122 
131 91 
199 118 
36 124 
33 75 
7 70 
150 17 
35 42 
149 159 
182 176 
193 152 
109 44 
144 161 
177 48 
174 52 
131 2 
132 63 
200 161 
132 97 
90 89 
4 189 
8 197 
142 15 
28 186 
77 108 
45 198 
35 163 
97 114 
52 178 
193 53 
191 78 
156 63 
92 90 
199 172 
111 51 
2 93 
74 115 
167 39 
59 26 
83 74 
162 150 
89 111 
148 5 
9 104 
115 36 
183 57 
128 136 
29 50 
101 124 
22 30 
68 138 
51 126 
103 189 
92 137 
40 174 
24 123 
36 7 
18 102 
161 124 
98 174 
93 177 
81 10 
130 64 
135 26 
72 144 
89 137 
100 140 
