129 4639 
170 51 204 234 130 201 137 234 290 99 113 166 68 193 12 39 257 149 29 219 134 142 4 18 299 282 235 188 279 229 291 214 176 126 88 64 3 53 158 143 156 150 104 123 250 281 249 6 207 115 280 178 218 52 243 260 149 259 223 95 277 102 295 294 22 66 79 46 252 215 79 267 26 230 162 187 231 72 90 83 172 118 40 216 32 112 204 92 279 204 55 102 189 121 241 25 234 217 185 91 284 39 33 137 244 166 203 107 142 146 43 222 97 198 41 211 299 24 109 82 297 291 66 235 270 256 198 14 204 
25 47 
44 25 
57 41 
66 73 
2 128 
119 89 
58 19 
67 16 
22 67 
120 61 
93 32 
90 27 
104 97 
27 60 
26 93 
16 26 
28 68 
81 17 
122 123 
23 21 
78 73 
39 82 
56 59 
80 16 
124 24 
9 25 
9 4 
6 2 
80 43 
97 92 
28 23 
95 123 
20 36 
80 75 
113 2 
80 37 
4 74 
61 86 
124 9 
75 41 
73 33 
35 7 
95 75 
26 65 
100 43 
21 68 
23 99 
49 75 
48 15 
113 100 
35 86 
109 36 
34 33 
29 75 
17 76 
117 29 
8 125 
89 114 
66 75 
116 5 
127 65 
19 88 
120 27 
127 129 
3 11 
88 4 
58 81 
129 55 
30 36 
19 47 
50 85 
122 93 
105 19 
15 124 
68 35 
10 9 
106 57 
92 122 
57 75 
89 129 
93 129 
109 53 
101 25 
82 44 
25 126 
79 20 
70 53 
87 70 
46 112 
7 119 
128 37 
21 2 
8 107 
89 30 
30 57 
83 67 
64 15 
7 16 
120 73 
122 127 
8 108 
61 42 
33 5 
125 64 
117 114 
98 112 
126 109 
119 60 
32 98 
99 64 
11 92 
92 22 
94 116 
128 32 
59 15 
92 54 
112 52 
78 108 
41 65 
113 14 
90 118 
55 110 
54 30 
95 9 
77 92 
50 5 
120 119 
59 50 
30 85 
94 106 
117 53 
33 31 
20 122 
114 39 
64 21 
22 81 
124 126 
90 81 
44 84 
87 51 
100 32 
97 79 
59 49 
71 8 
73 80 
85 72 
84 29 
12 65 
22 64 
125 120 
101 36 
43 61 
88 125 
75 59 
119 101 
5 88 
122 46 
101 74 
90 48 
58 57 
34 32 
38 30 
46 64 
69 106 
27 11 
25 103 
34 86 
111 74 
81 96 
102 126 
51 45 
18 24 
123 6 
37 101 
74 113 
84 2 
61 8 
116 97 
72 111 
72 56 
14 42 
21 129 
73 48 
3 44 
116 22 
51 109 
76 11 
30 45 
86 70 
9 15 
23 36 
43 101 
47 123 
114 45 
61 1 
74 36 
48 20 
126 17 
78 3 
102 51 
3 114 
90 69 
45 50 
84 10 
108 18 
55 121 
37 34 
95 87 
99 56 
27 33 
108 42 
71 127 
80 25 
76 25 
23 98 
21 118 
112 62 
114 83 
3 49 
105 1 
119 1 
90 102 
31 61 
45 94 
9 52 
12 67 
32 102 
85 82 
28 39 
61 72 
6 43 
54 24 
115 90 
118 74 
2 63 
26 109 
65 7 
61 78 
55 102 
23 106 
48 115 
1 86 
93 23 
41 112 
76 14 
46 54 
116 1 
21 67 
73 104 
102 27 
4 85 
33 13 
103 66 
23 53 
129 111 
60 7 
120 77 
79 102 
110 18 
16 62 
9 103 
33 84 
109 28 
102 113 
66 65 
80 68 
5 104 
77 20 
8 56 
50 65 
101 77 
17 64 
33 91 
62 21 
59 122 
10 50 
20 92 
70 41 
72 100 
77 97 
81 54 
9 56 
121 108 
82 35 
113 39 
36 32 
88 47 
83 13 
13 46 
26 14 
82 2 
14 116 
13 52 
113 104 
27 125 
95 104 
30 74 
70 78 
103 28 
14 19 
36 77 
3 93 
29 17 
91 65 
36 48 
106 36 
66 1 
16 44 
110 59 
69 111 
51 53 
20 11 
52 129 
48 43 
109 86 
1 38 
124 125 
72 90 
9 74 
121 64 
89 36 
116 11 
63 98 
97 13 
33 35 
40 14 
112 116 
89 111 
34 105 
18 75 
106 21 
27 87 
94 105 
116 86 
110 29 
97 94 
108 114 
59 116 
124 45 
71 88 
93 61 
118 50 
2 55 
92 76 
59 123 
52 105 
22 88 
80 86 
85 107 
101 30 
86 12 
51 91 
63 94 
47 70 
42 65 
31 17 
25 120 
83 18 
28 42 
111 13 
71 62 
117 66 
5 123 
37 75 
12 2 
105 107 
115 128 
13 116 
120 62 
58 65 
42 81 
11 1 
40 72 
62 94 
92 78 
13 89 
100 54 
113 12 
87 110 
57 11 
86 24 
31 64 
113 89 
87 66 
63 96 
118 96 
74 63 
25 2 
128 72 
97 56 
37 72 
36 45 
21 125 
6 63 
15 95 
93 7 
85 99 
50 79 
11 17 
107 53 
122 42 
42 84 
4 102 
103 76 
80 30 
84 50 
54 123 
51 101 
124 47 
95 29 
64 20 
111 37 
41 37 
4 42 
47 69 
49 83 
129 81 
19 126 
99 22 
77 103 
23 116 
42 98 
35 30 
105 16 
52 97 
40 74 
15 43 
126 11 
100 95 
97 40 
15 103 
74 72 
32 121 
10 105 
99 61 
4 115 
104 122 
46 21 
18 55 
51 30 
30 41 
113 103 
30 71 
85 80 
20 44 
35 125 
29 68 
44 109 
77 74 
98 107 
5 75 
101 1 
15 38 
107 59 
23 82 
126 98 
50 93 
114 71 
81 87 
16 88 
71 66 
119 64 
110 88 
69 85 
8 60 
123 50 
91 129 
100 89 
4 121 
36 2 
23 127 
29 58 
128 27 
36 128 
110 76 
115 3 
13 8 
79 71 
33 101 
76 46 
73 39 
105 113 
96 53 
18 80 
51 86 
43 66 
113 11 
2 38 
35 32 
21 92 
32 57 
104 38 
86 96 
7 36 
97 107 
49 119 
61 76 
33 60 
55 38 
106 72 
78 64 
123 1 
2 120 
84 37 
127 118 
104 87 
120 117 
60 99 
25 8 
82 21 
24 37 
121 63 
35 116 
121 87 
99 13 
57 42 
76 3 
69 75 
34 45 
108 109 
7 81 
65 56 
56 17 
28 100 
51 124 
19 90 
101 47 
70 93 
51 42 
18 102 
33 61 
100 64 
70 4 
71 53 
10 111 
126 71 
58 104 
109 43 
105 9 
34 122 
108 51 
70 33 
116 54 
99 76 
94 93 
48 3 
86 97 
123 88 
40 17 
29 129 
8 1 
3 107 
58 28 
15 79 
46 9 
82 53 
13 57 
32 123 
65 35 
70 102 
37 29 
97 67 
108 50 
112 105 
37 52 
100 112 
123 124 
108 94 
74 107 
50 86 
110 11 
91 67 
44 32 
116 34 
123 75 
29 22 
107 44 
60 2 
19 42 
84 60 
129 27 
58 70 
30 24 
100 80 
101 111 
76 16 
123 117 
73 24 
106 62 
56 19 
105 123 
73 4 
3 77 
94 52 
113 110 
114 1 
83 38 
63 62 
5 37 
80 102 
96 65 
120 43 
2 11 
49 103 
21 9 
71 17 
126 121 
63 61 
39 109 
49 52 
111 51 
29 128 
21 88 
61 26 
1 120 
76 79 
10 68 
13 91 
43 11 
58 118 
119 15 
85 68 
34 107 
76 59 
119 72 
119 68 
54 55 
41 118 
1 43 
89 48 
78 35 
106 84 
119 94 
20 4 
61 64 
103 13 
69 29 
22 7 
25 83 
29 1 
31 75 
73 22 
129 19 
81 66 
94 64 
56 109 
115 86 
119 17 
38 8 
129 35 
74 67 
30 52 
59 17 
121 116 
105 59 
40 49 
86 55 
50 22 
62 64 
93 125 
4 99 
61 14 
90 54 
36 126 
93 73 
70 83 
118 107 
95 80 
3 42 
77 96 
127 98 
87 3 
95 63 
9 72 
76 21 
20 101 
25 127 
86 114 
70 29 
108 84 
88 102 
53 79 
7 99 
111 43 
97 73 
23 11 
93 87 
128 21 
120 106 
14 35 
102 59 
43 32 
91 36 
8 114 
118 12 
65 29 
104 70 
2 40 
73 49 
63 109 
107 51 
12 72 
34 70 
65 121 
68 111 
27 43 
72 88 
27 70 
85 52 
21 109 
69 121 
57 77 
18 91 
119 4 
114 58 
71 42 
30 94 
28 79 
42 105 
23 69 
120 124 
47 90 
46 103 
79 111 
72 31 
41 108 
88 45 
17 8 
114 5 
16 13 
125 12 
53 66 
58 102 
43 9 
54 31 
1 64 
16 49 
75 99 
11 35 
23 121 
40 44 
53 106 
35 21 
81 118 
57 89 
19 63 
13 129 
121 95 
69 48 
80 66 
52 55 
39 128 
109 122 
63 79 
115 63 
68 127 
56 48 
113 23 
112 53 
121 85 
38 84 
91 99 
76 73 
79 65 
10 85 
59 31 
45 42 
102 63 
24 112 
37 100 
93 52 
127 44 
59 18 
125 16 
94 36 
118 95 
81 61 
70 107 
128 80 
22 66 
14 38 
127 11 
60 102 
99 108 
89 9 
69 17 
27 101 
25 109 
23 72 
118 108 
11 7 
118 82 
47 48 
90 114 
57 120 
26 69 
59 121 
74 116 
23 33 
39 120 
84 118 
28 45 
69 57 
82 68 
77 62 
114 76 
123 46 
79 37 
74 100 
32 96 
127 38 
80 110 
44 106 
7 49 
68 97 
106 117 
17 33 
127 64 
12 46 
56 43 
24 17 
64 58 
53 126 
10 116 
53 59 
108 73 
110 104 
21 81 
2 58 
96 17 
88 53 
4 71 
8 47 
123 40 
18 15 
76 34 
62 105 
83 47 
30 28 
10 67 
86 118 
32 81 
111 124 
86 95 
95 85 
29 4 
117 99 
94 68 
27 1 
121 58 
99 119 
86 77 
104 68 
104 114 
125 90 
85 14 
129 118 
26 75 
80 93 
17 32 
42 13 
32 117 
60 41 
89 35 
112 115 
120 31 
64 124 
36 19 
82 111 
70 52 
37 65 
3 121 
69 35 
14 53 
11 46 
38 109 
105 46 
25 53 
87 91 
50 36 
117 55 
128 116 
72 127 
55 33 
90 12 
2 114 
66 82 
8 126 
33 82 
20 37 
125 73 
114 122 
13 126 
85 126 
57 91 
77 117 
46 97 
40 107 
75 55 
120 8 
29 2 
14 118 
65 69 
76 4 
67 69 
35 15 
45 93 
22 23 
112 57 
28 120 
3 35 
28 12 
126 23 
113 52 
28 35 
42 77 
102 21 
64 65 
46 31 
64 38 
66 41 
24 64 
84 115 
97 32 
36 103 
20 53 
54 39 
107 77 
25 37 
7 24 
2 78 
50 9 
119 37 
6 84 
41 51 
129 82 
126 122 
10 6 
42 37 
97 27 
54 57 
65 73 
4 66 
12 6 
92 104 
17 63 
129 47 
20 98 
81 112 
22 57 
126 79 
84 40 
127 90 
70 30 
56 115 
92 118 
71 77 
49 121 
108 10 
120 22 
83 125 
89 21 
90 35 
16 93 
51 116 
53 95 
88 64 
66 21 
32 76 
73 111 
105 55 
43 112 
38 69 
45 107 
53 73 
65 8 
72 1 
100 58 
98 129 
55 126 
47 60 
73 75 
101 65 
99 116 
34 87 
38 115 
95 18 
78 8 
35 74 
26 85 
77 68 
39 14 
19 15 
65 114 
18 47 
50 15 
71 64 
125 19 
80 107 
18 97 
35 13 
2 52 
113 85 
5 21 
105 22 
49 47 
103 52 
126 118 
8 69 
109 115 
38 58 
6 22 
96 67 
108 79 
81 35 
78 11 
127 70 
81 64 
49 57 
95 71 
98 66 
20 102 
105 72 
63 40 
127 45 
48 125 
56 122 
82 104 
111 76 
43 75 
124 58 
58 53 
99 59 
103 102 
3 86 
28 93 
99 79 
92 52 
75 22 
121 109 
113 37 
18 81 
62 129 
53 118 
61 79 
72 77 
73 9 
124 70 
74 125 
97 108 
55 32 
123 10 
41 25 
30 11 
40 100 
87 65 
2 118 
53 56 
83 77 
8 127 
27 19 
22 83 
12 33 
84 105 
76 83 
58 85 
80 92 
78 6 
61 57 
68 102 
112 99 
12 9 
62 98 
79 86 
67 41 
119 70 
128 57 
82 128 
12 111 
32 90 
115 31 
28 69 
47 103 
65 98 
59 91 
82 15 
55 53 
54 80 
86 65 
58 56 
28 83 
51 10 
53 5 
40 19 
82 107 
94 23 
90 21 
52 109 
34 47 
72 21 
95 28 
16 119 
96 76 
39 69 
68 25 
4 21 
124 25 
61 69 
126 101 
20 110 
28 70 
69 126 
129 67 
87 128 
111 118 
104 30 
32 31 
58 21 
1 36 
83 93 
28 49 
15 77 
111 99 
129 122 
85 37 
62 36 
7 55 
62 126 
53 19 
48 79 
90 9 
13 45 
108 45 
80 117 
9 87 
12 25 
11 22 
61 48 
25 75 
67 100 
80 115 
56 11 
100 90 
113 114 
42 44 
30 93 
113 21 
127 15 
51 16 
18 106 
114 14 
62 24 
78 69 
44 47 
54 86 
23 26 
59 125 
55 69 
107 104 
127 96 
34 5 
52 79 
37 70 
17 95 
67 119 
14 112 
128 10 
68 13 
122 79 
90 67 
17 101 
91 64 
92 28 
13 79 
114 15 
44 91 
53 98 
40 34 
53 100 
31 118 
84 77 
40 126 
51 54 
28 114 
58 73 
25 55 
89 50 
67 43 
55 101 
28 127 
6 105 
124 50 
82 57 
22 39 
11 66 
95 34 
53 61 
122 121 
121 118 
68 78 
69 44 
117 110 
121 93 
96 94 
128 18 
121 73 
101 5 
92 117 
68 11 
34 15 
81 5 
9 48 
98 116 
113 38 
77 26 
74 121 
32 40 
63 83 
98 95 
7 62 
99 88 
109 8 
1 16 
55 94 
16 92 
14 21 
67 94 
67 113 
39 27 
10 57 
2 107 
129 76 
72 64 
38 68 
13 38 
20 89 
46 23 
92 111 
94 26 
126 20 
103 94 
39 115 
8 111 
121 16 
34 129 
48 54 
108 126 
67 122 
17 34 
5 109 
87 78 
64 82 
58 35 
129 9 
45 27 
9 92 
127 73 
90 99 
112 61 
9 59 
127 37 
31 37 
45 15 
59 22 
112 19 
23 115 
23 51 
7 5 
48 7 
6 45 
25 105 
61 32 
2 93 
116 40 
32 2 
102 119 
40 110 
86 48 
40 59 
4 17 
86 15 
33 38 
44 61 
21 52 
99 103 
68 59 
106 79 
120 65 
63 93 
52 65 
50 41 
102 44 
66 115 
34 97 
5 68 
113 34 
4 90 
102 89 
79 114 
51 128 
24 19 
59 54 
54 128 
121 20 
112 54 
5 86 
39 40 
11 29 
112 47 
66 42 
53 93 
41 117 
51 4 
111 94 
42 40 
86 47 
126 86 
125 79 
55 42 
105 12 
112 45 
33 8 
119 52 
44 68 
26 68 
42 104 
77 99 
54 111 
105 98 
129 107 
33 37 
30 77 
85 21 
45 12 
81 1 
117 103 
59 12 
128 35 
23 117 
109 105 
125 77 
113 45 
12 23 
81 75 
16 73 
17 106 
63 10 
30 98 
54 95 
37 23 
104 115 
68 70 
96 124 
56 21 
40 102 
126 107 
1 5 
64 73 
91 76 
26 41 
102 62 
119 77 
82 67 
101 32 
105 83 
37 98 
4 48 
32 42 
116 108 
108 113 
10 76 
60 17 
88 115 
50 114 
104 105 
35 64 
8 113 
6 16 
109 9 
87 113 
69 33 
59 14 
107 29 
49 18 
89 53 
7 38 
74 14 
4 61 
26 67 
112 2 
106 48 
78 65 
79 35 
6 31 
119 111 
94 95 
49 105 
47 39 
126 56 
96 19 
61 89 
119 11 
123 2 
54 103 
39 122 
125 17 
34 92 
80 35 
62 110 
26 4 
8 7 
2 3 
113 18 
70 2 
13 12 
28 11 
10 109 
64 29 
51 48 
91 28 
24 57 
38 23 
129 110 
108 67 
86 58 
84 52 
12 95 
106 100 
124 32 
51 85 
93 107 
2 116 
29 25 
125 13 
78 74 
45 43 
13 66 
115 116 
5 117 
126 7 
83 53 
21 33 
1 90 
48 67 
119 44 
59 88 
10 16 
96 47 
74 52 
67 68 
97 38 
36 90 
7 54 
44 43 
50 111 
33 20 
71 128 
43 31 
13 85 
22 45 
48 40 
77 38 
98 38 
45 3 
9 18 
110 85 
4 36 
129 108 
97 129 
88 79 
92 50 
22 79 
21 75 
98 44 
107 95 
79 51 
25 45 
127 120 
99 25 
83 24 
44 11 
11 112 
96 126 
114 82 
18 85 
4 68 
115 81 
117 125 
8 101 
112 85 
95 89 
103 67 
4 62 
48 12 
108 128 
31 91 
75 70 
111 26 
126 123 
114 37 
111 105 
66 85 
25 36 
100 119 
91 42 
52 104 
73 17 
38 124 
90 73 
126 129 
125 72 
25 93 
105 114 
85 77 
45 38 
61 116 
65 85 
29 71 
89 10 
20 73 
87 76 
120 88 
88 2 
119 12 
9 115 
70 67 
25 108 
84 87 
52 28 
20 114 
97 122 
12 34 
7 43 
4 33 
49 51 
78 94 
72 97 
128 83 
106 49 
114 41 
49 100 
81 62 
29 13 
129 38 
54 85 
103 34 
89 2 
85 123 
36 11 
30 42 
123 109 
70 77 
115 41 
5 8 
129 33 
41 129 
80 58 
116 60 
60 79 
27 9 
45 33 
71 94 
78 47 
110 44 
8 116 
33 106 
29 15 
107 62 
22 3 
83 44 
105 126 
34 114 
15 53 
43 84 
72 10 
36 86 
104 65 
50 82 
60 1 
75 97 
85 74 
74 39 
12 69 
5 11 
9 84 
32 19 
114 25 
74 120 
100 124 
94 47 
103 123 
32 122 
1 88 
34 77 
26 25 
38 110 
85 34 
75 64 
3 68 
27 85 
48 74 
7 107 
117 48 
118 19 
97 85 
101 60 
24 52 
41 122 
38 49 
1 3 
54 120 
53 60 
95 67 
22 62 
77 46 
48 60 
55 9 
120 128 
23 63 
8 82 
42 46 
30 40 
51 75 
121 27 
116 70 
103 40 
73 87 
126 112 
2 31 
24 10 
62 60 
6 95 
102 30 
91 116 
9 34 
95 125 
60 63 
17 72 
15 73 
61 29 
8 9 
100 75 
54 62 
22 78 
93 123 
112 111 
5 110 
24 102 
95 105 
23 78 
73 43 
108 17 
99 12 
88 52 
98 122 
67 34 
61 110 
48 22 
16 106 
97 3 
106 107 
8 102 
33 113 
120 9 
116 71 
89 108 
69 49 
75 35 
124 95 
53 103 
62 23 
9 51 
63 100 
111 115 
79 29 
110 65 
29 34 
124 56 
120 35 
65 88 
70 108 
59 90 
72 25 
55 74 
125 68 
129 106 
54 77 
118 60 
63 9 
73 103 
83 69 
68 83 
27 25 
54 99 
25 90 
27 80 
98 77 
72 104 
58 30 
94 11 
117 54 
28 64 
49 5 
78 62 
88 74 
128 118 
66 110 
91 4 
16 48 
111 52 
19 62 
87 14 
86 104 
42 11 
13 26 
80 77 
89 46 
73 110 
15 120 
67 58 
45 21 
100 31 
117 25 
54 11 
45 41 
110 1 
5 98 
13 61 
19 104 
74 70 
87 56 
118 39 
103 51 
102 116 
64 53 
58 68 
115 32 
61 41 
64 47 
112 128 
33 103 
55 98 
74 84 
90 14 
5 80 
6 41 
107 55 
59 65 
91 8 
22 19 
85 55 
27 61 
28 62 
69 86 
99 53 
95 1 
34 41 
38 12 
82 48 
102 35 
26 29 
78 39 
13 17 
81 59 
42 10 
125 60 
122 40 
58 126 
129 121 
105 27 
86 56 
100 48 
89 64 
85 61 
103 45 
7 59 
122 69 
60 46 
5 128 
26 66 
51 100 
124 79 
104 116 
43 81 
83 60 
113 68 
121 96 
2 18 
39 10 
26 9 
119 92 
101 121 
91 128 
80 108 
63 127 
23 13 
122 75 
24 97 
92 27 
77 35 
118 120 
117 62 
123 33 
128 20 
22 74 
12 24 
124 88 
73 30 
33 41 
28 115 
50 104 
13 76 
2 41 
37 83 
16 115 
43 50 
62 119 
123 118 
95 96 
14 15 
78 33 
73 18 
72 54 
24 23 
19 117 
82 99 
95 32 
73 60 
5 14 
25 74 
6 118 
33 26 
55 46 
112 118 
66 46 
124 30 
46 90 
118 24 
105 70 
25 82 
127 58 
30 79 
82 83 
41 10 
53 28 
118 67 
48 66 
54 74 
66 59 
67 117 
57 2 
62 51 
64 25 
104 78 
110 42 
121 15 
81 123 
37 86 
21 50 
125 69 
20 107 
18 57 
43 123 
82 62 
3 58 
2 15 
33 15 
105 14 
114 69 
107 72 
20 28 
60 129 
118 110 
79 112 
5 111 
44 78 
121 106 
109 41 
109 20 
92 91 
26 38 
23 87 
100 29 
19 114 
40 20 
25 107 
86 113 
128 90 
49 108 
56 88 
68 41 
112 82 
96 4 
53 12 
90 31 
67 13 
43 54 
97 45 
88 39 
92 116 
35 34 
86 120 
33 125 
22 94 
8 54 
35 84 
55 80 
93 84 
22 111 
44 123 
64 66 
3 72 
74 41 
109 92 
16 66 
62 50 
34 42 
127 9 
47 45 
91 73 
122 113 
1 103 
105 91 
78 123 
90 71 
88 54 
102 10 
6 96 
99 58 
53 29 
101 28 
115 118 
44 12 
59 19 
2 69 
46 79 
48 123 
84 13 
27 88 
73 23 
85 102 
61 7 
47 85 
76 8 
52 5 
61 105 
16 2 
116 75 
98 78 
45 62 
117 12 
9 117 
116 120 
103 97 
83 120 
27 50 
89 103 
77 41 
35 50 
97 12 
120 7 
69 92 
66 104 
83 4 
101 85 
124 42 
58 79 
87 74 
71 39 
41 100 
123 7 
126 26 
100 93 
128 42 
110 126 
86 28 
53 43 
104 124 
126 84 
82 109 
49 74 
98 15 
5 119 
52 115 
120 14 
86 62 
79 95 
63 92 
98 69 
89 92 
96 122 
18 44 
65 81 
89 91 
27 110 
38 31 
129 69 
71 84 
56 41 
73 128 
122 124 
98 86 
110 81 
107 86 
11 89 
68 47 
116 53 
64 115 
100 65 
92 103 
27 112 
80 40 
25 81 
66 123 
128 124 
9 41 
94 58 
49 128 
14 81 
106 118 
64 6 
19 77 
116 117 
19 93 
42 78 
20 30 
47 10 
19 12 
30 72 
29 90 
15 7 
94 34 
70 113 
72 66 
75 68 
122 108 
27 78 
26 115 
104 96 
13 41 
36 124 
38 107 
73 117 
81 111 
41 35 
18 19 
118 98 
4 110 
33 120 
1 71 
79 27 
14 4 
93 20 
60 28 
17 129 
105 43 
8 79 
82 108 
66 106 
60 31 
129 74 
15 105 
23 67 
82 36 
29 52 
47 75 
91 43 
33 22 
56 80 
45 125 
105 101 
77 116 
91 111 
42 121 
87 45 
58 37 
120 80 
79 68 
19 111 
88 18 
118 15 
42 53 
83 58 
97 39 
70 101 
61 124 
26 108 
43 76 
30 10 
109 4 
39 35 
100 71 
109 125 
98 128 
107 58 
121 77 
118 17 
93 99 
58 101 
71 38 
47 15 
24 69 
8 53 
6 121 
56 85 
95 57 
65 84 
24 98 
56 119 
35 73 
53 121 
108 86 
81 83 
44 39 
41 73 
118 61 
72 92 
35 36 
104 108 
10 117 
60 100 
68 19 
86 60 
34 63 
88 33 
90 22 
6 110 
58 43 
56 42 
66 88 
52 53 
23 8 
15 113 
10 14 
124 22 
62 61 
51 60 
100 85 
22 95 
106 102 
43 24 
107 1 
76 75 
8 22 
37 87 
53 68 
91 68 
6 128 
39 108 
48 129 
70 51 
56 125 
10 5 
109 17 
85 115 
113 31 
40 1 
79 80 
128 76 
1 98 
90 106 
63 5 
122 111 
30 119 
117 95 
110 43 
95 78 
41 23 
13 44 
108 15 
119 73 
103 64 
86 31 
116 29 
118 36 
19 91 
3 70 
19 39 
4 32 
109 81 
103 115 
102 86 
87 26 
20 16 
127 30 
33 42 
18 50 
115 13 
71 49 
84 48 
64 123 
51 74 
86 72 
120 10 
44 9 
22 84 
59 113 
103 19 
43 108 
101 54 
3 25 
41 19 
10 91 
19 70 
27 51 
89 67 
103 122 
99 74 
89 45 
34 82 
23 2 
80 64 
14 7 
48 46 
43 34 
1 67 
54 3 
9 16 
76 126 
23 97 
27 86 
94 110 
41 98 
126 44 
26 100 
86 128 
85 103 
116 105 
5 102 
31 92 
109 101 
60 59 
105 18 
67 35 
32 54 
77 23 
128 38 
50 7 
74 86 
35 115 
40 60 
128 117 
96 16 
1 106 
112 88 
59 13 
54 28 
46 92 
78 85 
97 123 
23 43 
5 82 
75 111 
122 15 
45 71 
29 119 
44 63 
35 5 
57 50 
72 67 
65 6 
93 103 
122 12 
64 63 
15 89 
119 117 
8 93 
36 49 
98 111 
117 58 
4 100 
103 72 
104 120 
71 25 
111 70 
78 122 
35 6 
104 31 
27 13 
48 70 
24 34 
14 45 
21 100 
1 52 
110 70 
23 1 
52 86 
59 32 
2 115 
128 113 
19 74 
55 62 
3 14 
116 4 
96 106 
94 54 
14 88 
9 99 
12 116 
11 90 
31 105 
74 115 
88 103 
31 24 
39 116 
57 92 
61 80 
21 124 
25 94 
39 8 
67 24 
93 17 
37 59 
64 11 
108 36 
66 77 
37 94 
112 4 
63 56 
28 78 
60 88 
58 5 
12 43 
21 126 
62 15 
48 44 
90 2 
41 97 
65 80 
117 112 
71 129 
22 55 
17 5 
18 53 
4 44 
12 121 
96 31 
19 75 
5 25 
7 88 
20 111 
58 84 
108 87 
128 96 
114 36 
2 45 
85 22 
89 49 
104 103 
95 3 
76 98 
36 22 
14 86 
79 93 
96 8 
54 37 
48 62 
46 102 
105 66 
48 122 
21 15 
122 84 
84 67 
127 95 
33 64 
23 45 
116 7 
92 120 
11 26 
115 108 
30 43 
70 63 
110 74 
46 49 
16 19 
89 69 
125 61 
59 44 
89 24 
124 20 
90 52 
86 129 
25 56 
84 25 
56 44 
12 103 
107 121 
21 12 
98 25 
46 4 
79 62 
76 41 
15 13 
23 75 
33 99 
71 106 
44 124 
31 126 
37 7 
89 75 
94 28 
58 110 
110 91 
128 25 
48 14 
4 86 
14 32 
38 106 
38 88 
113 9 
22 115 
61 83 
91 88 
99 21 
79 123 
94 13 
20 82 
58 25 
125 39 
86 8 
49 22 
99 8 
3 120 
110 82 
51 65 
116 64 
80 90 
81 57 
54 53 
95 116 
125 41 
124 40 
40 89 
7 109 
54 56 
113 50 
57 105 
115 93 
4 108 
45 39 
79 73 
23 91 
55 60 
85 46 
129 92 
5 106 
94 48 
99 129 
89 14 
126 38 
94 18 
101 35 
104 18 
118 26 
20 12 
15 109 
94 39 
13 65 
70 84 
120 26 
29 16 
107 101 
92 25 
34 3 
46 27 
41 101 
2 91 
81 82 
77 110 
92 101 
6 50 
129 5 
122 101 
58 46 
30 19 
29 6 
80 50 
20 10 
56 36 
125 63 
83 127 
109 57 
104 93 
72 57 
54 76 
57 97 
112 35 
64 69 
55 1 
29 124 
124 14 
33 19 
5 91 
47 104 
98 21 
41 126 
88 51 
78 114 
126 28 
52 47 
78 14 
60 89 
15 88 
52 48 
95 7 
16 129 
59 39 
104 51 
68 46 
44 104 
114 56 
91 96 
120 20 
84 41 
11 100 
102 117 
60 96 
63 71 
69 112 
62 83 
116 82 
98 43 
14 79 
98 106 
51 20 
99 78 
48 55 
48 32 
69 94 
66 99 
34 53 
104 62 
36 70 
19 29 
66 96 
127 128 
11 120 
105 56 
98 67 
72 62 
106 83 
121 17 
9 110 
119 19 
32 110 
16 54 
1 78 
117 129 
19 84 
39 77 
88 128 
68 20 
47 102 
64 92 
53 63 
40 125 
17 27 
45 11 
98 27 
103 95 
53 47 
17 91 
10 80 
94 121 
70 38 
81 56 
88 26 
101 110 
84 95 
108 107 
38 78 
8 11 
21 80 
127 56 
36 38 
100 115 
11 108 
36 41 
53 128 
44 5 
115 46 
121 13 
22 34 
102 76 
119 6 
20 66 
88 109 
83 6 
31 107 
107 92 
100 73 
122 112 
16 3 
15 101 
95 56 
24 65 
57 118 
76 101 
1 22 
41 7 
123 57 
31 9 
15 126 
26 84 
128 89 
78 9 
29 87 
30 120 
121 92 
6 14 
41 69 
70 32 
121 86 
46 101 
49 125 
68 76 
52 56 
20 32 
16 84 
88 17 
36 69 
32 37 
9 116 
57 127 
44 1 
73 19 
10 114 
27 109 
46 86 
63 8 
22 121 
129 66 
58 27 
62 10 
53 45 
59 111 
107 18 
70 90 
21 77 
55 93 
84 92 
54 69 
80 88 
68 18 
74 98 
122 100 
23 42 
69 70 
64 7 
111 84 
98 33 
111 11 
53 13 
31 45 
101 18 
52 41 
45 121 
93 102 
112 37 
87 112 
28 34 
83 8 
121 14 
20 69 
8 67 
83 5 
63 76 
101 31 
24 77 
48 31 
118 73 
32 82 
97 81 
125 29 
50 26 
26 42 
14 66 
71 15 
29 3 
22 71 
66 102 
9 85 
66 86 
45 123 
11 73 
23 59 
65 30 
122 60 
87 111 
94 40 
110 49 
106 124 
17 48 
103 7 
55 115 
29 57 
111 71 
99 83 
5 47 
96 3 
23 95 
70 6 
24 94 
13 49 
114 91 
31 84 
68 12 
57 68 
122 88 
3 27 
45 65 
124 31 
107 43 
84 72 
16 42 
21 103 
86 88 
36 31 
77 49 
106 24 
83 124 
65 67 
29 83 
75 16 
26 98 
85 11 
86 85 
104 109 
71 43 
128 4 
75 113 
81 11 
77 89 
49 45 
105 17 
123 62 
125 9 
53 30 
124 109 
68 89 
95 74 
65 20 
66 35 
1 128 
80 9 
123 98 
60 19 
6 107 
28 13 
2 92 
66 39 
6 49 
92 1 
23 34 
5 48 
78 97 
3 117 
109 89 
73 81 
8 48 
11 71 
124 107 
47 1 
82 28 
87 77 
119 14 
75 4 
57 45 
114 7 
37 49 
129 123 
54 61 
93 31 
115 123 
39 96 
23 90 
110 33 
26 117 
24 48 
84 54 
6 108 
86 78 
90 13 
104 12 
119 123 
12 89 
76 62 
1 4 
40 23 
125 121 
38 90 
51 127 
50 24 
53 101 
101 104 
1 68 
75 84 
125 105 
117 126 
50 112 
33 71 
78 103 
77 108 
56 31 
98 13 
110 72 
30 8 
89 16 
31 74 
29 39 
47 28 
56 91 
74 16 
112 110 
115 21 
127 99 
117 31 
129 45 
26 3 
100 118 
93 108 
117 8 
59 51 
32 127 
94 112 
61 109 
101 72 
108 91 
57 20 
41 54 
129 115 
23 57 
106 22 
73 84 
62 56 
117 60 
88 40 
126 1 
116 96 
121 111 
59 74 
102 96 
10 38 
28 112 
58 10 
78 56 
43 29 
25 100 
32 10 
1 113 
59 45 
125 75 
22 87 
97 53 
69 27 
113 84 
32 72 
32 118 
78 36 
55 90 
41 96 
68 17 
129 40 
58 77 
68 128 
5 12 
40 90 
73 50 
20 116 
29 31 
105 20 
82 101 
54 26 
2 33 
96 44 
106 74 
80 118 
63 20 
16 85 
50 127 
51 38 
110 125 
92 113 
65 34 
47 42 
31 78 
53 2 
50 14 
3 40 
58 91 
116 123 
49 43 
66 90 
94 51 
96 35 
124 49 
89 6 
61 11 
59 62 
41 93 
31 58 
71 58 
120 12 
49 41 
83 111 
7 28 
41 86 
21 49 
63 126 
103 121 
6 109 
86 64 
99 39 
100 52 
49 120 
62 58 
104 25 
9 65 
79 12 
39 105 
60 111 
88 83 
71 109 
128 3 
123 65 
49 65 
38 56 
117 86 
101 90 
23 92 
49 48 
76 94 
92 36 
39 80 
80 20 
50 94 
32 50 
53 21 
81 108 
28 29 
83 17 
97 74 
74 89 
77 55 
81 85 
59 71 
124 86 
51 36 
66 33 
62 34 
124 46 
9 122 
51 61 
106 103 
33 117 
71 61 
77 50 
38 59 
21 27 
25 97 
109 2 
63 38 
104 16 
57 70 
57 31 
120 67 
72 65 
17 70 
59 55 
85 6 
95 92 
14 92 
62 73 
22 118 
114 29 
57 78 
4 107 
21 59 
51 6 
2 20 
89 44 
121 57 
58 52 
82 9 
13 112 
84 8 
44 97 
109 118 
86 26 
116 84 
110 22 
108 57 
29 49 
106 63 
110 114 
87 30 
22 61 
31 55 
109 46 
78 77 
126 81 
24 99 
50 60 
3 12 
30 18 
88 118 
96 40 
77 105 
90 89 
60 82 
56 120 
14 107 
1 63 
54 66 
83 45 
82 75 
86 22 
33 44 
91 26 
43 51 
103 3 
82 40 
33 114 
9 98 
93 119 
18 34 
37 77 
19 83 
42 68 
118 45 
21 122 
116 19 
33 102 
101 57 
17 47 
75 50 
83 16 
60 109 
55 67 
72 27 
89 29 
31 44 
83 110 
50 47 
49 30 
126 72 
61 15 
115 45 
50 53 
26 56 
50 91 
122 35 
25 123 
68 98 
40 112 
56 20 
54 104 
41 44 
127 113 
27 44 
107 23 
101 4 
49 122 
16 91 
62 103 
72 18 
113 107 
46 88 
97 126 
29 101 
1 109 
30 3 
62 122 
3 88 
111 7 
108 112 
7 100 
54 36 
40 47 
66 45 
87 52 
34 89 
110 64 
117 63 
63 49 
44 116 
90 49 
83 35 
48 11 
44 55 
83 43 
10 70 
113 77 
39 12 
34 1 
59 77 
21 34 
13 86 
31 49 
6 33 
121 114 
36 14 
97 19 
83 59 
78 58 
115 27 
17 62 
37 93 
51 37 
127 124 
118 119 
62 30 
90 56 
5 62 
8 90 
90 93 
29 35 
32 68 
127 13 
21 17 
112 76 
75 114 
73 21 
124 35 
126 116 
91 1 
45 128 
74 20 
74 60 
4 64 
75 71 
46 116 
17 43 
12 115 
59 127 
16 82 
34 109 
100 105 
115 122 
55 47 
110 92 
46 8 
82 71 
63 45 
24 110 
19 10 
125 89 
49 76 
118 66 
24 21 
75 79 
80 59 
5 41 
24 63 
119 66 
15 46 
6 21 
117 85 
119 85 
7 44 
104 111 
44 105 
102 97 
16 52 
99 6 
78 26 
38 37 
70 89 
113 47 
91 77 
30 107 
88 127 
6 25 
82 125 
120 115 
37 71 
53 33 
55 81 
48 71 
86 105 
119 71 
28 41 
123 9 
39 110 
35 20 
47 106 
10 87 
55 109 
26 63 
98 58 
87 94 
100 94 
62 40 
41 11 
60 25 
116 63 
36 100 
82 69 
90 94 
37 22 
125 28 
90 112 
3 83 
128 101 
115 49 
14 18 
3 20 
65 113 
69 42 
34 7 
109 64 
75 48 
13 71 
77 32 
26 112 
98 97 
102 129 
88 82 
79 3 
103 24 
42 99 
57 104 
44 52 
114 4 
110 30 
67 6 
17 107 
100 46 
25 115 
15 49 
104 53 
10 113 
2 47 
46 120 
84 5 
73 46 
36 71 
63 97 
16 15 
19 115 
36 113 
77 52 
62 38 
19 51 
93 21 
127 121 
19 52 
88 10 
3 55 
66 29 
86 92 
100 62 
80 44 
99 124 
95 102 
20 117 
76 37 
79 31 
106 8 
79 109 
91 95 
119 36 
103 79 
65 21 
20 88 
117 27 
91 25 
12 108 
34 4 
26 125 
41 88 
98 125 
40 24 
24 5 
18 69 
106 67 
28 104 
118 47 
39 107 
105 11 
27 16 
43 65 
113 66 
43 37 
18 114 
98 82 
40 35 
25 78 
107 52 
90 75 
38 116 
84 23 
18 32 
106 97 
37 6 
8 89 
42 103 
69 40 
66 61 
16 114 
35 57 
8 24 
46 57 
31 103 
25 87 
127 29 
29 111 
32 87 
70 26 
56 121 
101 6 
128 33 
24 75 
34 69 
11 93 
66 68 
19 66 
22 31 
117 30 
37 61 
3 118 
4 11 
77 81 
119 33 
82 103 
46 22 
33 16 
19 76 
108 9 
55 124 
57 125 
109 67 
113 69 
67 92 
48 103 
1 80 
40 58 
14 97 
16 25 
82 26 
43 127 
80 123 
89 117 
61 55 
111 16 
111 128 
73 69 
112 68 
18 61 
20 5 
62 80 
74 23 
65 48 
14 109 
118 4 
123 30 
8 43 
92 32 
52 54 
43 102 
87 127 
99 41 
61 49 
2 103 
70 43 
19 98 
127 34 
116 127 
39 2 
129 12 
17 45 
4 103 
3 37 
29 40 
72 52 
61 100 
115 29 
60 81 
117 61 
103 56 
127 81 
70 92 
27 93 
128 31 
24 115 
49 24 
79 40 
40 83 
54 126 
84 45 
3 80 
41 81 
13 4 
80 124 
17 120 
21 7 
21 87 
10 7 
30 121 
72 93 
17 19 
6 46 
111 2 
96 72 
56 49 
32 30 
42 76 
76 50 
42 79 
98 56 
11 47 
96 80 
7 83 
31 19 
45 24 
97 16 
81 6 
10 49 
4 113 
94 21 
71 60 
116 125 
128 103 
111 1 
80 109 
81 10 
67 45 
72 116 
113 82 
81 106 
76 105 
124 119 
33 89 
107 75 
61 106 
99 92 
12 62 
129 87 
46 121 
122 26 
48 101 
40 67 
109 119 
49 58 
15 20 
81 76 
63 65 
93 76 
109 72 
40 33 
109 110 
68 129 
19 89 
109 113 
63 12 
96 25 
32 114 
117 91 
81 117 
54 105 
18 43 
70 40 
88 76 
102 34 
110 2 
51 121 
117 124 
39 24 
69 74 
49 92 
28 122 
56 28 
50 46 
76 31 
13 93 
85 44 
31 18 
5 23 
7 72 
91 107 
117 118 
45 29 
76 80 
43 106 
22 127 
86 21 
96 37 
38 60 
100 88 
14 117 
124 82 
13 74 
118 79 
80 48 
83 51 
51 39 
35 37 
76 26 
84 17 
105 53 
33 93 
4 50 
125 67 
44 77 
75 86 
7 86 
125 107 
65 71 
69 32 
77 8 
117 68 
78 107 
71 101 
90 95 
73 116 
95 122 
79 127 
54 18 
87 16 
72 19 
30 15 
25 18 
54 79 
76 86 
83 42 
106 111 
43 28 
85 79 
119 95 
78 76 
74 104 
48 50 
41 14 
123 106 
96 58 
75 46 
111 93 
104 88 
52 32 
31 73 
59 29 
23 39 
103 101 
11 37 
16 78 
83 56 
33 85 
47 32 
34 117 
30 83 
102 41 
23 47 
89 42 
120 123 
21 105 
127 31 
24 81 
104 34 
91 123 
4 54 
58 50 
68 16 
35 108 
73 92 
92 55 
42 95 
56 55 
115 15 
71 21 
14 115 
25 129 
100 66 
120 36 
95 73 
51 93 
102 23 
93 56 
90 15 
56 110 
55 123 
3 18 
129 26 
7 122 
51 18 
114 97 
30 9 
102 1 
87 98 
31 125 
48 68 
88 78 
121 10 
62 88 
91 125 
3 112 
41 55 
22 77 
31 88 
41 1 
39 81 
117 7 
115 11 
67 80 
48 19 
29 99 
50 54 
58 75 
73 83 
71 110 
7 84 
25 86 
57 33 
73 56 
119 25 
74 42 
13 11 
42 20 
15 67 
56 6 
26 80 
27 118 
94 65 
99 69 
59 64 
42 12 
36 58 
63 32 
48 83 
87 100 
100 56 
66 37 
41 38 
127 41 
124 103 
120 23 
92 38 
36 99 
115 107 
117 40 
67 99 
25 38 
17 52 
113 90 
57 16 
6 69 
73 8 
82 4 
76 15 
115 110 
22 113 
59 103 
39 103 
38 39 
112 103 
98 22 
125 36 
54 97 
16 53 
5 42 
51 40 
17 7 
69 15 
82 19 
8 81 
57 71 
57 25 
126 48 
46 83 
119 108 
86 18 
66 94 
14 12 
9 19 
88 69 
29 46 
56 71 
80 119 
64 111 
16 17 
59 98 
81 40 
29 21 
21 44 
106 114 
92 17 
20 59 
109 58 
1 9 
77 48 
60 110 
62 33 
53 80 
20 60 
14 104 
26 7 
30 21 
28 76 
103 91 
52 121 
32 21 
127 82 
101 52 
99 89 
7 40 
128 47 
31 110 
48 96 
64 117 
37 26 
45 102 
52 15 
96 107 
76 22 
21 63 
47 116 
122 117 
21 36 
86 30 
26 43 
59 16 
44 117 
8 18 
45 54 
113 73 
60 108 
110 34 
81 88 
92 60 
37 16 
97 33 
105 118 
42 18 
116 124 
26 62 
22 123 
114 99 
98 103 
46 52 
70 121 
39 60 
100 126 
101 102 
108 102 
43 92 
115 70 
123 112 
105 75 
31 15 
2 129 
56 27 
2 14 
59 86 
35 27 
78 90 
19 61 
127 114 
102 98 
46 99 
117 74 
47 127 
71 80 
52 7 
67 110 
94 129 
17 104 
75 91 
63 118 
81 100 
10 18 
8 100 
86 101 
68 120 
100 91 
67 53 
103 74 
45 16 
112 96 
66 58 
105 68 
27 10 
91 29 
74 119 
90 68 
11 125 
48 41 
125 102 
98 108 
86 106 
91 94 
56 24 
101 80 
17 110 
88 57 
26 106 
96 36 
31 41 
19 86 
123 128 
73 86 
81 113 
104 79 
91 27 
109 91 
67 30 
49 27 
12 114 
25 73 
73 126 
99 115 
21 37 
79 83 
35 91 
67 17 
109 100 
18 120 
129 59 
3 111 
17 122 
102 2 
115 75 
63 110 
8 118 
71 76 
30 99 
62 97 
53 65 
13 69 
115 43 
31 77 
10 4 
30 22 
126 68 
56 116 
20 9 
60 56 
37 62 
14 62 
11 121 
47 14 
100 92 
120 103 
60 61 
123 110 
103 71 
37 104 
100 97 
61 58 
56 82 
85 111 
100 22 
82 92 
47 91 
104 118 
72 95 
116 31 
24 129 
18 117 
8 37 
86 43 
74 94 
17 50 
11 69 
123 63 
9 96 
97 59 
11 21 
13 109 
54 70 
24 79 
27 42 
7 98 
91 40 
67 18 
38 52 
110 25 
5 3 
52 34 
94 6 
1 31 
117 93 
34 64 
44 45 
71 31 
20 87 
63 68 
28 51 
10 23 
37 28 
6 72 
36 66 
29 32 
97 119 
64 114 
88 106 
2 24 
54 68 
7 56 
111 110 
91 101 
23 9 
35 59 
102 6 
99 72 
12 96 
67 112 
49 25 
26 102 
125 20 
36 102 
81 124 
4 8 
60 124 
112 16 
115 113 
87 123 
88 13 
111 18 
20 17 
89 65 
47 24 
45 61 
123 56 
39 58 
107 61 
80 22 
34 20 
121 117 
19 67 
6 23 
126 45 
33 126 
35 97 
85 120 
60 44 
120 105 
61 97 
66 108 
40 4 
95 70 
22 35 
129 44 
110 16 
102 37 
84 102 
55 99 
47 59 
36 16 
13 62 
58 20 
125 32 
1 53 
128 92 
38 118 
97 42 
90 58 
91 9 
18 116 
76 119 
53 76 
69 93 
72 108 
129 1 
30 12 
33 92 
118 87 
105 28 
56 118 
122 63 
51 31 
59 4 
108 88 
99 109 
118 33 
31 87 
5 73 
78 32 
84 47 
57 39 
4 19 
76 106 
14 58 
14 64 
95 36 
96 14 
15 23 
3 119 
51 72 
55 106 
66 38 
53 114 
57 107 
96 38 
9 112 
121 91 
123 4 
43 85 
17 127 
42 117 
82 76 
20 91 
96 114 
77 33 
103 114 
13 113 
127 97 
81 116 
88 85 
75 56 
114 48 
91 84 
73 61 
75 117 
89 93 
70 117 
104 46 
124 75 
57 21 
96 73 
122 33 
87 90 
66 52 
93 65 
41 43 
114 59 
18 35 
35 23 
73 94 
77 64 
78 100 
64 107 
104 85 
113 27 
49 54 
72 117 
71 74 
55 79 
36 59 
7 112 
110 75 
40 66 
123 38 
28 84 
106 110 
108 34 
32 89 
109 76 
95 108 
74 26 
105 60 
125 126 
93 116 
80 13 
16 31 
56 92 
118 49 
125 15 
6 58 
89 52 
27 63 
55 12 
71 23 
125 78 
11 31 
109 85 
40 52 
121 100 
94 86 
22 70 
101 117 
18 123 
122 82 
122 99 
46 113 
46 62 
84 100 
55 35 
69 110 
3 82 
62 47 
111 4 
29 48 
53 17 
61 16 
106 108 
64 129 
45 48 
62 35 
28 6 
9 121 
82 102 
98 45 
127 62 
38 120 
38 19 
99 45 
115 34 
109 74 
82 55 
33 54 
121 128 
35 88 
28 22 
85 87 
100 104 
106 85 
109 98 
106 122 
67 124 
48 102 
7 68 
53 41 
69 51 
123 39 
67 29 
35 49 
23 118 
124 77 
92 44 
95 120 
72 79 
14 34 
64 18 
21 104 
24 26 
118 102 
28 19 
107 81 
69 91 
106 112 
46 84 
87 36 
90 30 
54 23 
15 66 
129 50 
102 81 
91 39 
93 15 
1 14 
117 69 
109 84 
126 120 
34 31 
55 49 
60 114 
12 78 
127 100 
111 35 
50 78 
81 69 
93 24 
104 24 
102 56 
65 40 
40 98 
81 103 
19 8 
85 49 
46 65 
70 122 
29 9 
67 86 
78 10 
23 104 
69 76 
48 28 
41 107 
7 108 
76 7 
64 2 
45 76 
74 33 
94 32 
119 127 
96 75 
107 68 
59 93 
107 28 
87 39 
4 127 
122 73 
15 68 
68 86 
51 13 
34 81 
92 19 
17 90 
81 47 
126 30 
60 97 
120 79 
77 13 
18 71 
15 83 
71 70 
12 126 
2 13 
117 51 
106 37 
28 32 
87 115 
53 113 
63 16 
113 119 
128 126 
16 14 
100 82 
64 30 
122 118 
95 111 
78 49 
32 103 
70 24 
86 29 
105 65 
72 69 
83 11 
72 73 
94 2 
54 67 
80 81 
46 14 
50 37 
18 109 
106 75 
90 124 
62 109 
83 52 
19 107 
126 70 
77 118 
119 112 
38 9 
59 95 
112 38 
71 67 
121 37 
46 98 
3 100 
51 112 
100 27 
128 60 
45 9 
57 117 
43 119 
120 69 
26 18 
7 32 
70 1 
83 89 
19 49 
117 1 
71 117 
83 97 
57 64 
21 112 
112 15 
32 11 
122 36 
62 108 
9 40 
73 82 
6 34 
106 42 
92 125 
6 125 
117 78 
80 12 
10 101 
121 79 
32 106 
45 56 
75 129 
19 113 
106 65 
89 43 
98 34 
9 66 
71 19 
60 85 
7 19 
91 21 
17 37 
46 26 
81 128 
12 71 
38 80 
37 60 
107 67 
43 77 
73 68 
5 54 
116 16 
28 74 
33 95 
59 48 
38 4 
14 33 
110 120 
113 117 
87 7 
34 13 
75 8 
84 104 
55 100 
5 71 
110 35 
128 7 
123 99 
27 62 
49 112 
112 66 
61 101 
121 39 
51 14 
50 20 
43 13 
87 6 
94 15 
6 106 
119 78 
84 82 
77 123 
91 80 
34 66 
18 7 
65 1 
86 10 
115 10 
50 106 
114 74 
43 121 
58 89 
43 19 
11 122 
113 44 
14 98 
102 105 
49 98 
38 72 
27 38 
58 41 
76 113 
12 60 
39 95 
8 27 
57 116 
123 89 
129 39 
90 119 
90 82 
98 29 
129 54 
100 129 
59 3 
75 78 
59 101 
84 68 
129 95 
36 42 
92 102 
85 7 
29 10 
33 127 
15 106 
35 51 
73 63 
81 114 
84 56 
89 127 
112 60 
57 79 
66 55 
2 50 
102 94 
62 32 
72 78 
124 65 
46 94 
32 108 
22 41 
78 63 
115 95 
41 110 
23 80 
16 109 
13 10 
105 106 
46 111 
105 4 
67 4 
83 27 
119 79 
11 67 
73 77 
6 52 
118 18 
68 56 
5 56 
72 80 
107 26 
13 118 
10 94 
103 118 
116 6 
44 58 
6 1 
90 51 
90 129 
94 42 
108 64 
11 50 
120 45 
89 88 
105 122 
114 107 
35 38 
118 35 
90 121 
38 44 
74 82 
64 16 
92 45 
23 85 
68 45 
10 107 
28 18 
107 100 
15 65 
25 65 
84 121 
25 35 
105 67 
40 118 
51 92 
17 103 
79 87 
103 41 
127 61 
4 5 
108 31 
45 8 
120 44 
64 122 
40 8 
39 70 
124 73 
102 91 
10 125 
32 83 
67 9 
15 26 
37 107 
122 47 
94 49 
30 81 
4 55 
82 121 
12 7 
81 86 
96 83 
38 3 
76 116 
47 30 
3 108 
88 68 
55 10 
75 63 
19 45 
93 81 
80 74 
61 103 
2 35 
48 127 
20 115 
77 122 
22 68 
81 98 
27 68 
97 31 
122 68 
75 10 
18 1 
60 80 
76 66 
123 74 
35 93 
92 42 
128 58 
120 93 
1 58 
40 54 
65 54 
32 80 
52 8 
80 69 
67 32 
13 56 
26 51 
36 15 
74 58 
71 51 
17 128 
78 80 
92 124 
88 101 
20 72 
2 73 
23 114 
46 44 
128 40 
7 90 
52 102 
51 98 
106 2 
42 129 
8 70 
128 24 
126 115 
28 36 
113 55 
28 26 
7 69 
101 39 
57 76 
2 98 
13 32 
14 100 
84 39 
59 118 
119 59 
27 34 
26 60 
94 12 
14 126 
8 51 
126 61 
52 67 
57 122 
112 18 
1 46 
17 9 
17 6 
57 67 
18 20 
5 127 
2 105 
74 6 
16 22 
101 99 
98 99 
25 111 
58 32 
51 118 
2 26 
47 82 
38 48 
108 23 
70 97 
102 104 
125 71 
28 81 
120 34 
77 16 
115 36 
39 61 
70 109 
32 84 
93 128 
117 88 
24 29 
102 61 
108 101 
36 97 
22 43 
23 50 
87 105 
2 85 
83 91 
88 8 
93 18 
84 119 
10 12 
31 50 
17 22 
90 18 
28 5 
5 29 
54 10 
115 127 
96 29 
105 81 
54 35 
128 59 
78 102 
50 117 
113 106 
72 63 
93 38 
9 2 
40 111 
117 38 
90 43 
49 96 
100 19 
109 95 
128 16 
14 91 
29 122 
28 102 
3 36 
124 113 
104 67 
105 74 
54 89 
104 128 
33 75 
52 59 
115 91 
71 91 
3 15 
111 100 
96 30 
10 65 
28 24 
89 105 
128 15 
6 122 
26 39 
12 74 
77 28 
30 116 
93 91 
15 81 
13 73 
117 109 
16 95 
7 1 
112 42 
