173 4383 
80 59 292 196 177 173 119 110 30 132 279 262 243 176 16 183 55 111 261 219 227 212 150 234 296 250 87 174 15 198 204 247 88 240 85 17 242 266 180 115 282 106 234 64 143 109 128 167 152 34 106 196 257 251 273 32 206 116 61 101 46 74 243 226 45 240 171 280 260 1 27 182 149 274 297 287 81 61 96 95 237 185 150 81 182 61 68 28 263 130 109 125 169 239 173 250 167 134 4 166 234 153 100 152 231 159 18 187 221 47 287 216 81 141 92 113 164 52 237 212 6 27 176 189 155 33 131 138 131 248 254 291 188 242 237 256 256 234 244 11 120 290 35 181 183 197 133 92 137 133 89 194 177 123 200 207 132 126 30 70 130 210 25 270 229 251 60 120 232 174 232 114 22 
165 173 
66 26 
130 85 
72 96 
126 138 
156 27 
14 22 
145 173 
120 64 
129 125 
2 113 
16 89 
7 49 
117 12 
160 151 
41 158 
18 115 
98 155 
86 88 
123 93 
91 158 
98 76 
46 172 
66 117 
57 100 
166 58 
126 130 
94 148 
95 4 
78 21 
87 139 
146 23 
87 151 
161 144 
166 75 
30 142 
119 83 
144 147 
1 8 
166 104 
70 29 
80 145 
110 84 
71 167 
142 14 
25 66 
117 132 
35 141 
165 160 
121 55 
36 32 
113 16 
42 26 
160 171 
149 168 
154 139 
108 104 
68 14 
108 145 
99 129 
63 129 
67 27 
95 155 
160 131 
67 133 
33 143 
79 139 
76 7 
43 99 
137 107 
67 3 
124 92 
155 167 
80 61 
3 57 
61 136 
24 153 
119 86 
79 51 
61 86 
60 128 
155 140 
53 54 
125 146 
160 114 
82 99 
138 147 
136 135 
64 81 
107 24 
138 45 
3 78 
114 106 
113 164 
171 20 
2 115 
79 99 
141 34 
143 48 
170 23 
116 70 
22 5 
132 108 
100 7 
83 96 
150 128 
24 98 
2 156 
52 68 
23 37 
3 30 
61 47 
61 16 
124 62 
133 23 
91 117 
161 170 
145 90 
137 109 
32 66 
44 28 
146 22 
12 53 
42 162 
48 58 
84 1 
162 110 
37 154 
83 167 
144 173 
168 151 
103 117 
157 148 
169 38 
101 93 
60 121 
130 119 
50 48 
142 16 
166 22 
108 118 
98 21 
22 113 
146 134 
85 172 
81 20 
60 118 
47 98 
132 141 
99 127 
119 50 
147 88 
50 133 
129 13 
172 82 
19 134 
106 21 
164 71 
124 157 
128 157 
33 21 
135 160 
80 72 
78 41 
100 51 
120 54 
25 99 
51 144 
69 92 
137 116 
96 161 
147 169 
73 79 
143 98 
123 142 
145 141 
33 36 
33 108 
45 172 
109 100 
160 155 
36 73 
44 80 
18 32 
20 103 
53 40 
5 50 
173 64 
58 2 
92 74 
34 137 
153 39 
160 22 
143 61 
45 18 
126 57 
70 127 
150 165 
79 67 
86 121 
111 66 
107 142 
129 64 
27 62 
110 129 
20 50 
101 97 
148 143 
157 170 
151 113 
18 46 
82 80 
71 149 
153 78 
115 139 
14 98 
68 119 
4 109 
129 97 
28 54 
107 14 
15 27 
36 141 
100 59 
97 73 
20 121 
30 131 
48 130 
15 165 
134 118 
51 159 
110 154 
104 45 
19 166 
39 81 
19 140 
52 137 
117 96 
45 131 
24 73 
17 131 
43 120 
134 168 
152 168 
165 65 
161 12 
147 90 
72 143 
77 30 
149 6 
35 48 
159 133 
18 167 
5 96 
70 112 
141 100 
57 74 
136 5 
9 11 
107 127 
60 18 
167 119 
90 52 
8 14 
166 23 
38 79 
139 50 
10 32 
13 134 
114 12 
4 8 
120 58 
110 111 
57 143 
137 129 
154 164 
42 97 
71 92 
87 143 
171 111 
26 146 
21 115 
13 39 
15 121 
63 44 
82 74 
112 13 
97 102 
40 73 
60 59 
109 54 
145 148 
53 157 
7 137 
160 99 
69 72 
90 73 
31 142 
140 28 
86 159 
126 81 
66 86 
101 83 
168 103 
80 114 
164 61 
30 49 
82 165 
123 66 
40 99 
167 5 
133 52 
162 135 
39 63 
87 150 
43 63 
136 83 
156 120 
19 120 
167 142 
93 98 
152 34 
111 159 
62 173 
90 76 
59 66 
155 85 
163 109 
60 101 
11 21 
51 11 
6 153 
114 50 
123 96 
146 113 
157 102 
27 21 
34 173 
126 29 
94 132 
42 31 
138 18 
122 117 
148 105 
84 142 
162 111 
137 143 
160 72 
150 81 
161 158 
155 105 
150 51 
144 154 
121 82 
133 57 
113 96 
3 27 
127 121 
148 9 
13 66 
34 30 
151 91 
33 74 
81 163 
45 56 
10 163 
60 154 
101 123 
127 23 
26 143 
167 76 
169 20 
144 103 
131 18 
53 126 
115 37 
101 37 
74 36 
77 60 
106 72 
102 82 
58 92 
162 12 
120 32 
138 30 
119 52 
61 22 
144 18 
172 36 
93 157 
157 147 
20 130 
81 21 
109 150 
127 20 
105 157 
16 20 
101 171 
25 160 
63 133 
142 10 
160 134 
98 153 
55 11 
67 63 
85 97 
42 133 
105 116 
6 2 
15 9 
39 148 
143 73 
49 76 
171 129 
166 60 
121 35 
49 146 
122 78 
53 85 
64 65 
146 167 
4 138 
75 14 
30 157 
154 136 
3 53 
170 39 
96 11 
105 85 
158 116 
166 12 
142 129 
137 126 
129 32 
129 21 
79 20 
89 45 
21 53 
93 88 
132 102 
93 33 
18 1 
61 28 
100 3 
108 29 
168 79 
31 69 
114 131 
93 48 
97 162 
60 84 
35 144 
75 163 
20 29 
173 81 
55 95 
94 39 
144 170 
48 16 
50 110 
76 24 
117 146 
118 148 
142 60 
134 99 
76 46 
83 11 
148 60 
107 50 
120 11 
108 66 
33 173 
65 40 
109 160 
162 136 
141 123 
89 85 
34 99 
112 48 
104 42 
64 133 
18 123 
109 35 
17 16 
20 11 
31 92 
166 147 
116 22 
55 120 
158 102 
92 18 
97 142 
72 11 
13 170 
51 156 
30 147 
91 157 
35 37 
145 62 
63 140 
25 23 
33 55 
165 106 
144 133 
37 52 
133 30 
150 115 
117 10 
157 35 
68 54 
41 105 
48 84 
126 2 
88 24 
94 65 
108 23 
62 77 
152 85 
165 149 
114 118 
49 13 
34 89 
81 42 
108 51 
95 67 
65 54 
108 160 
130 55 
162 115 
48 157 
162 130 
17 36 
166 80 
112 159 
158 40 
139 99 
154 50 
133 126 
172 19 
101 139 
4 170 
49 39 
132 47 
55 40 
23 17 
134 162 
137 102 
69 79 
163 7 
47 120 
140 138 
143 140 
99 38 
140 74 
79 113 
22 118 
77 120 
167 60 
162 80 
70 27 
12 10 
35 90 
63 2 
102 66 
162 104 
156 22 
132 58 
139 9 
102 17 
133 112 
113 4 
16 29 
98 95 
85 8 
135 50 
10 58 
15 130 
53 79 
50 33 
104 135 
160 102 
173 36 
151 13 
112 66 
75 88 
65 118 
90 68 
50 70 
68 142 
90 173 
101 141 
140 2 
100 22 
98 68 
14 90 
40 24 
124 11 
106 57 
72 137 
19 13 
142 117 
130 110 
120 88 
157 172 
115 7 
144 86 
41 91 
40 108 
54 88 
74 114 
161 52 
16 72 
22 133 
158 10 
151 67 
133 28 
84 155 
82 117 
2 67 
59 53 
43 159 
71 31 
98 126 
61 168 
46 97 
66 99 
164 121 
97 111 
25 119 
73 26 
35 42 
11 35 
148 136 
97 75 
28 122 
99 135 
110 99 
83 6 
2 132 
9 136 
135 74 
70 77 
149 11 
145 139 
64 82 
99 80 
135 85 
45 97 
171 70 
107 74 
81 7 
29 6 
107 98 
42 14 
131 40 
164 12 
14 141 
53 162 
125 64 
102 124 
83 59 
130 4 
78 127 
38 132 
63 31 
170 85 
102 117 
26 38 
98 73 
106 7 
98 165 
104 54 
162 143 
26 114 
72 105 
101 113 
162 98 
58 102 
78 43 
81 99 
134 57 
115 27 
135 149 
127 58 
134 173 
51 30 
134 41 
63 149 
142 141 
119 16 
104 131 
9 77 
28 67 
36 15 
27 59 
81 100 
147 162 
152 19 
41 159 
73 161 
147 76 
80 60 
82 65 
137 19 
106 153 
54 40 
140 70 
1 158 
16 41 
97 37 
26 80 
78 19 
73 31 
164 37 
115 91 
50 54 
123 146 
98 163 
66 19 
129 130 
144 129 
101 140 
32 91 
149 36 
131 48 
91 154 
148 144 
99 17 
29 146 
25 57 
11 22 
97 80 
159 141 
149 101 
169 84 
74 19 
72 121 
137 128 
146 58 
101 75 
86 35 
96 28 
27 166 
39 71 
59 115 
123 54 
88 162 
55 3 
30 125 
79 68 
57 30 
8 87 
165 85 
78 161 
2 137 
171 61 
57 158 
35 102 
4 44 
74 28 
167 129 
33 115 
64 144 
166 52 
155 40 
154 168 
140 45 
161 41 
55 119 
171 25 
126 93 
155 47 
50 104 
42 124 
22 31 
110 40 
135 115 
36 142 
69 133 
106 53 
90 86 
128 70 
31 160 
45 20 
134 42 
61 32 
117 39 
123 65 
69 104 
14 134 
16 60 
21 151 
90 2 
94 117 
33 8 
52 97 
96 33 
164 2 
140 134 
51 57 
22 153 
47 121 
148 154 
63 93 
11 122 
171 151 
169 127 
69 150 
79 21 
123 100 
62 143 
52 64 
142 100 
143 152 
4 125 
59 143 
104 33 
40 112 
151 53 
172 170 
93 167 
36 26 
44 2 
8 134 
85 122 
13 156 
68 78 
16 33 
150 54 
100 105 
113 172 
120 59 
34 81 
149 83 
136 63 
111 154 
123 171 
48 151 
18 62 
84 12 
56 9 
27 82 
89 62 
157 8 
115 29 
157 149 
58 149 
26 125 
12 113 
96 15 
56 12 
68 116 
24 117 
169 23 
48 127 
133 78 
2 46 
83 127 
132 55 
43 162 
156 47 
118 129 
47 94 
78 159 
120 13 
147 18 
86 69 
166 153 
149 88 
173 89 
45 146 
119 151 
60 61 
90 37 
162 59 
65 150 
23 44 
154 109 
149 39 
10 150 
172 144 
173 10 
121 74 
21 114 
152 53 
14 96 
62 109 
57 173 
158 169 
171 142 
132 149 
10 59 
157 39 
118 34 
55 96 
136 93 
173 8 
144 30 
72 44 
125 104 
38 102 
74 24 
2 68 
82 53 
143 164 
102 150 
37 173 
96 21 
146 92 
75 68 
138 36 
134 156 
35 28 
76 42 
18 104 
84 58 
5 55 
128 138 
11 70 
69 96 
39 154 
125 142 
43 32 
5 122 
16 100 
88 112 
145 64 
172 62 
18 27 
164 19 
3 31 
94 164 
52 50 
165 118 
93 118 
165 115 
23 114 
70 8 
150 9 
103 89 
83 72 
172 159 
162 9 
47 5 
84 72 
46 7 
18 169 
90 142 
52 29 
131 24 
35 15 
74 171 
110 127 
140 109 
42 115 
74 75 
59 129 
67 163 
151 124 
154 67 
161 21 
149 14 
100 58 
21 143 
167 51 
64 148 
141 133 
98 3 
58 142 
40 154 
56 127 
33 24 
6 125 
39 80 
69 23 
28 72 
34 85 
122 69 
36 4 
118 124 
10 171 
169 122 
76 101 
8 2 
166 167 
8 3 
57 11 
35 122 
48 85 
127 6 
162 30 
133 142 
121 146 
94 93 
147 139 
60 89 
69 51 
29 33 
121 114 
27 20 
57 18 
91 165 
9 145 
97 40 
64 100 
117 58 
6 116 
23 107 
93 76 
21 153 
105 22 
170 141 
39 18 
32 3 
118 66 
158 42 
166 42 
65 146 
141 40 
27 128 
172 7 
59 170 
111 118 
170 93 
46 105 
76 22 
147 156 
80 28 
163 132 
163 83 
17 31 
38 136 
19 60 
49 117 
92 113 
106 18 
91 65 
49 72 
85 26 
81 120 
118 88 
150 55 
81 115 
63 87 
127 69 
47 168 
91 67 
109 55 
118 142 
108 90 
117 129 
89 100 
96 32 
103 25 
66 144 
74 119 
134 47 
84 138 
58 17 
31 102 
84 42 
145 113 
72 6 
121 99 
158 73 
42 169 
88 53 
102 147 
126 107 
45 26 
28 115 
92 160 
129 96 
164 48 
69 111 
108 1 
62 110 
98 34 
17 136 
121 163 
116 26 
166 169 
122 129 
141 162 
1 9 
46 104 
33 56 
94 136 
17 121 
32 37 
129 37 
30 18 
167 26 
171 168 
119 158 
1 6 
148 130 
79 150 
123 22 
67 139 
66 115 
56 99 
115 155 
88 45 
45 59 
120 76 
105 51 
17 108 
132 96 
134 58 
42 93 
132 91 
137 168 
156 135 
133 161 
16 94 
81 86 
104 25 
1 32 
171 4 
117 108 
37 45 
139 114 
34 110 
161 33 
10 135 
62 76 
4 160 
102 95 
45 11 
166 150 
96 102 
87 130 
11 133 
10 25 
20 128 
119 10 
46 6 
145 27 
15 120 
109 127 
44 124 
51 66 
139 128 
55 50 
169 164 
74 61 
146 57 
69 13 
56 26 
40 46 
22 32 
80 173 
28 166 
82 6 
147 78 
163 16 
157 5 
169 120 
67 147 
102 85 
58 109 
95 166 
13 172 
39 86 
93 2 
156 34 
4 22 
42 143 
135 90 
40 96 
7 34 
170 60 
169 80 
3 142 
64 119 
71 23 
112 94 
80 92 
88 68 
41 111 
56 78 
13 132 
32 84 
108 149 
77 116 
128 130 
104 21 
149 26 
125 73 
20 24 
122 19 
81 49 
150 111 
92 60 
91 34 
38 145 
84 24 
24 25 
104 41 
154 125 
24 16 
148 27 
16 151 
93 21 
140 75 
125 35 
49 17 
85 166 
47 97 
94 50 
147 51 
61 37 
103 171 
100 135 
42 2 
143 138 
39 53 
22 47 
1 119 
120 46 
3 22 
60 125 
97 71 
145 103 
35 167 
30 86 
14 46 
109 121 
112 107 
57 142 
133 2 
66 30 
124 145 
36 137 
144 17 
53 164 
81 31 
117 166 
151 135 
70 104 
52 104 
100 71 
49 29 
49 134 
169 159 
120 172 
98 84 
94 156 
84 83 
64 140 
97 114 
163 107 
172 87 
85 37 
72 18 
20 95 
23 156 
169 17 
121 54 
4 157 
150 78 
13 93 
68 146 
41 83 
127 77 
87 164 
29 51 
121 30 
11 171 
102 25 
29 55 
117 100 
48 114 
57 28 
66 62 
163 6 
54 165 
77 63 
91 120 
72 55 
38 59 
150 104 
84 35 
49 128 
39 17 
29 84 
150 53 
7 173 
55 77 
143 44 
117 47 
27 122 
63 131 
95 74 
152 118 
40 88 
107 86 
139 171 
69 102 
34 4 
31 139 
124 117 
54 41 
139 65 
12 99 
78 149 
3 130 
71 135 
111 20 
92 156 
146 109 
36 128 
103 130 
63 119 
95 71 
135 168 
148 62 
51 40 
4 42 
43 95 
66 153 
146 35 
14 20 
61 127 
113 76 
163 26 
19 91 
26 89 
125 110 
27 47 
8 18 
79 124 
82 20 
117 144 
132 122 
111 8 
54 162 
85 143 
66 21 
25 26 
77 95 
161 24 
9 141 
18 19 
171 120 
94 55 
72 74 
98 2 
4 142 
169 139 
158 50 
121 11 
102 73 
87 88 
86 103 
96 165 
12 8 
151 45 
149 114 
126 59 
158 34 
72 147 
129 36 
28 121 
71 16 
111 135 
40 129 
150 48 
107 93 
59 171 
136 22 
80 22 
105 103 
100 49 
152 160 
25 13 
164 99 
46 72 
119 47 
75 108 
122 26 
60 157 
63 11 
4 162 
90 43 
168 143 
102 44 
171 9 
71 66 
53 137 
46 126 
158 148 
159 58 
118 163 
149 77 
12 163 
131 57 
27 169 
158 105 
55 133 
28 78 
152 125 
104 92 
2 36 
32 127 
132 160 
132 156 
46 109 
164 35 
33 118 
81 133 
125 7 
149 38 
93 34 
101 89 
98 74 
6 133 
35 79 
35 123 
139 130 
117 31 
105 50 
80 112 
163 42 
74 154 
68 173 
141 45 
169 131 
113 169 
154 12 
23 129 
88 99 
100 169 
24 15 
43 169 
99 162 
153 23 
143 68 
62 73 
139 40 
135 172 
49 98 
52 34 
7 93 
150 38 
39 138 
9 65 
51 161 
28 59 
102 113 
137 163 
64 45 
171 121 
153 102 
130 98 
126 65 
96 140 
140 15 
124 51 
65 79 
60 155 
1 48 
148 138 
22 84 
139 63 
142 165 
150 110 
150 88 
165 158 
18 36 
128 28 
115 132 
61 129 
43 143 
114 141 
59 130 
70 151 
141 68 
17 44 
6 148 
6 61 
148 57 
9 168 
110 133 
94 99 
167 97 
44 154 
14 83 
44 57 
170 168 
95 103 
108 112 
89 134 
16 160 
150 56 
15 112 
6 143 
112 162 
4 55 
173 78 
37 161 
17 137 
11 78 
64 38 
49 155 
68 165 
90 126 
173 27 
132 167 
37 91 
128 109 
101 173 
50 81 
39 30 
50 27 
67 167 
156 136 
71 84 
172 142 
134 25 
1 7 
65 62 
36 81 
71 138 
90 42 
95 21 
88 44 
2 23 
115 20 
91 152 
173 155 
40 63 
140 33 
48 137 
57 71 
12 149 
5 78 
70 89 
173 149 
51 148 
119 168 
58 74 
89 84 
18 124 
125 120 
145 162 
81 26 
74 133 
133 86 
10 125 
6 160 
94 166 
130 96 
169 105 
140 27 
65 128 
113 40 
64 115 
82 104 
81 172 
119 36 
107 120 
170 86 
166 141 
33 114 
173 87 
67 84 
100 163 
136 152 
24 111 
56 62 
5 31 
11 169 
77 24 
13 124 
98 105 
5 172 
75 42 
27 42 
83 42 
134 116 
33 4 
19 99 
57 10 
9 120 
53 84 
5 73 
96 65 
145 6 
53 19 
94 86 
139 132 
171 31 
45 105 
26 109 
70 149 
15 22 
20 158 
58 19 
45 145 
150 19 
118 130 
93 116 
147 93 
137 22 
140 35 
78 171 
33 141 
170 29 
60 26 
141 94 
89 161 
88 138 
33 17 
153 130 
118 73 
12 34 
87 159 
150 71 
164 146 
48 154 
131 116 
143 18 
52 117 
142 120 
19 20 
97 124 
165 95 
49 2 
93 68 
48 87 
30 154 
148 139 
109 20 
7 146 
96 64 
88 48 
116 169 
4 99 
88 78 
88 153 
166 6 
132 133 
135 9 
67 25 
157 156 
36 60 
109 73 
13 31 
166 122 
34 72 
45 136 
48 51 
20 166 
157 106 
155 112 
120 134 
42 87 
126 113 
8 65 
106 14 
149 124 
65 60 
76 138 
153 8 
61 150 
39 37 
19 73 
164 6 
113 47 
158 132 
26 77 
85 121 
143 146 
62 105 
164 41 
32 29 
169 35 
111 49 
53 123 
51 78 
8 30 
138 81 
19 115 
129 12 
1 22 
14 144 
87 81 
82 159 
9 74 
165 75 
118 69 
34 90 
121 98 
6 103 
18 81 
24 52 
46 71 
4 77 
26 155 
41 51 
76 59 
111 75 
80 69 
40 57 
72 156 
73 15 
150 58 
37 135 
167 124 
50 47 
72 20 
97 122 
14 49 
15 53 
70 93 
40 160 
31 44 
86 67 
126 134 
61 56 
22 161 
63 135 
94 142 
59 108 
2 17 
134 20 
101 23 
52 11 
26 58 
47 46 
116 142 
85 25 
91 153 
120 60 
155 16 
152 154 
144 168 
122 36 
62 69 
27 168 
31 57 
31 12 
144 104 
147 153 
150 43 
14 73 
32 124 
96 8 
147 15 
81 84 
67 49 
94 159 
125 141 
125 145 
171 148 
80 46 
66 53 
4 74 
1 105 
123 89 
81 73 
36 30 
37 21 
18 105 
156 167 
108 60 
24 160 
147 154 
15 12 
110 157 
106 111 
121 115 
18 127 
146 56 
13 85 
11 119 
165 117 
70 2 
104 158 
105 141 
12 122 
69 112 
145 85 
22 43 
43 164 
55 114 
96 63 
91 148 
100 24 
89 61 
25 55 
91 31 
38 77 
37 99 
66 57 
54 90 
111 169 
129 164 
78 166 
80 81 
137 144 
32 123 
71 34 
86 2 
72 171 
101 19 
126 61 
93 81 
25 141 
17 96 
11 154 
59 139 
154 101 
91 119 
20 98 
111 31 
16 126 
102 61 
92 20 
11 80 
54 42 
139 69 
53 36 
95 79 
77 66 
51 149 
10 46 
145 140 
44 110 
135 131 
129 26 
149 163 
59 63 
17 140 
69 2 
46 19 
108 39 
131 144 
102 156 
22 79 
15 99 
52 109 
134 96 
39 88 
166 31 
167 165 
23 157 
88 127 
64 13 
46 60 
102 144 
10 56 
133 56 
101 39 
129 42 
102 46 
89 64 
123 129 
106 173 
112 7 
23 155 
161 168 
2 141 
33 82 
22 170 
124 54 
168 112 
59 37 
122 159 
130 11 
167 24 
155 118 
118 17 
171 138 
80 95 
114 122 
77 48 
137 45 
148 33 
37 26 
95 99 
68 104 
63 89 
53 143 
137 138 
76 114 
164 112 
20 100 
57 97 
126 27 
148 15 
122 71 
53 9 
101 54 
159 73 
82 93 
19 125 
49 10 
39 45 
52 87 
73 30 
83 116 
159 85 
64 151 
85 33 
86 116 
22 50 
171 19 
64 155 
110 35 
56 68 
83 152 
131 59 
90 125 
74 134 
119 59 
48 10 
73 2 
114 116 
74 25 
129 90 
21 39 
99 151 
101 58 
42 170 
48 106 
137 64 
35 71 
82 17 
33 66 
125 41 
154 121 
5 154 
92 154 
122 131 
143 134 
18 119 
112 131 
48 6 
73 76 
131 128 
50 85 
138 91 
122 154 
148 164 
168 145 
31 141 
34 102 
59 50 
133 115 
22 120 
172 101 
7 12 
68 144 
51 63 
168 33 
136 40 
135 137 
161 155 
54 23 
4 110 
97 44 
29 155 
156 61 
93 96 
86 78 
133 137 
53 41 
143 60 
96 159 
7 9 
53 148 
88 121 
39 113 
36 76 
60 10 
28 136 
108 123 
44 173 
49 51 
92 118 
79 45 
38 4 
4 46 
17 101 
159 50 
145 95 
101 138 
166 47 
81 1 
55 7 
63 102 
86 129 
75 9 
154 9 
95 90 
42 141 
138 119 
150 105 
79 16 
113 31 
50 160 
118 39 
90 30 
127 71 
49 73 
116 96 
84 31 
153 113 
32 33 
16 98 
125 1 
100 66 
128 84 
83 46 
131 34 
3 38 
73 45 
169 52 
4 152 
160 118 
109 13 
104 123 
62 13 
121 48 
154 145 
43 30 
72 61 
81 158 
29 67 
164 152 
93 89 
36 43 
30 93 
113 93 
96 119 
126 169 
11 125 
110 47 
57 150 
4 112 
32 24 
166 146 
61 93 
145 20 
98 87 
151 57 
138 41 
50 171 
48 123 
151 128 
7 8 
54 3 
142 20 
92 61 
116 104 
107 40 
17 52 
138 106 
143 109 
64 128 
68 170 
54 4 
39 54 
48 59 
48 117 
151 17 
71 60 
146 14 
56 173 
140 142 
65 70 
122 118 
80 158 
155 78 
4 61 
78 85 
24 42 
1 101 
153 28 
154 137 
146 36 
77 123 
71 65 
142 145 
5 63 
121 12 
8 135 
19 82 
117 43 
87 78 
47 72 
55 21 
83 112 
30 134 
114 58 
83 142 
112 31 
121 103 
155 165 
122 39 
91 116 
140 91 
37 72 
102 14 
124 26 
71 54 
38 37 
124 39 
161 79 
54 98 
9 101 
96 103 
7 26 
45 17 
32 52 
76 32 
34 115 
82 7 
171 124 
125 39 
133 152 
102 33 
34 41 
58 123 
67 35 
73 138 
120 149 
111 107 
151 9 
56 87 
117 73 
53 115 
149 140 
171 60 
136 116 
125 56 
106 78 
101 107 
102 163 
45 171 
17 62 
96 118 
62 113 
49 55 
30 159 
71 8 
94 102 
38 171 
32 8 
161 18 
131 99 
101 35 
68 29 
42 167 
114 138 
76 153 
68 41 
165 153 
58 52 
33 45 
21 163 
158 63 
36 68 
96 128 
137 44 
125 102 
31 49 
172 103 
62 37 
131 106 
4 102 
148 131 
121 104 
171 13 
123 116 
113 57 
73 134 
124 98 
26 88 
140 95 
68 20 
63 60 
39 163 
170 145 
49 113 
76 84 
164 3 
39 130 
139 17 
49 22 
78 148 
130 125 
9 107 
41 171 
45 95 
158 93 
52 111 
20 161 
65 63 
47 92 
146 21 
31 6 
47 88 
154 58 
136 51 
63 132 
59 24 
87 117 
156 54 
119 113 
112 68 
1 37 
8 29 
92 138 
97 146 
170 131 
28 135 
34 39 
91 4 
119 118 
98 11 
34 166 
23 73 
41 132 
128 103 
86 47 
134 91 
158 65 
105 75 
21 94 
25 90 
23 13 
151 166 
35 60 
105 12 
76 17 
46 150 
27 74 
114 6 
74 31 
5 125 
34 105 
143 27 
14 12 
45 100 
27 88 
146 34 
146 147 
114 2 
8 128 
161 77 
16 124 
87 24 
85 173 
114 36 
127 149 
51 5 
85 36 
140 61 
112 21 
165 62 
70 19 
21 86 
163 69 
103 35 
164 163 
71 111 
34 63 
83 169 
133 7 
158 78 
128 44 
78 144 
152 40 
82 34 
108 122 
57 117 
92 153 
97 55 
88 64 
84 111 
31 58 
100 108 
129 159 
126 54 
2 48 
151 137 
14 148 
89 6 
18 149 
78 167 
98 62 
14 108 
89 49 
130 34 
167 152 
55 69 
83 19 
162 89 
165 76 
75 116 
136 36 
65 155 
37 131 
40 146 
12 70 
118 18 
158 118 
124 4 
116 138 
146 10 
125 151 
119 149 
170 100 
85 21 
163 135 
141 49 
143 4 
64 108 
101 142 
85 169 
50 31 
159 36 
9 128 
33 2 
66 104 
86 56 
78 44 
131 166 
149 158 
126 70 
88 11 
17 95 
166 152 
32 94 
22 65 
88 105 
135 130 
104 118 
116 133 
140 62 
96 46 
59 151 
125 115 
25 36 
56 162 
1 49 
104 43 
116 27 
15 94 
11 33 
92 173 
45 98 
59 152 
98 135 
95 136 
44 117 
65 153 
66 140 
150 134 
121 25 
125 114 
44 46 
57 132 
22 167 
55 9 
173 4 
131 102 
89 135 
74 60 
50 143 
160 94 
101 43 
106 160 
104 96 
29 122 
111 28 
139 92 
128 4 
77 53 
6 109 
10 11 
102 54 
68 34 
119 93 
101 80 
127 8 
1 14 
70 34 
158 114 
37 6 
161 86 
54 37 
78 23 
39 127 
42 109 
128 92 
84 141 
101 165 
164 30 
24 140 
14 32 
76 133 
64 57 
132 89 
100 13 
38 128 
102 103 
49 167 
146 171 
92 157 
150 125 
116 72 
113 32 
89 20 
126 1 
63 32 
63 46 
62 31 
19 34 
95 76 
140 36 
161 122 
86 85 
15 100 
34 29 
27 138 
118 45 
123 95 
127 50 
2 96 
77 47 
29 172 
25 81 
127 1 
51 42 
48 81 
58 161 
86 5 
4 104 
48 103 
48 113 
39 38 
57 120 
114 113 
139 129 
83 90 
148 142 
1 147 
68 127 
152 155 
164 114 
34 149 
68 106 
83 108 
160 14 
59 22 
43 105 
120 97 
109 126 
58 85 
5 151 
102 78 
142 78 
148 95 
151 32 
70 114 
155 164 
47 90 
43 144 
45 158 
142 80 
73 116 
89 78 
84 13 
49 37 
93 15 
143 104 
116 159 
141 3 
34 77 
140 133 
157 33 
41 6 
81 10 
27 38 
72 8 
135 97 
107 39 
126 66 
68 150 
3 16 
133 61 
100 36 
16 46 
54 94 
31 86 
33 27 
130 78 
51 87 
165 58 
162 138 
144 169 
154 114 
7 118 
80 98 
13 169 
92 46 
68 50 
31 11 
19 117 
93 5 
166 118 
117 151 
15 144 
160 52 
38 33 
18 170 
1 103 
70 162 
134 26 
9 170 
107 5 
129 80 
166 110 
118 161 
91 124 
172 139 
148 88 
106 88 
51 99 
143 151 
42 131 
10 108 
76 53 
156 99 
96 76 
88 7 
22 142 
13 17 
106 171 
71 27 
8 133 
31 120 
88 156 
124 35 
35 130 
140 114 
41 15 
8 116 
33 67 
93 58 
98 72 
136 131 
27 161 
117 37 
38 164 
122 130 
13 102 
74 159 
104 126 
141 70 
13 126 
55 45 
162 10 
158 96 
113 100 
88 74 
75 144 
25 120 
76 155 
2 117 
90 105 
84 147 
153 42 
65 24 
103 90 
110 123 
37 145 
63 35 
48 168 
67 146 
173 67 
87 46 
122 140 
101 130 
172 6 
143 125 
41 45 
114 11 
18 122 
45 119 
12 104 
31 56 
25 34 
58 130 
38 48 
105 6 
113 75 
96 137 
18 120 
110 108 
77 78 
20 28 
114 101 
30 153 
55 15 
139 28 
18 137 
53 153 
3 12 
64 11 
39 164 
164 22 
72 155 
145 91 
47 51 
173 132 
69 105 
90 100 
122 165 
108 45 
58 157 
75 156 
1 110 
104 155 
116 15 
98 113 
143 16 
48 158 
15 98 
103 26 
167 162 
147 104 
52 125 
127 80 
36 20 
4 118 
110 68 
17 21 
104 61 
110 89 
82 70 
169 36 
132 8 
166 64 
170 72 
36 107 
100 137 
54 146 
40 27 
14 105 
136 7 
93 56 
155 66 
164 5 
95 124 
85 4 
129 73 
78 154 
28 127 
75 45 
155 116 
15 77 
71 50 
108 99 
136 55 
108 26 
41 149 
38 73 
7 161 
95 139 
79 5 
9 96 
71 89 
124 158 
173 17 
133 162 
110 78 
27 151 
18 83 
172 54 
149 48 
9 127 
91 40 
54 108 
115 56 
89 158 
110 76 
78 92 
63 116 
20 37 
100 26 
56 85 
134 124 
104 99 
144 60 
13 163 
96 173 
57 101 
41 13 
111 109 
171 73 
165 42 
6 54 
44 118 
125 54 
168 131 
77 144 
143 81 
33 134 
156 59 
165 12 
62 23 
158 59 
139 151 
95 50 
12 55 
82 12 
29 173 
173 3 
42 149 
39 73 
106 142 
114 129 
149 57 
77 73 
111 85 
67 96 
60 110 
160 95 
139 64 
91 114 
129 173 
165 64 
47 83 
65 152 
173 15 
163 29 
116 102 
77 99 
87 133 
96 78 
81 160 
110 63 
126 21 
1 95 
51 23 
144 13 
114 18 
12 133 
84 173 
172 124 
134 45 
113 26 
105 106 
70 144 
37 41 
56 8 
28 55 
28 172 
90 98 
156 10 
19 26 
85 29 
126 17 
61 70 
145 144 
167 13 
84 143 
130 97 
112 62 
41 52 
102 110 
140 97 
10 141 
112 58 
113 97 
76 117 
41 167 
31 20 
53 131 
163 110 
22 131 
150 45 
142 157 
116 148 
137 35 
126 78 
140 22 
148 18 
76 39 
131 110 
166 30 
66 93 
119 77 
16 40 
151 14 
133 113 
113 105 
15 62 
63 165 
22 20 
84 103 
156 164 
26 130 
51 93 
1 25 
86 91 
26 39 
72 67 
51 21 
40 163 
28 156 
156 16 
141 172 
3 79 
47 108 
140 68 
156 107 
87 77 
120 83 
95 88 
8 139 
60 169 
3 126 
127 41 
20 51 
157 13 
61 111 
137 46 
44 45 
153 101 
77 167 
28 18 
118 53 
15 161 
158 162 
94 138 
34 60 
88 35 
117 118 
124 111 
96 89 
21 18 
146 152 
74 35 
72 113 
25 31 
19 35 
18 75 
56 109 
65 148 
28 101 
124 141 
87 127 
167 46 
88 136 
71 26 
47 39 
2 95 
149 161 
42 136 
119 163 
23 15 
125 144 
22 172 
61 161 
99 111 
26 111 
81 17 
31 121 
144 81 
106 13 
157 118 
161 40 
158 123 
7 80 
107 79 
122 171 
133 92 
117 114 
165 97 
130 52 
154 49 
113 125 
17 78 
163 91 
62 155 
13 137 
39 140 
109 112 
132 118 
127 138 
15 68 
170 126 
63 125 
110 33 
24 90 
149 45 
127 166 
7 5 
83 111 
107 162 
10 123 
111 60 
123 7 
146 13 
83 155 
108 113 
79 85 
50 170 
30 35 
102 115 
40 78 
61 31 
159 92 
32 89 
145 129 
136 14 
135 138 
44 34 
172 52 
57 26 
49 15 
98 137 
2 152 
61 170 
9 110 
168 163 
106 122 
126 128 
55 19 
156 141 
164 125 
124 126 
67 150 
28 7 
138 158 
107 114 
161 80 
66 107 
110 3 
13 7 
78 136 
116 31 
64 85 
149 159 
146 83 
142 51 
169 12 
31 21 
163 130 
46 48 
154 129 
77 31 
27 155 
172 48 
41 82 
69 82 
3 128 
162 46 
160 54 
122 144 
167 70 
51 91 
19 8 
71 155 
97 1 
129 70 
85 42 
80 15 
131 140 
122 121 
100 84 
62 72 
100 98 
30 10 
41 155 
89 48 
125 55 
123 168 
28 126 
50 62 
100 5 
2 74 
59 62 
133 10 
152 129 
104 148 
36 38 
115 159 
63 16 
92 51 
124 80 
28 114 
30 11 
29 30 
116 165 
38 52 
16 164 
51 31 
88 59 
53 169 
57 23 
15 57 
93 154 
111 98 
77 98 
134 32 
89 107 
74 21 
12 139 
111 67 
16 82 
151 158 
157 121 
41 8 
159 29 
141 113 
158 139 
91 14 
130 173 
85 140 
119 35 
160 138 
79 50 
4 148 
136 155 
30 168 
161 132 
37 25 
75 158 
50 116 
119 87 
68 137 
61 106 
54 91 
105 107 
158 30 
148 7 
44 161 
112 52 
11 111 
4 108 
41 116 
18 96 
5 139 
81 132 
126 77 
23 158 
57 90 
103 118 
118 13 
71 163 
59 77 
82 66 
100 30 
140 127 
140 89 
168 42 
15 167 
51 67 
164 171 
75 51 
68 51 
158 22 
136 142 
125 93 
81 137 
51 157 
131 36 
86 154 
63 15 
21 162 
81 136 
93 156 
153 3 
162 109 
168 98 
49 24 
123 26 
62 132 
84 82 
120 67 
168 101 
3 136 
130 115 
8 113 
28 149 
11 109 
106 62 
42 154 
21 105 
136 149 
74 26 
97 154 
47 17 
45 142 
72 165 
24 23 
113 65 
65 47 
119 145 
164 131 
136 164 
26 107 
162 16 
113 66 
131 109 
5 48 
28 33 
52 154 
170 3 
86 59 
143 38 
4 90 
81 127 
8 63 
28 129 
137 93 
85 84 
32 137 
144 58 
66 121 
15 66 
143 106 
92 111 
43 135 
89 8 
86 97 
31 26 
148 16 
13 4 
57 63 
119 105 
44 10 
127 125 
125 89 
135 40 
73 72 
20 156 
49 71 
89 40 
66 29 
122 101 
121 162 
148 69 
17 5 
173 12 
149 144 
8 88 
29 106 
55 148 
14 35 
84 139 
16 130 
48 136 
137 24 
143 74 
42 69 
44 144 
85 73 
119 142 
157 151 
54 74 
134 149 
135 164 
61 38 
22 141 
46 161 
50 102 
50 131 
97 105 
157 143 
73 28 
68 25 
35 104 
95 131 
108 98 
74 126 
138 11 
91 130 
166 65 
28 4 
34 15 
172 16 
11 142 
165 124 
78 157 
158 94 
154 160 
97 89 
84 52 
88 62 
22 90 
26 61 
121 77 
1 123 
129 83 
152 109 
1 83 
26 165 
100 146 
47 95 
106 19 
151 108 
89 136 
26 141 
68 11 
100 39 
81 140 
5 11 
165 45 
11 7 
27 109 
65 42 
153 84 
3 106 
48 133 
91 170 
140 55 
38 31 
141 160 
69 149 
168 136 
21 26 
126 161 
162 114 
106 34 
141 67 
149 103 
36 42 
155 53 
27 6 
48 160 
93 11 
136 166 
40 76 
3 105 
53 166 
70 24 
111 125 
138 2 
125 13 
15 124 
106 15 
83 60 
13 165 
23 52 
94 151 
6 5 
105 132 
86 45 
116 61 
62 169 
118 102 
131 115 
92 84 
49 105 
90 10 
88 123 
12 67 
93 28 
30 103 
132 34 
27 108 
72 21 
79 155 
29 153 
137 141 
2 160 
45 27 
137 88 
153 124 
100 153 
85 156 
142 149 
75 94 
89 73 
53 161 
39 4 
30 132 
62 9 
31 154 
87 91 
11 106 
88 37 
33 97 
129 87 
131 150 
14 6 
72 112 
142 55 
12 92 
66 23 
111 138 
60 102 
170 51 
5 168 
96 6 
166 128 
143 131 
23 131 
80 149 
168 109 
113 46 
149 86 
65 14 
62 157 
172 65 
123 12 
31 93 
99 63 
156 163 
130 116 
155 80 
166 59 
68 164 
49 27 
148 141 
112 147 
83 63 
24 116 
17 71 
116 119 
23 74 
8 45 
36 75 
163 74 
39 166 
85 41 
166 36 
4 97 
45 117 
146 88 
111 149 
96 144 
62 41 
20 170 
119 150 
30 170 
25 93 
155 113 
111 19 
144 8 
51 85 
143 150 
144 42 
165 53 
105 5 
52 46 
12 48 
82 138 
130 141 
57 129 
131 43 
69 22 
105 65 
74 152 
110 83 
28 123 
67 108 
106 120 
124 43 
148 85 
102 114 
129 2 
127 11 
77 170 
166 14 
41 153 
166 72 
83 48 
38 144 
77 33 
160 159 
79 1 
35 75 
118 68 
10 75 
111 161 
143 158 
86 43 
18 164 
123 136 
54 164 
2 54 
101 91 
166 161 
14 70 
64 40 
130 170 
157 144 
30 71 
105 78 
66 166 
36 65 
110 26 
50 138 
75 115 
126 45 
161 145 
14 34 
86 131 
8 66 
122 112 
157 153 
163 41 
68 97 
40 134 
86 4 
77 146 
69 144 
65 93 
126 37 
164 72 
3 90 
169 39 
21 89 
33 150 
143 110 
135 116 
96 152 
121 56 
118 3 
41 88 
35 23 
152 165 
59 164 
147 16 
76 103 
147 10 
132 101 
129 29 
156 87 
167 21 
106 125 
14 58 
119 88 
7 45 
89 102 
117 29 
103 148 
113 110 
64 41 
26 20 
42 125 
26 52 
36 56 
101 120 
165 67 
9 95 
167 135 
1 155 
111 88 
62 126 
162 129 
132 12 
84 130 
21 23 
160 77 
66 146 
42 96 
117 63 
18 108 
1 150 
147 173 
52 18 
144 89 
62 163 
117 152 
63 156 
60 127 
23 40 
1 128 
12 40 
97 43 
99 157 
11 54 
83 171 
21 64 
84 34 
173 171 
168 96 
134 43 
102 159 
103 87 
32 28 
155 114 
55 35 
44 104 
165 113 
158 21 
156 124 
69 10 
117 84 
28 119 
135 120 
119 3 
41 160 
82 11 
98 8 
164 74 
13 119 
107 29 
146 27 
96 94 
138 40 
64 74 
140 10 
156 127 
111 165 
136 73 
87 21 
71 140 
71 98 
165 16 
163 169 
157 61 
137 31 
55 37 
112 76 
42 18 
59 41 
113 50 
56 91 
88 63 
149 96 
95 153 
99 154 
144 115 
35 7 
60 160 
102 24 
150 44 
98 166 
46 145 
91 83 
172 79 
36 108 
16 115 
56 15 
46 142 
24 7 
37 120 
46 78 
16 47 
162 123 
40 35 
150 156 
58 23 
156 21 
52 7 
59 161 
141 120 
101 137 
43 132 
89 28 
112 170 
20 94 
132 67 
32 119 
86 60 
69 20 
40 5 
133 95 
19 69 
66 169 
105 37 
127 64 
108 76 
147 119 
103 33 
104 94 
27 84 
156 95 
123 11 
2 161 
111 17 
18 139 
8 162 
12 13 
7 92 
168 51 
102 90 
120 92 
165 170 
78 108 
138 72 
156 78 
88 20 
54 96 
73 37 
48 140 
159 107 
101 33 
99 128 
56 152 
110 74 
168 73 
80 85 
130 160 
93 1 
122 172 
69 143 
93 145 
54 84 
111 39 
128 83 
42 32 
106 127 
150 98 
81 46 
75 65 
57 96 
14 89 
122 63 
147 99 
84 21 
41 141 
166 62 
51 17 
84 8 
54 113 
99 112 
51 123 
88 124 
156 31 
131 101 
84 160 
51 70 
121 37 
26 13 
54 105 
8 147 
163 116 
82 166 
81 110 
26 76 
71 47 
112 126 
116 107 
64 154 
15 6 
94 17 
94 8 
15 65 
137 99 
74 131 
83 118 
99 85 
87 93 
63 38 
3 112 
134 9 
46 59 
36 165 
22 9 
77 21 
168 26 
70 68 
118 56 
25 138 
154 112 
41 108 
115 154 
35 10 
97 98 
37 169 
24 165 
153 116 
69 34 
124 115 
91 48 
172 1 
10 126 
51 7 
63 148 
70 58 
12 85 
9 99 
45 51 
109 37 
5 44 
125 83 
61 148 
4 92 
157 66 
127 102 
143 52 
73 43 
94 56 
75 52 
38 15 
47 62 
31 169 
95 92 
20 54 
22 104 
22 150 
128 85 
62 8 
118 47 
97 59 
87 66 
18 2 
108 58 
77 132 
90 130 
124 36 
173 65 
47 10 
97 136 
118 9 
80 88 
11 85 
168 126 
168 165 
23 130 
10 91 
6 88 
32 116 
37 111 
102 168 
90 110 
109 3 
131 60 
170 105 
32 122 
53 30 
36 8 
50 147 
40 9 
13 83 
37 29 
68 92 
166 11 
33 132 
135 29 
66 17 
5 39 
24 155 
28 88 
80 25 
7 104 
30 68 
29 7 
129 18 
73 103 
28 108 
117 99 
152 50 
102 145 
21 4 
77 169 
36 134 
13 29 
14 54 
45 113 
95 97 
112 139 
58 136 
158 84 
8 21 
43 54 
43 142 
116 132 
43 154 
12 159 
166 4 
134 63 
32 105 
6 81 
95 170 
97 121 
53 136 
64 66 
166 160 
92 62 
104 130 
76 3 
144 105 
60 53 
172 3 
150 162 
138 146 
100 145 
138 24 
62 91 
39 168 
1 44 
134 142 
61 46 
41 43 
156 91 
69 156 
124 143 
135 87 
55 106 
23 14 
5 126 
78 125 
158 147 
58 86 
60 91 
87 10 
135 105 
56 126 
20 90 
164 128 
50 88 
62 45 
35 5 
62 149 
128 146 
35 3 
4 40 
96 162 
123 79 
59 30 
143 23 
152 99 
51 65 
160 85 
74 49 
17 10 
29 73 
12 135 
76 15 
19 16 
62 25 
32 156 
59 133 
19 67 
121 112 
111 56 
6 74 
67 50 
121 49 
49 107 
117 62 
11 25 
128 98 
45 169 
36 118 
29 22 
75 62 
111 65 
22 56 
17 67 
70 84 
24 149 
73 153 
169 54 
19 44 
124 159 
35 156 
141 76 
107 141 
109 7 
142 47 
16 45 
87 142 
17 41 
87 115 
118 38 
123 21 
118 61 
103 169 
154 6 
165 169 
157 96 
131 133 
149 35 
160 13 
130 79 
119 125 
59 113 
32 157 
11 42 
80 148 
2 142 
76 102 
124 160 
75 28 
48 24 
63 70 
37 123 
77 7 
67 115 
10 128 
105 40 
61 122 
81 19 
113 64 
41 23 
105 23 
170 83 
149 90 
33 127 
150 147 
23 22 
159 154 
87 83 
93 120 
140 92 
10 170 
101 14 
43 72 
29 40 
40 38 
51 155 
137 156 
75 122 
73 111 
72 14 
24 105 
115 17 
28 125 
78 140 
129 48 
113 51 
173 105 
30 45 
9 117 
69 49 
102 5 
36 52 
13 166 
92 88 
120 123 
8 64 
153 160 
113 69 
45 156 
96 112 
113 90 
53 119 
154 103 
60 88 
113 53 
139 144 
168 77 
104 2 
18 151 
35 108 
92 99 
132 120 
146 119 
97 144 
171 49 
107 35 
72 144 
84 101 
116 162 
107 54 
170 156 
147 110 
43 165 
152 144 
156 38 
142 72 
6 56 
68 172 
78 170 
116 69 
93 26 
159 99 
149 89 
29 35 
150 136 
37 53 
135 46 
149 105 
156 50 
125 74 
56 52 
89 35 
8 24 
131 161 
92 155 
40 149 
150 36 
23 118 
141 87 
9 153 
125 107 
141 88 
135 148 
114 68 
99 14 
5 152 
103 54 
160 113 
6 124 
61 144 
153 167 
92 89 
154 84 
34 24 
95 87 
65 161 
129 113 
47 159 
81 162 
171 58 
46 132 
146 173 
169 161 
13 32 
4 120 
121 29 
148 79 
101 167 
44 68 
144 92 
165 33 
13 101 
170 70 
121 42 
150 18 
159 24 
21 108 
43 138 
145 69 
85 127 
114 82 
104 5 
150 141 
56 30 
146 11 
38 113 
51 8 
163 113 
170 32 
45 123 
59 80 
15 159 
142 63 
79 106 
18 168 
171 116 
113 10 
98 142 
127 53 
65 50 
106 24 
103 156 
44 122 
72 101 
111 112 
88 104 
10 2 
31 135 
23 110 
89 10 
38 160 
106 58 
152 15 
153 109 
57 108 
149 16 
1 69 
76 45 
117 111 
61 137 
80 84 
101 29 
121 34 
112 27 
142 108 
34 143 
22 121 
122 96 
14 110 
121 19 
13 123 
82 116 
117 56 
135 7 
12 156 
1 142 
79 109 
141 153 
151 131 
170 117 
163 157 
24 61 
128 106 
60 50 
85 154 
12 100 
95 6 
97 19 
104 120 
124 10 
82 108 
22 102 
6 170 
48 33 
50 125 
71 11 
73 137 
113 83 
101 65 
78 129 
162 151 
48 97 
69 70 
114 147 
121 67 
141 131 
56 25 
80 103 
16 85 
158 51 
22 72 
132 9 
108 126 
26 16 
61 50 
147 165 
91 49 
51 165 
173 169 
22 66 
115 13 
108 111 
23 7 
73 65 
49 82 
79 14 
54 154 
50 164 
74 39 
103 157 
79 118 
53 168 
108 150 
56 1 
128 108 
64 84 
76 135 
37 172 
159 56 
57 122 
119 169 
84 5 
109 98 
62 52 
98 36 
20 116 
34 75 
2 109 
15 70 
13 36 
35 77 
154 138 
52 48 
77 130 
127 161 
148 125 
23 65 
61 95 
130 86 
118 11 
93 54 
90 146 
56 46 
132 60 
77 44 
125 62 
12 130 
17 48 
25 151 
23 165 
70 148 
120 85 
163 84 
163 87 
138 105 
76 28 
60 153 
100 110 
90 133 
122 9 
119 7 
111 3 
52 49 
168 164 
30 76 
143 159 
39 61 
74 83 
135 92 
154 4 
39 32 
59 111 
117 27 
100 136 
48 170 
64 122 
99 83 
68 73 
65 7 
58 87 
35 82 
117 79 
42 20 
156 142 
96 71 
34 61 
37 170 
3 169 
165 71 
64 30 
116 84 
19 51 
19 71 
9 84 
79 167 
50 173 
131 29 
2 122 
152 27 
22 157 
89 86 
78 64 
91 106 
153 25 
170 129 
66 9 
66 170 
141 97 
146 112 
76 67 
59 168 
142 12 
168 29 
113 166 
66 143 
18 43 
131 125 
164 66 
129 51 
133 171 
29 105 
110 46 
9 23 
26 140 
61 71 
91 144 
81 109 
75 56 
153 111 
23 36 
61 59 
2 165 
171 158 
79 104 
123 125 
57 169 
88 32 
162 37 
83 69 
27 76 
103 7 
161 173 
19 116 
16 112 
106 2 
130 147 
159 101 
167 169 
123 137 
32 71 
18 20 
68 147 
173 137 
137 40 
84 171 
79 64 
77 40 
96 13 
63 42 
22 87 
166 50 
74 104 
13 142 
103 29 
75 7 
90 167 
152 54 
107 42 
67 43 
22 130 
23 63 
88 96 
172 27 
67 130 
29 92 
100 47 
163 166 
56 148 
69 14 
79 75 
128 105 
89 150 
125 163 
45 109 
84 94 
63 28 
96 82 
54 144 
168 7 
88 10 
158 167 
80 66 
47 133 
5 10 
1 164 
3 123 
146 59 
25 14 
155 141 
122 48 
137 60 
77 1 
124 142 
70 155 
162 94 
16 84 
57 37 
149 1 
138 136 
143 29 
2 120 
172 12 
76 99 
145 24 
11 28 
27 100 
124 94 
57 141 
169 16 
93 128 
65 46 
173 167 
97 38 
27 165 
78 121 
130 32 
2 77 
75 82 
81 13 
54 46 
98 167 
39 82 
150 130 
37 3 
30 122 
36 92 
168 70 
92 14 
41 115 
172 32 
100 62 
128 142 
150 135 
51 52 
3 171 
90 115 
5 83 
83 33 
17 103 
68 17 
33 116 
97 58 
150 172 
