186 3500 
25 177 18 40 66 87 194 34 260 186 155 166 245 242 56 218 234 194 87 287 78 105 130 139 139 296 233 285 88 20 17 4 241 27 48 70 23 218 165 186 293 254 217 27 44 48 8 24 91 50 77 151 261 40 100 298 74 105 154 153 73 214 274 162 29 145 53 205 289 263 109 280 212 74 277 58 120 170 50 95 163 141 19 195 35 166 171 60 256 62 135 172 160 3 208 221 275 165 30 230 32 109 231 69 263 243 242 189 178 145 199 58 88 27 42 239 238 15 79 70 272 156 194 86 86 238 122 243 93 28 23 254 49 191 296 291 97 243 179 238 265 18 87 255 179 126 274 270 167 128 80 169 101 229 269 45 128 109 247 92 242 219 103 106 78 274 183 177 166 155 9 196 118 268 250 228 200 108 126 160 13 284 41 36 12 156 
28 34 
95 73 
38 89 
144 100 
74 170 
161 176 
61 109 
67 101 
142 157 
127 95 
177 15 
179 66 
146 10 
141 129 
178 148 
175 98 
68 22 
119 147 
2 165 
5 63 
32 59 
172 138 
153 96 
51 87 
25 117 
140 175 
110 161 
49 29 
29 48 
99 108 
71 160 
67 100 
12 4 
125 23 
177 28 
157 6 
27 20 
166 19 
91 150 
141 77 
3 56 
150 128 
181 56 
73 78 
26 22 
109 113 
185 78 
48 74 
77 167 
73 136 
117 93 
89 147 
12 172 
102 51 
153 172 
131 143 
105 22 
42 57 
68 181 
161 66 
138 159 
77 64 
160 88 
39 16 
119 82 
80 131 
71 116 
114 92 
82 76 
21 13 
68 138 
142 76 
127 141 
150 140 
46 165 
83 114 
25 16 
150 172 
97 36 
166 147 
115 184 
9 78 
15 137 
147 101 
23 164 
46 105 
77 61 
180 75 
171 31 
69 22 
140 142 
8 14 
114 102 
3 73 
93 115 
149 127 
47 170 
102 110 
61 43 
10 153 
3 84 
121 164 
161 172 
29 24 
96 87 
27 180 
116 108 
34 158 
7 171 
121 47 
12 55 
98 7 
142 57 
121 76 
161 170 
171 16 
27 182 
84 31 
138 25 
89 76 
97 175 
140 20 
99 22 
176 61 
181 109 
70 180 
118 24 
19 147 
89 28 
173 139 
98 148 
154 3 
175 73 
154 176 
6 23 
180 11 
112 6 
17 87 
107 105 
122 100 
182 15 
17 3 
163 33 
28 67 
159 8 
22 79 
160 171 
26 77 
132 33 
136 17 
152 82 
186 9 
94 177 
84 104 
95 89 
137 136 
23 30 
171 29 
138 88 
126 31 
73 9 
145 157 
96 70 
1 49 
53 4 
56 6 
138 58 
75 104 
71 33 
98 158 
49 133 
98 51 
33 121 
29 117 
88 110 
182 84 
150 56 
128 156 
97 44 
49 95 
53 33 
79 8 
82 30 
111 7 
90 60 
157 68 
75 19 
6 78 
118 123 
3 163 
165 60 
75 73 
123 3 
152 180 
94 31 
124 75 
119 140 
120 112 
139 21 
61 27 
12 7 
99 137 
104 111 
95 77 
127 150 
97 182 
62 72 
118 185 
113 71 
6 149 
88 185 
134 114 
41 39 
32 178 
119 11 
93 137 
125 2 
113 12 
6 143 
86 88 
34 149 
89 65 
174 133 
132 39 
167 52 
62 148 
68 81 
136 172 
156 55 
85 183 
121 28 
109 22 
171 92 
85 172 
141 143 
49 13 
183 5 
76 55 
147 150 
99 109 
183 78 
42 129 
14 129 
46 40 
80 77 
84 88 
157 151 
178 71 
81 6 
134 125 
6 60 
39 121 
69 94 
108 80 
60 28 
55 31 
105 146 
20 146 
89 172 
40 116 
103 47 
171 115 
23 83 
73 124 
143 29 
82 24 
117 172 
138 152 
42 37 
74 72 
89 104 
45 136 
176 39 
26 143 
141 4 
180 22 
16 108 
102 157 
60 32 
76 170 
68 4 
174 80 
106 144 
158 78 
117 163 
126 56 
24 102 
167 152 
25 140 
133 42 
96 182 
80 132 
6 84 
81 118 
51 106 
57 90 
168 115 
159 133 
125 43 
168 157 
155 175 
86 45 
7 50 
116 52 
128 116 
108 79 
105 74 
155 12 
60 64 
41 42 
151 186 
74 63 
95 44 
15 36 
186 132 
18 125 
34 140 
153 164 
15 35 
19 182 
64 21 
154 75 
110 151 
186 115 
160 134 
165 155 
22 48 
167 64 
32 128 
46 145 
186 175 
41 182 
118 150 
130 83 
101 35 
76 133 
180 67 
92 67 
6 80 
2 21 
26 153 
68 162 
165 185 
57 157 
18 147 
24 46 
132 53 
84 105 
112 141 
145 79 
65 2 
36 14 
1 59 
48 141 
102 182 
54 42 
6 161 
128 184 
125 169 
32 164 
77 63 
80 160 
156 184 
150 14 
38 155 
184 59 
182 81 
1 172 
185 23 
85 53 
75 81 
174 185 
63 75 
112 95 
48 128 
167 12 
42 119 
184 173 
124 23 
58 147 
65 58 
62 177 
25 88 
161 186 
157 52 
20 64 
136 170 
99 103 
148 135 
14 82 
149 152 
21 179 
98 109 
130 20 
87 147 
20 145 
100 88 
100 101 
130 50 
1 185 
131 66 
3 65 
122 97 
75 162 
172 35 
148 118 
163 162 
160 83 
74 42 
150 30 
8 135 
78 16 
112 64 
149 72 
35 39 
36 113 
35 93 
169 49 
34 112 
1 158 
31 142 
90 96 
97 146 
119 181 
128 41 
179 59 
56 165 
40 111 
114 9 
32 119 
12 150 
46 178 
127 50 
74 186 
123 52 
125 95 
93 60 
140 62 
169 89 
3 47 
137 55 
65 133 
81 176 
127 37 
100 95 
119 58 
69 77 
144 29 
126 60 
80 156 
129 115 
28 43 
58 17 
175 92 
83 65 
85 157 
61 72 
129 64 
166 25 
156 27 
134 3 
21 106 
100 69 
139 170 
47 70 
44 30 
134 167 
125 58 
31 68 
64 24 
157 167 
31 107 
81 27 
125 83 
2 169 
33 136 
115 41 
88 55 
48 96 
141 181 
2 135 
174 140 
120 81 
141 186 
94 18 
73 152 
134 48 
102 139 
168 183 
24 167 
129 38 
70 55 
133 86 
139 133 
52 18 
164 115 
125 87 
103 11 
42 62 
59 101 
3 158 
43 5 
38 61 
81 86 
44 127 
118 115 
18 76 
109 11 
177 78 
54 143 
47 105 
166 167 
26 87 
143 12 
22 146 
48 87 
36 158 
45 16 
141 158 
76 39 
64 65 
92 103 
172 3 
22 152 
37 136 
81 89 
11 108 
81 167 
51 43 
59 160 
34 67 
180 135 
153 95 
71 61 
23 37 
126 36 
97 126 
100 170 
174 97 
94 150 
7 78 
178 98 
93 68 
66 69 
53 116 
41 153 
146 35 
174 139 
107 10 
18 136 
117 46 
169 67 
130 176 
8 44 
76 156 
22 14 
179 96 
61 36 
107 39 
45 18 
26 61 
148 34 
183 21 
93 123 
131 68 
142 173 
91 158 
100 46 
35 98 
10 43 
29 68 
123 43 
163 71 
46 48 
71 93 
118 43 
101 37 
34 42 
24 119 
138 175 
50 58 
110 158 
46 179 
96 139 
120 128 
29 69 
181 36 
5 171 
167 22 
44 125 
40 10 
66 98 
182 159 
61 98 
41 2 
29 57 
59 27 
56 177 
175 182 
43 126 
156 155 
16 112 
48 133 
25 56 
144 24 
86 50 
68 144 
154 162 
77 29 
78 74 
19 135 
133 143 
54 93 
185 186 
183 97 
136 154 
4 9 
19 80 
63 54 
168 170 
107 178 
39 97 
150 54 
88 127 
140 87 
160 89 
58 90 
53 48 
84 156 
21 94 
73 128 
76 57 
90 177 
49 30 
161 72 
162 109 
95 158 
178 65 
42 114 
149 161 
93 21 
177 14 
95 172 
141 50 
12 68 
155 182 
44 66 
34 54 
132 46 
46 160 
90 27 
171 88 
93 150 
146 79 
38 123 
88 135 
52 1 
44 16 
48 91 
159 36 
72 102 
7 44 
124 148 
131 76 
83 131 
62 150 
76 90 
107 75 
140 27 
158 145 
79 41 
157 74 
168 166 
56 4 
41 22 
36 161 
167 118 
185 167 
62 52 
123 88 
27 95 
125 69 
63 139 
53 93 
184 158 
59 165 
92 131 
67 143 
43 8 
77 135 
151 3 
162 69 
153 30 
89 150 
66 164 
46 38 
65 129 
35 83 
4 118 
165 156 
146 80 
35 124 
102 92 
146 47 
9 44 
7 93 
169 61 
55 126 
44 105 
87 179 
131 22 
153 19 
132 183 
40 173 
56 86 
105 16 
92 112 
59 122 
118 172 
42 44 
119 97 
40 47 
42 69 
93 173 
84 121 
8 71 
81 19 
115 56 
33 186 
133 119 
46 71 
171 162 
20 53 
83 52 
125 140 
185 97 
72 73 
58 148 
151 35 
69 88 
19 175 
79 185 
120 41 
19 26 
124 180 
135 22 
103 123 
85 165 
173 109 
59 133 
44 50 
167 92 
59 121 
19 82 
96 109 
163 13 
95 8 
158 169 
123 12 
162 148 
170 110 
130 112 
96 161 
149 119 
26 81 
131 183 
22 120 
172 9 
123 150 
73 10 
181 4 
7 45 
184 142 
160 137 
89 37 
1 10 
89 92 
106 184 
156 22 
27 170 
155 103 
59 96 
45 179 
72 11 
31 152 
104 124 
41 44 
123 94 
161 156 
156 171 
174 161 
94 140 
58 142 
134 19 
27 135 
64 180 
46 78 
2 12 
149 100 
97 152 
163 132 
57 178 
54 119 
152 150 
60 99 
36 27 
94 128 
45 160 
42 168 
170 62 
74 114 
147 56 
74 71 
63 76 
137 125 
8 177 
118 72 
47 11 
179 77 
19 79 
70 8 
160 167 
38 16 
21 3 
31 36 
24 129 
168 126 
19 43 
122 125 
120 123 
126 185 
181 161 
125 90 
69 149 
62 186 
39 27 
10 83 
168 87 
105 59 
59 128 
3 161 
17 42 
144 162 
82 11 
86 5 
38 174 
170 68 
9 10 
147 84 
76 31 
70 15 
123 7 
42 155 
90 87 
186 124 
71 9 
50 36 
87 45 
186 98 
15 71 
89 155 
59 49 
57 167 
109 12 
150 57 
140 56 
27 55 
170 153 
125 112 
42 157 
24 43 
171 77 
127 58 
120 168 
156 141 
106 150 
156 56 
129 166 
66 72 
152 100 
39 141 
25 181 
83 5 
16 82 
97 66 
29 111 
150 159 
110 169 
179 102 
164 113 
55 82 
144 115 
66 19 
86 153 
100 109 
172 129 
146 167 
60 53 
32 18 
47 151 
91 117 
82 124 
32 184 
47 163 
137 114 
84 48 
94 65 
128 4 
111 46 
139 88 
76 85 
112 152 
101 68 
13 42 
82 2 
94 73 
137 73 
30 51 
87 36 
35 150 
20 90 
83 43 
7 163 
136 14 
162 120 
56 172 
157 114 
13 57 
57 93 
106 97 
73 67 
29 147 
170 99 
98 82 
58 37 
176 58 
97 107 
3 130 
57 139 
72 78 
13 126 
7 94 
125 174 
13 186 
185 86 
185 91 
79 65 
102 105 
57 121 
148 174 
2 173 
22 102 
159 2 
70 105 
135 54 
18 113 
47 133 
154 147 
16 35 
36 37 
173 35 
154 118 
174 78 
121 129 
46 121 
61 93 
171 87 
5 131 
99 12 
171 70 
64 36 
152 23 
126 61 
22 78 
178 123 
50 61 
108 136 
77 65 
23 178 
179 84 
154 150 
117 128 
73 37 
106 58 
144 44 
82 103 
5 156 
101 85 
162 147 
38 140 
39 125 
178 69 
12 168 
129 69 
34 173 
115 127 
69 138 
147 125 
16 137 
108 29 
105 7 
177 145 
162 64 
128 39 
27 109 
93 31 
96 145 
75 24 
99 182 
167 26 
6 101 
165 183 
42 113 
5 8 
60 120 
182 2 
136 132 
124 149 
122 128 
58 83 
96 67 
118 101 
76 22 
55 37 
119 21 
152 121 
184 39 
173 127 
134 112 
41 173 
57 92 
180 79 
183 99 
99 185 
56 171 
33 143 
160 34 
39 60 
103 57 
45 112 
44 4 
152 75 
41 147 
146 174 
96 64 
20 163 
173 23 
171 40 
184 9 
183 44 
149 5 
101 129 
24 152 
178 82 
27 54 
6 113 
141 123 
33 110 
57 51 
28 81 
182 44 
13 62 
144 72 
185 152 
71 122 
169 48 
61 62 
102 126 
138 96 
162 32 
112 46 
154 63 
174 27 
90 84 
95 23 
150 31 
114 86 
165 137 
166 24 
53 72 
18 88 
39 173 
54 115 
149 177 
119 12 
73 101 
169 138 
91 151 
108 20 
34 3 
133 60 
14 148 
107 20 
80 74 
43 184 
66 104 
132 26 
86 143 
53 99 
54 50 
113 50 
110 22 
118 29 
76 32 
130 22 
171 83 
64 91 
100 52 
45 27 
118 127 
11 74 
104 150 
69 89 
25 54 
140 53 
83 156 
49 9 
40 137 
44 23 
152 115 
49 51 
152 145 
42 143 
61 103 
157 132 
57 49 
127 179 
66 4 
148 179 
111 137 
28 9 
23 145 
50 73 
15 126 
27 1 
75 27 
53 69 
29 22 
153 71 
163 143 
84 65 
145 147 
182 142 
183 180 
183 130 
11 130 
52 156 
129 33 
79 115 
96 111 
171 176 
34 29 
93 20 
64 117 
155 23 
159 32 
120 36 
128 161 
21 168 
62 172 
69 165 
61 15 
92 85 
55 178 
117 24 
9 175 
76 129 
137 141 
114 180 
52 170 
174 176 
168 109 
118 35 
127 93 
87 185 
92 168 
31 11 
147 94 
115 177 
151 12 
11 171 
108 40 
41 163 
167 127 
88 7 
26 71 
55 151 
5 71 
155 141 
96 44 
67 88 
47 59 
169 148 
41 98 
72 157 
113 90 
138 111 
24 90 
97 177 
147 142 
95 144 
42 79 
34 61 
5 31 
173 43 
129 59 
56 55 
109 79 
91 127 
77 46 
72 47 
111 145 
174 5 
49 16 
48 81 
31 24 
15 112 
109 108 
9 155 
15 21 
124 13 
102 132 
169 130 
76 1 
143 32 
148 22 
107 1 
184 38 
113 95 
15 124 
135 56 
18 33 
45 129 
51 20 
42 76 
128 40 
43 160 
111 47 
17 16 
90 88 
110 164 
122 41 
151 182 
30 161 
134 118 
58 78 
141 154 
125 160 
185 90 
69 78 
119 108 
158 173 
38 109 
121 119 
40 120 
162 172 
48 88 
81 161 
125 142 
79 68 
72 68 
71 150 
11 62 
84 160 
107 135 
101 83 
127 100 
161 166 
145 66 
116 177 
96 165 
163 167 
121 98 
89 25 
161 116 
132 32 
103 86 
10 101 
33 96 
134 183 
87 106 
107 61 
173 170 
107 121 
112 57 
47 125 
31 174 
2 110 
62 141 
184 113 
33 118 
86 33 
2 28 
93 23 
167 68 
174 44 
133 150 
54 99 
55 134 
37 130 
55 179 
62 84 
41 185 
60 178 
48 119 
180 115 
113 186 
93 125 
105 18 
11 115 
58 136 
115 105 
1 9 
52 127 
29 169 
15 114 
87 114 
159 109 
66 80 
35 63 
139 22 
48 40 
154 69 
182 156 
16 74 
25 170 
126 88 
54 90 
76 30 
83 33 
178 28 
168 82 
124 184 
83 174 
54 18 
156 151 
115 43 
83 89 
18 10 
128 86 
120 160 
42 124 
10 45 
111 82 
116 139 
181 178 
43 185 
184 141 
179 63 
49 159 
13 128 
55 91 
7 140 
53 8 
130 141 
153 78 
183 51 
15 40 
166 82 
152 58 
71 174 
12 42 
168 47 
5 162 
130 92 
35 80 
148 49 
123 69 
115 128 
131 14 
108 150 
184 155 
165 178 
96 24 
155 80 
60 100 
52 57 
104 46 
175 3 
67 22 
152 98 
111 100 
61 157 
18 12 
29 62 
144 85 
75 62 
152 184 
135 10 
117 87 
87 80 
43 85 
137 146 
82 138 
111 42 
61 5 
14 125 
176 152 
40 124 
49 185 
118 169 
123 40 
14 167 
104 32 
14 158 
36 67 
1 77 
143 15 
61 165 
59 147 
65 144 
165 32 
63 125 
26 133 
80 166 
117 71 
16 83 
35 30 
136 115 
13 76 
17 60 
174 15 
137 123 
143 103 
95 68 
118 117 
62 168 
21 99 
114 125 
4 33 
56 57 
111 152 
31 72 
75 7 
98 62 
97 75 
23 57 
5 151 
18 26 
129 181 
65 167 
172 100 
10 48 
59 15 
132 41 
114 18 
81 173 
66 16 
136 9 
87 47 
137 83 
88 125 
139 186 
104 172 
39 114 
12 23 
164 158 
125 167 
90 180 
4 19 
51 174 
34 87 
69 122 
51 157 
174 107 
132 101 
185 80 
59 78 
55 90 
49 100 
157 162 
41 118 
100 42 
34 103 
24 48 
32 131 
47 175 
172 41 
161 131 
93 17 
125 148 
129 159 
43 147 
49 145 
77 159 
64 179 
100 14 
118 27 
121 112 
69 118 
91 75 
52 115 
68 35 
129 164 
158 71 
170 138 
108 124 
156 173 
135 94 
57 128 
134 148 
184 169 
108 137 
69 182 
55 186 
63 168 
182 3 
126 117 
44 53 
154 8 
96 73 
156 153 
130 110 
11 135 
40 132 
160 28 
177 95 
180 158 
166 14 
148 1 
174 52 
61 133 
101 75 
41 97 
109 84 
41 174 
164 148 
131 185 
60 14 
178 13 
8 61 
120 111 
120 172 
89 165 
81 61 
133 163 
166 72 
113 170 
136 94 
79 157 
114 162 
52 137 
166 79 
5 185 
49 118 
148 144 
87 43 
74 12 
70 93 
178 150 
132 90 
85 32 
35 87 
126 39 
85 25 
65 55 
16 167 
35 143 
103 100 
90 156 
44 61 
59 164 
167 171 
119 3 
152 1 
12 162 
104 184 
47 174 
66 24 
99 94 
115 169 
152 104 
184 180 
171 127 
127 9 
67 166 
135 51 
92 41 
169 121 
122 73 
12 70 
153 45 
159 86 
27 80 
16 67 
120 1 
170 159 
3 13 
55 152 
42 27 
58 31 
174 93 
32 127 
4 62 
136 110 
3 127 
159 144 
170 176 
170 21 
139 94 
69 81 
121 184 
161 63 
153 131 
48 132 
47 145 
178 85 
47 126 
60 152 
102 43 
151 162 
181 90 
180 117 
152 140 
86 176 
52 21 
33 175 
74 93 
26 147 
11 55 
83 180 
145 136 
127 56 
186 86 
83 159 
101 142 
157 113 
102 165 
143 64 
41 68 
56 12 
17 70 
108 127 
67 49 
185 178 
1 4 
59 141 
32 100 
146 119 
151 43 
153 159 
75 149 
172 171 
90 120 
122 134 
10 36 
46 11 
181 128 
126 143 
97 184 
136 120 
107 41 
109 50 
66 22 
138 123 
115 13 
66 43 
30 127 
66 89 
103 164 
104 15 
54 12 
138 167 
136 97 
71 110 
13 123 
109 171 
14 25 
44 129 
47 52 
101 23 
122 10 
12 36 
98 32 
3 108 
164 119 
46 44 
83 170 
58 91 
158 51 
105 137 
89 73 
184 99 
65 76 
54 163 
178 171 
181 132 
136 135 
58 76 
38 8 
126 66 
91 101 
57 82 
116 36 
16 116 
20 172 
82 167 
106 75 
160 165 
77 90 
38 167 
16 138 
119 118 
181 114 
138 31 
158 29 
27 151 
183 19 
183 122 
118 99 
36 162 
156 132 
160 73 
26 135 
136 48 
139 54 
128 56 
157 174 
169 177 
84 71 
25 100 
19 170 
181 9 
50 158 
103 172 
178 48 
161 135 
114 32 
32 8 
82 75 
174 127 
91 28 
36 127 
69 167 
90 66 
125 161 
181 12 
143 91 
35 61 
147 175 
169 55 
14 163 
161 158 
54 166 
118 166 
116 115 
126 90 
103 119 
33 177 
1 165 
160 129 
134 79 
44 186 
54 107 
144 157 
5 179 
135 166 
164 162 
43 172 
68 10 
109 185 
185 2 
156 147 
58 70 
55 44 
13 129 
139 184 
3 111 
126 28 
186 156 
145 5 
175 124 
63 152 
60 119 
137 156 
167 60 
170 50 
146 158 
112 155 
121 21 
159 1 
122 103 
165 167 
29 139 
127 69 
87 12 
12 15 
79 106 
126 129 
15 144 
80 46 
94 173 
181 123 
39 49 
45 171 
65 115 
117 177 
140 42 
151 144 
9 115 
171 61 
82 144 
114 127 
186 129 
26 122 
85 70 
37 16 
75 11 
142 65 
51 1 
116 93 
139 106 
113 142 
29 47 
71 16 
166 140 
130 54 
169 153 
136 4 
165 98 
120 55 
144 164 
49 73 
162 142 
112 173 
94 30 
72 184 
159 72 
69 151 
104 5 
36 117 
186 46 
154 143 
70 41 
158 18 
162 136 
1 36 
29 17 
71 21 
55 163 
172 26 
163 131 
157 177 
42 185 
8 164 
150 28 
133 116 
99 149 
146 130 
134 4 
179 118 
174 101 
115 57 
65 90 
127 133 
98 185 
157 176 
106 123 
77 17 
93 50 
44 80 
131 116 
16 47 
125 152 
135 92 
88 30 
102 80 
169 30 
82 70 
12 53 
101 126 
19 156 
167 29 
165 3 
16 166 
72 89 
92 123 
25 186 
108 8 
179 40 
181 58 
6 152 
90 161 
170 175 
171 15 
183 142 
178 115 
25 148 
19 49 
3 22 
20 63 
6 32 
160 166 
105 123 
72 155 
53 30 
36 132 
180 128 
21 114 
26 177 
130 29 
110 97 
46 149 
50 153 
81 53 
84 131 
14 96 
51 79 
130 132 
81 156 
121 97 
67 123 
131 104 
106 166 
183 138 
66 147 
93 98 
21 177 
27 136 
74 94 
84 120 
149 39 
15 113 
65 176 
144 127 
12 60 
117 182 
148 91 
2 98 
106 176 
34 20 
180 94 
51 76 
133 117 
83 163 
24 140 
134 28 
174 77 
88 141 
92 141 
70 22 
108 179 
133 88 
27 100 
34 89 
105 124 
86 120 
34 162 
103 10 
4 103 
19 38 
116 101 
102 122 
110 84 
95 114 
167 129 
90 121 
164 136 
45 123 
53 82 
37 149 
7 159 
73 173 
100 139 
178 74 
182 110 
137 30 
24 83 
3 92 
173 160 
151 98 
113 137 
155 81 
79 78 
159 34 
60 20 
106 85 
26 183 
15 50 
33 6 
31 100 
143 128 
180 140 
85 44 
44 59 
10 24 
40 76 
39 59 
144 111 
12 49 
146 182 
85 141 
68 117 
137 12 
41 99 
90 162 
90 38 
31 62 
95 169 
174 130 
14 83 
63 162 
161 92 
159 139 
38 34 
41 156 
167 51 
24 16 
123 57 
20 97 
73 17 
174 120 
4 95 
45 4 
18 59 
130 186 
171 17 
19 39 
47 37 
114 91 
111 68 
66 94 
31 124 
177 98 
42 70 
3 105 
168 96 
45 111 
4 140 
179 1 
170 152 
122 131 
149 67 
160 174 
132 31 
77 5 
43 70 
93 32 
166 148 
20 129 
6 26 
59 166 
76 180 
146 4 
39 4 
118 61 
175 49 
110 118 
160 186 
127 53 
164 1 
125 97 
149 135 
104 18 
129 49 
85 51 
70 79 
166 158 
164 69 
5 99 
40 20 
126 38 
5 158 
34 66 
28 50 
84 40 
155 16 
158 150 
96 129 
5 182 
80 53 
117 9 
180 113 
11 33 
28 62 
170 163 
132 96 
108 31 
112 151 
12 73 
58 183 
100 24 
30 178 
97 13 
142 30 
16 156 
168 25 
17 154 
131 96 
63 107 
170 157 
36 157 
174 29 
183 9 
157 135 
25 179 
27 92 
155 46 
131 60 
181 117 
144 17 
154 60 
48 106 
159 115 
116 90 
130 39 
128 21 
38 72 
51 180 
103 124 
148 133 
28 131 
149 53 
126 5 
135 173 
80 28 
170 117 
160 65 
83 29 
52 143 
75 37 
24 130 
170 181 
182 73 
96 113 
176 117 
170 80 
116 83 
13 77 
45 120 
150 126 
151 25 
26 74 
155 126 
171 19 
89 18 
165 42 
103 94 
51 99 
59 22 
76 96 
74 154 
76 138 
72 13 
35 95 
172 76 
85 46 
56 178 
9 167 
40 95 
11 27 
111 182 
23 80 
108 183 
32 55 
98 59 
43 36 
147 160 
73 148 
103 166 
64 1 
4 96 
112 43 
112 38 
36 35 
118 153 
65 25 
117 81 
142 21 
82 122 
129 61 
122 79 
158 109 
130 117 
79 88 
49 61 
156 175 
181 126 
69 171 
119 31 
156 93 
185 104 
62 17 
123 29 
153 60 
137 78 
82 180 
109 59 
8 39 
69 116 
52 165 
47 166 
107 133 
161 19 
153 11 
147 46 
161 93 
122 180 
164 143 
125 115 
35 105 
153 149 
4 79 
175 88 
102 185 
109 111 
63 98 
104 53 
86 46 
114 57 
127 145 
98 52 
179 74 
57 159 
174 159 
42 63 
126 164 
177 35 
111 26 
99 127 
51 6 
42 151 
161 94 
125 184 
45 6 
118 28 
172 110 
166 57 
175 145 
106 140 
181 80 
59 114 
143 158 
136 19 
135 140 
182 105 
104 180 
64 130 
20 142 
91 52 
184 143 
174 19 
162 59 
184 91 
1 25 
145 86 
131 61 
158 97 
27 51 
157 146 
68 25 
49 131 
8 155 
47 7 
12 108 
154 13 
21 167 
140 171 
18 44 
1 155 
19 10 
74 125 
116 11 
7 51 
1 151 
129 74 
58 14 
46 109 
87 64 
117 3 
101 150 
85 86 
98 8 
60 146 
39 164 
59 25 
167 102 
66 27 
59 52 
14 23 
12 179 
18 23 
12 52 
4 50 
108 85 
164 87 
166 152 
124 112 
123 22 
28 30 
77 166 
77 44 
88 9 
79 177 
42 148 
23 71 
65 50 
86 125 
141 66 
7 156 
11 137 
66 58 
81 171 
50 68 
163 142 
36 49 
94 165 
97 76 
64 102 
177 10 
105 69 
131 169 
27 159 
154 110 
36 150 
146 104 
99 70 
147 131 
91 172 
181 165 
23 183 
124 19 
116 169 
159 50 
157 50 
158 115 
106 163 
118 102 
164 75 
149 184 
66 64 
154 96 
58 2 
70 83 
178 163 
113 78 
181 55 
181 46 
46 110 
131 20 
107 129 
124 5 
95 11 
57 1 
31 101 
125 179 
32 90 
138 87 
37 48 
109 65 
96 114 
122 24 
25 73 
166 9 
156 8 
22 44 
153 130 
138 77 
116 171 
166 43 
105 11 
18 106 
4 179 
143 19 
56 118 
78 150 
11 146 
129 144 
32 69 
176 32 
116 34 
94 84 
164 35 
168 14 
137 29 
32 146 
65 184 
21 33 
89 87 
133 10 
111 181 
186 104 
138 26 
1 16 
138 164 
161 53 
90 18 
94 183 
36 185 
95 185 
183 63 
12 164 
46 157 
93 65 
151 38 
66 102 
5 172 
170 59 
23 67 
135 174 
59 81 
165 131 
56 102 
14 154 
163 53 
113 117 
173 29 
142 165 
51 31 
155 94 
69 139 
14 101 
10 123 
11 5 
67 18 
177 31 
166 92 
158 73 
109 18 
107 36 
81 32 
92 11 
183 73 
59 108 
138 44 
61 117 
94 171 
156 64 
65 59 
164 132 
92 44 
169 104 
65 5 
21 127 
28 175 
177 65 
139 37 
124 115 
109 146 
98 110 
54 28 
123 115 
177 110 
26 92 
116 160 
122 105 
9 113 
152 142 
50 163 
113 173 
1 98 
172 63 
163 96 
39 46 
1 50 
71 35 
170 174 
131 171 
80 162 
134 105 
119 179 
33 54 
147 54 
59 102 
151 146 
112 107 
186 60 
37 157 
46 90 
145 89 
70 170 
173 64 
103 36 
99 27 
173 151 
166 78 
50 8 
177 114 
29 84 
137 166 
34 68 
80 18 
128 89 
1 58 
154 27 
154 16 
181 121 
147 127 
141 164 
76 100 
162 6 
2 48 
57 2 
14 115 
151 101 
183 66 
170 169 
132 134 
162 8 
131 135 
51 13 
89 174 
88 167 
137 159 
108 114 
182 150 
49 90 
121 133 
73 145 
110 49 
25 23 
175 169 
17 52 
1 140 
52 131 
88 36 
118 109 
114 27 
86 175 
154 180 
140 101 
134 117 
165 20 
31 4 
167 85 
77 31 
83 155 
62 158 
83 13 
186 123 
14 17 
139 157 
66 28 
120 43 
93 182 
46 43 
68 169 
134 93 
88 155 
72 131 
97 112 
113 75 
157 82 
56 33 
8 40 
134 33 
91 176 
82 110 
141 13 
30 132 
108 69 
120 75 
46 87 
180 12 
127 79 
56 142 
147 134 
61 1 
116 100 
7 185 
157 55 
52 9 
16 93 
89 23 
94 78 
55 102 
101 181 
180 3 
46 129 
109 126 
40 181 
3 147 
96 81 
58 165 
14 33 
15 128 
154 82 
81 87 
77 51 
166 29 
52 86 
37 182 
82 94 
57 182 
117 39 
62 90 
19 28 
177 186 
106 156 
142 51 
81 44 
172 115 
170 67 
26 181 
97 56 
3 77 
99 158 
84 144 
19 123 
100 4 
90 28 
66 101 
149 108 
97 95 
166 136 
170 121 
94 16 
31 153 
116 86 
130 4 
129 168 
21 24 
72 79 
138 118 
57 171 
42 169 
60 175 
103 88 
118 165 
119 10 
152 153 
142 28 
133 37 
63 9 
131 59 
4 51 
16 48 
133 24 
8 67 
84 67 
126 22 
96 26 
120 73 
52 146 
63 10 
80 65 
178 36 
18 98 
57 41 
70 130 
175 61 
56 40 
36 183 
63 100 
89 113 
31 59 
47 14 
28 12 
67 105 
102 133 
101 72 
88 29 
116 59 
68 88 
35 47 
178 87 
179 158 
173 59 
125 163 
173 12 
138 74 
167 45 
152 157 
47 144 
178 103 
83 95 
82 112 
26 7 
180 84 
183 75 
24 162 
101 154 
147 114 
161 34 
99 106 
35 59 
94 3 
96 158 
135 170 
50 55 
82 85 
170 1 
17 72 
102 4 
82 36 
149 146 
177 133 
136 177 
167 33 
166 68 
149 27 
24 18 
120 58 
112 179 
179 120 
40 21 
174 168 
147 1 
45 176 
117 100 
46 148 
147 93 
74 61 
124 119 
101 62 
26 140 
88 13 
84 33 
79 141 
79 9 
98 44 
58 114 
136 1 
49 151 
106 50 
125 118 
76 182 
14 45 
174 103 
103 153 
70 66 
131 133 
65 114 
144 67 
93 186 
28 100 
103 70 
13 23 
16 147 
182 128 
128 177 
98 154 
102 112 
62 23 
114 130 
91 175 
88 164 
10 31 
82 60 
159 186 
153 135 
127 57 
140 73 
41 14 
14 4 
136 129 
20 26 
128 36 
56 43 
109 122 
146 128 
183 8 
86 31 
16 140 
49 8 
50 174 
20 17 
56 65 
48 71 
130 124 
149 41 
65 182 
43 3 
24 160 
18 162 
143 30 
77 30 
81 111 
8 89 
18 148 
148 64 
11 10 
140 95 
161 14 
54 23 
33 108 
54 186 
175 168 
169 155 
154 18 
183 89 
37 113 
107 34 
34 141 
98 166 
130 168 
8 145 
183 77 
102 47 
123 156 
12 186 
103 51 
121 50 
56 15 
147 96 
10 25 
53 142 
50 11 
35 96 
35 66 
65 66 
45 90 
105 36 
123 35 
151 93 
12 83 
51 162 
110 100 
26 48 
83 54 
3 120 
12 127 
105 130 
157 25 
9 110 
152 95 
4 2 
55 97 
57 14 
120 131 
92 31 
96 140 
55 173 
151 97 
8 58 
94 185 
35 111 
146 15 
15 179 
92 5 
117 105 
34 164 
54 7 
44 1 
58 47 
182 12 
105 110 
138 29 
180 166 
111 148 
80 48 
52 4 
153 107 
103 80 
51 25 
75 153 
66 134 
153 171 
54 92 
55 124 
123 126 
163 137 
43 64 
82 22 
157 165 
182 28 
35 1 
174 88 
79 6 
67 60 
27 169 
153 67 
95 51 
104 82 
113 183 
20 22 
19 160 
182 24 
147 110 
36 129 
122 33 
34 24 
160 155 
143 102 
102 77 
99 128 
34 37 
160 69 
47 150 
182 130 
11 23 
148 63 
152 154 
65 68 
21 51 
71 76 
130 36 
30 154 
44 89 
140 155 
147 63 
15 3 
81 51 
60 89 
59 38 
24 177 
126 177 
146 67 
47 155 
70 51 
184 160 
94 162 
33 22 
135 47 
18 37 
129 163 
161 55 
175 101 
69 41 
15 110 
153 40 
68 184 
45 54 
31 91 
60 181 
81 142 
186 112 
34 85 
124 157 
114 113 
27 58 
25 29 
181 16 
94 43 
64 5 
154 10 
164 24 
75 123 
151 108 
38 138 
71 92 
73 11 
178 73 
101 103 
20 118 
66 13 
52 76 
37 15 
141 80 
171 72 
175 178 
176 71 
145 122 
88 105 
71 185 
126 132 
103 84 
135 58 
81 1 
89 126 
89 164 
152 65 
11 174 
110 32 
68 33 
178 77 
68 155 
42 96 
38 166 
59 71 
61 111 
186 96 
59 158 
6 147 
117 7 
9 154 
9 42 
145 69 
158 58 
41 75 
135 138 
92 134 
106 179 
63 184 
102 177 
50 49 
178 156 
94 71 
79 1 
121 163 
21 7 
70 75 
67 112 
30 121 
50 13 
74 64 
144 61 
92 124 
178 141 
4 13 
9 38 
22 46 
181 156 
129 139 
149 8 
123 107 
112 79 
88 23 
23 78 
56 168 
63 165 
134 72 
2 16 
121 31 
151 53 
89 52 
138 64 
25 15 
40 102 
67 184 
133 170 
4 26 
128 20 
11 183 
175 109 
23 174 
136 100 
152 93 
125 75 
185 135 
107 71 
37 112 
19 179 
124 109 
105 6 
46 151 
99 176 
156 117 
23 146 
117 123 
52 134 
152 96 
81 30 
165 51 
163 126 
36 9 
92 163 
149 76 
34 45 
94 46 
5 25 
126 136 
26 1 
59 37 
30 168 
20 178 
86 93 
51 182 
59 80 
42 121 
150 176 
142 121 
141 138 
138 66 
145 165 
60 136 
97 169 
157 108 
85 112 
27 47 
154 47 
169 20 
166 48 
120 94 
69 13 
62 34 
97 137 
48 72 
149 22 
146 117 
139 28 
160 72 
174 69 
184 126 
108 15 
105 158 
60 169 
116 15 
86 40 
72 167 
161 185 
7 13 
12 142 
162 177 
15 8 
153 148 
120 46 
183 43 
112 1 
53 86 
145 11 
118 73 
146 81 
181 78 
122 5 
111 159 
2 71 
157 104 
140 41 
37 85 
79 173 
68 91 
38 40 
42 128 
131 7 
44 135 
14 62 
149 82 
4 161 
17 101 
154 114 
65 96 
5 102 
131 97 
124 102 
92 8 
22 89 
176 40 
145 94 
120 70 
12 134 
136 29 
173 185 
166 102 
134 141 
151 154 
183 49 
149 79 
73 132 
174 49 
179 132 
44 100 
65 35 
143 181 
126 135 
84 72 
52 182 
124 121 
94 9 
128 149 
136 155 
51 131 
103 91 
129 57 
140 186 
82 6 
183 12 
126 6 
84 61 
7 112 
160 22 
33 172 
52 108 
53 109 
89 108 
20 35 
13 71 
164 184 
10 80 
39 71 
155 114 
2 112 
52 90 
127 35 
64 25 
92 75 
49 158 
63 141 
72 51 
141 180 
136 5 
135 179 
104 138 
109 63 
116 67 
163 27 
165 14 
136 21 
61 141 
11 169 
166 165 
43 91 
179 97 
87 161 
132 121 
19 128 
21 57 
163 138 
87 29 
98 131 
99 92 
54 116 
17 163 
5 75 
19 51 
42 43 
108 135 
25 34 
32 86 
174 33 
50 62 
152 155 
62 66 
75 6 
35 34 
62 27 
27 166 
3 98 
32 40 
92 14 
111 55 
122 132 
165 75 
25 31 
95 126 
50 144 
119 93 
150 16 
149 157 
25 12 
140 137 
8 169 
169 39 
4 168 
87 91 
159 120 
107 144 
33 55 
37 164 
177 118 
172 99 
44 49 
93 155 
129 79 
67 13 
35 132 
168 89 
153 132 
127 64 
131 136 
10 76 
93 172 
168 173 
139 175 
77 84 
145 186 
137 139 
13 6 
130 163 
4 47 
136 61 
133 125 
88 21 
56 95 
41 96 
76 99 
96 62 
89 177 
38 106 
17 143 
183 61 
114 20 
126 142 
96 15 
146 7 
180 62 
92 23 
170 9 
145 138 
45 93 
150 175 
59 79 
52 104 
5 98 
53 49 
3 110 
171 135 
55 89 
178 160 
63 43 
158 111 
72 178 
18 49 
134 27 
156 77 
146 59 
36 72 
174 112 
56 63 
50 105 
163 63 
61 167 
100 86 
146 176 
164 163 
137 173 
61 76 
163 145 
79 114 
128 167 
112 105 
78 28 
177 119 
40 180 
18 47 
99 138 
120 177 
151 82 
146 185 
74 155 
151 118 
172 6 
140 151 
98 49 
51 108 
113 172 
46 37 
158 64 
32 108 
75 8 
33 145 
165 67 
175 94 
42 135 
89 70 
45 172 
176 27 
184 148 
114 131 
58 185 
42 103 
116 39 
8 171 
95 30 
140 114 
101 44 
120 122 
142 141 
110 52 
112 142 
135 162 
154 184 
175 181 
87 148 
11 122 
161 178 
173 19 
85 80 
182 59 
154 68 
97 147 
53 112 
151 179 
88 28 
89 14 
158 137 
115 131 
175 79 
3 67 
103 132 
72 100 
183 149 
121 149 
158 76 
71 65 
38 63 
180 46 
170 109 
159 93 
96 37 
172 77 
108 162 
142 38 
138 13 
114 186 
176 8 
122 40 
63 146 
171 82 
186 106 
186 47 
27 165 
111 149 
120 144 
98 184 
43 163 
31 71 
169 35 
157 73 
95 43 
45 159 
157 184 
151 102 
34 174 
103 41 
17 57 
58 124 
145 85 
138 122 
17 108 
144 93 
117 94 
134 87 
143 100 
149 125 
135 86 
53 152 
69 86 
137 104 
110 122 
65 42 
179 79 
132 66 
100 179 
180 106 
173 71 
82 129 
93 43 
164 74 
159 18 
61 170 
58 41 
130 171 
72 162 
112 122 
112 133 
24 135 
166 133 
168 152 
135 129 
140 167 
14 141 
6 10 
15 107 
35 165 
59 28 
105 168 
98 68 
98 80 
161 35 
28 153 
68 27 
94 40 
92 97 
21 27 
6 108 
123 85 
59 68 
64 57 
87 98 
176 57 
73 125 
19 68 
22 183 
169 93 
98 123 
38 130 
104 134 
29 76 
1 75 
8 27 
27 46 
113 93 
37 54 
153 140 
100 15 
169 180 
154 146 
104 116 
86 173 
16 146 
70 113 
94 164 
3 32 
78 31 
130 26 
17 2 
45 24 
139 130 
165 44 
171 96 
165 50 
64 68 
154 102 
168 128 
35 102 
74 146 
121 2 
88 41 
34 40 
55 183 
146 1 
118 142 
10 93 
177 55 
132 171 
181 122 
83 105 
49 72 
150 44 
