185 3879 
88 242 270 124 73 222 228 287 193 279 13 94 35 161 1 186 241 274 93 220 169 29 25 136 195 159 196 278 4 4 10 201 288 208 199 192 97 117 293 271 236 225 43 116 113 143 204 159 186 75 114 273 178 203 14 119 98 97 82 235 200 65 33 66 117 11 266 121 244 69 143 77 93 142 200 67 73 297 99 74 280 39 126 274 79 113 229 296 163 222 187 19 126 32 16 39 107 207 39 131 31 96 223 54 97 204 296 48 153 3 126 21 256 163 8 286 222 170 12 94 191 101 32 196 46 276 180 207 211 108 22 21 298 263 73 128 12 31 130 246 251 72 83 204 201 184 42 292 176 251 146 200 253 172 234 36 195 135 207 182 296 139 47 284 157 146 55 165 192 247 293 74 63 194 12 109 108 86 82 134 156 21 63 130 50 
153 115 
70 125 
170 74 
119 87 
74 5 
184 26 
106 116 
95 144 
148 184 
168 135 
13 73 
105 93 
169 50 
142 65 
184 83 
113 18 
75 44 
123 146 
178 179 
168 106 
23 126 
26 165 
45 109 
14 111 
23 61 
9 181 
164 59 
92 145 
53 89 
34 146 
140 49 
107 170 
12 166 
130 156 
145 121 
23 183 
85 87 
116 141 
82 16 
55 87 
27 138 
152 60 
53 1 
116 22 
64 14 
179 164 
32 112 
25 150 
50 51 
160 90 
156 153 
164 180 
56 89 
25 134 
86 27 
66 68 
68 76 
38 153 
29 179 
109 163 
91 33 
106 67 
151 74 
155 56 
110 170 
105 165 
159 49 
38 16 
104 27 
73 23 
11 77 
121 53 
48 94 
139 22 
26 30 
92 106 
114 106 
110 166 
88 138 
64 18 
183 66 
120 68 
31 108 
131 181 
14 22 
110 101 
140 139 
47 48 
76 114 
1 5 
137 37 
54 38 
87 161 
58 43 
176 49 
114 137 
184 137 
32 10 
24 141 
168 55 
130 46 
56 25 
185 40 
49 151 
58 109 
30 172 
154 32 
54 152 
184 18 
107 19 
101 26 
151 105 
109 105 
170 112 
10 22 
151 11 
109 94 
66 149 
107 183 
77 167 
9 115 
35 133 
129 168 
109 112 
97 182 
12 31 
106 138 
102 31 
22 44 
73 161 
181 90 
75 54 
90 168 
105 44 
99 90 
86 59 
31 123 
166 167 
56 60 
126 78 
166 116 
19 4 
69 140 
22 181 
122 155 
169 35 
17 165 
144 10 
113 33 
9 66 
154 156 
64 97 
103 166 
29 66 
136 26 
31 49 
129 26 
133 12 
109 133 
8 164 
137 21 
75 72 
1 168 
79 10 
15 58 
108 41 
79 107 
67 24 
97 141 
123 168 
139 165 
61 29 
79 130 
12 2 
145 75 
23 8 
5 84 
110 94 
91 185 
99 64 
33 77 
76 67 
45 10 
163 75 
111 31 
13 88 
94 84 
42 172 
126 106 
177 56 
28 157 
38 163 
88 43 
92 86 
157 139 
104 169 
58 140 
31 100 
180 104 
56 32 
69 5 
159 109 
179 80 
120 155 
85 70 
180 86 
57 84 
171 29 
15 85 
148 175 
181 175 
54 50 
74 10 
145 8 
95 50 
179 93 
60 30 
184 36 
91 132 
112 68 
11 7 
84 67 
51 150 
177 70 
89 59 
94 72 
52 162 
101 138 
45 145 
76 129 
101 160 
37 52 
49 169 
148 103 
53 92 
67 100 
29 54 
96 119 
93 161 
57 77 
28 58 
33 73 
103 158 
142 104 
142 176 
18 40 
134 29 
69 7 
159 18 
127 84 
92 88 
168 70 
93 45 
24 119 
139 126 
120 60 
156 18 
94 19 
109 32 
133 184 
31 54 
8 117 
114 44 
172 103 
68 63 
32 30 
145 38 
69 27 
9 130 
129 134 
126 155 
99 116 
107 52 
178 38 
184 144 
74 126 
63 111 
5 29 
126 50 
127 113 
16 148 
36 84 
88 48 
138 146 
107 25 
51 54 
151 101 
165 125 
169 140 
18 145 
25 49 
31 7 
85 182 
162 21 
77 172 
92 60 
50 20 
127 170 
138 41 
62 102 
102 61 
26 78 
68 32 
73 55 
168 139 
126 17 
167 55 
126 10 
83 178 
124 75 
126 142 
176 178 
110 59 
81 116 
51 90 
149 128 
170 86 
131 124 
58 169 
183 138 
108 106 
88 86 
183 99 
107 139 
172 118 
177 101 
35 12 
86 81 
70 132 
50 25 
178 173 
90 28 
123 17 
161 149 
161 103 
49 142 
107 29 
141 179 
130 41 
185 51 
175 59 
26 119 
19 58 
78 75 
123 91 
79 94 
100 152 
177 54 
46 110 
156 115 
57 151 
92 180 
107 166 
21 9 
7 99 
103 105 
111 54 
74 105 
55 104 
96 18 
163 143 
84 74 
33 169 
107 20 
76 52 
19 146 
167 27 
3 144 
63 84 
60 86 
127 21 
101 31 
164 156 
108 175 
48 53 
28 110 
169 178 
178 6 
98 91 
57 90 
157 128 
96 174 
83 176 
178 114 
161 53 
73 22 
34 177 
119 105 
117 166 
184 80 
150 29 
29 94 
36 99 
35 121 
7 42 
37 85 
176 120 
145 65 
44 154 
18 5 
41 161 
24 157 
113 6 
117 92 
45 15 
185 34 
88 126 
97 172 
37 102 
58 63 
102 29 
131 78 
154 90 
143 144 
127 139 
148 14 
53 8 
37 152 
79 57 
87 178 
115 179 
42 103 
86 168 
47 93 
174 114 
39 175 
83 164 
132 114 
185 137 
44 71 
171 68 
7 65 
152 147 
156 119 
59 157 
34 158 
131 86 
59 131 
17 35 
76 141 
164 11 
29 175 
85 30 
158 178 
19 184 
135 59 
118 42 
175 87 
126 170 
27 50 
173 1 
176 159 
41 95 
130 94 
63 160 
180 66 
8 124 
184 113 
83 15 
125 76 
37 134 
28 161 
118 131 
4 140 
91 55 
136 161 
177 124 
26 142 
181 86 
29 57 
138 85 
123 26 
35 67 
68 31 
59 57 
41 22 
98 84 
14 69 
99 140 
144 133 
83 149 
117 158 
124 135 
174 62 
17 104 
126 85 
127 141 
38 9 
106 60 
133 25 
171 85 
139 169 
66 101 
55 89 
169 141 
102 77 
185 14 
61 107 
139 62 
134 112 
132 18 
74 176 
117 104 
184 28 
100 112 
122 183 
20 95 
112 161 
7 151 
36 44 
14 102 
137 76 
26 27 
97 128 
42 5 
67 155 
136 42 
67 173 
136 60 
145 78 
51 163 
134 153 
99 9 
31 46 
1 153 
185 153 
8 172 
126 124 
155 43 
75 164 
116 88 
95 135 
120 134 
104 167 
74 56 
127 133 
140 16 
85 112 
57 128 
25 9 
131 106 
176 3 
47 44 
147 21 
43 54 
109 182 
154 83 
52 145 
172 105 
96 181 
48 141 
84 50 
126 15 
44 81 
62 166 
97 144 
97 110 
138 184 
76 135 
141 25 
63 69 
11 132 
153 63 
92 136 
100 183 
38 154 
169 96 
86 49 
34 126 
74 162 
3 68 
158 149 
142 13 
153 17 
144 83 
141 146 
29 155 
140 126 
80 6 
23 90 
124 103 
176 157 
90 16 
129 102 
127 128 
71 17 
64 28 
14 76 
136 95 
161 177 
49 172 
133 63 
159 68 
55 162 
173 80 
143 183 
178 61 
58 40 
155 84 
81 91 
91 121 
42 117 
57 91 
30 54 
145 39 
12 107 
42 20 
51 36 
160 141 
142 178 
155 179 
99 185 
36 78 
182 136 
97 19 
71 112 
175 173 
60 119 
123 56 
111 88 
177 118 
96 155 
1 62 
118 10 
93 88 
117 107 
85 172 
134 127 
29 110 
129 153 
115 105 
177 144 
16 7 
120 81 
112 117 
140 113 
84 132 
110 174 
51 149 
146 144 
7 38 
24 71 
156 107 
45 58 
12 4 
64 113 
21 183 
87 14 
38 44 
163 48 
66 108 
104 157 
91 72 
29 31 
149 76 
13 36 
129 37 
119 90 
4 132 
56 45 
58 65 
170 36 
148 169 
39 92 
8 31 
55 122 
33 49 
69 99 
33 66 
85 157 
8 116 
182 48 
113 53 
168 80 
165 174 
32 93 
75 24 
126 16 
3 103 
40 20 
166 141 
66 175 
80 103 
7 68 
80 159 
128 164 
123 46 
51 112 
28 159 
170 94 
123 24 
161 19 
49 180 
128 183 
48 79 
62 2 
178 42 
160 130 
54 9 
145 41 
106 32 
42 179 
152 128 
92 78 
68 110 
45 6 
107 133 
100 130 
81 117 
114 168 
60 131 
4 117 
166 15 
123 16 
37 90 
58 126 
160 109 
37 67 
48 104 
11 106 
106 110 
75 151 
75 119 
86 53 
139 179 
5 56 
60 35 
164 52 
42 52 
159 112 
62 97 
92 70 
52 31 
185 17 
160 81 
133 31 
118 126 
81 17 
83 131 
120 94 
146 63 
183 145 
141 56 
131 28 
17 127 
24 151 
70 139 
9 62 
34 155 
170 131 
4 100 
16 60 
150 76 
134 34 
162 165 
74 28 
68 168 
103 78 
120 168 
61 96 
158 137 
19 177 
41 33 
78 11 
47 73 
133 104 
60 90 
80 167 
5 33 
77 183 
130 172 
138 18 
169 133 
7 85 
149 96 
112 150 
12 25 
153 121 
143 155 
32 165 
41 110 
154 147 
66 182 
46 181 
80 48 
175 40 
39 144 
134 26 
93 74 
34 1 
134 93 
72 122 
153 40 
142 99 
60 147 
51 42 
72 23 
141 65 
44 16 
125 86 
30 166 
71 19 
131 153 
179 6 
75 8 
65 121 
14 18 
111 151 
37 144 
128 132 
68 91 
36 103 
126 2 
110 155 
97 180 
83 3 
105 146 
55 27 
35 181 
82 5 
129 112 
72 182 
167 160 
166 105 
50 62 
182 174 
71 89 
3 27 
30 86 
48 19 
150 50 
119 171 
132 131 
101 133 
161 38 
11 54 
66 44 
149 156 
141 3 
100 92 
17 107 
83 69 
168 138 
144 158 
8 127 
21 184 
36 112 
109 84 
138 35 
85 146 
57 23 
43 92 
129 20 
171 77 
70 96 
33 56 
119 106 
109 116 
85 174 
130 180 
146 109 
98 29 
152 153 
158 176 
21 111 
164 123 
92 153 
108 53 
153 116 
154 169 
38 67 
73 109 
71 20 
126 176 
145 133 
177 127 
18 74 
3 72 
101 14 
121 128 
185 161 
13 129 
29 27 
6 55 
42 99 
96 75 
99 91 
176 115 
76 92 
126 156 
152 6 
18 57 
79 67 
130 112 
54 143 
5 8 
91 154 
14 71 
31 134 
5 36 
182 119 
47 149 
164 97 
117 128 
110 60 
82 71 
84 184 
54 65 
98 131 
54 35 
123 36 
61 95 
162 121 
88 70 
26 151 
137 115 
177 119 
166 82 
9 173 
63 101 
136 184 
43 182 
139 65 
55 51 
115 46 
149 65 
16 80 
140 136 
179 149 
34 18 
159 34 
72 80 
74 51 
34 137 
104 29 
50 131 
137 154 
72 87 
98 27 
13 165 
14 95 
83 165 
50 154 
61 67 
171 97 
86 22 
30 128 
141 35 
56 75 
148 106 
28 23 
38 173 
167 12 
41 155 
49 59 
63 81 
40 145 
43 171 
35 27 
86 85 
13 172 
37 132 
50 83 
75 165 
44 8 
133 38 
161 72 
107 41 
165 122 
70 137 
61 165 
125 144 
35 150 
171 183 
49 17 
135 88 
114 58 
82 174 
18 63 
123 157 
154 127 
160 5 
28 75 
100 59 
116 40 
67 25 
17 140 
39 22 
66 164 
90 144 
22 137 
1 179 
182 152 
164 73 
25 179 
52 30 
73 151 
22 96 
148 181 
75 70 
18 79 
105 130 
23 169 
72 51 
89 157 
106 9 
60 34 
85 2 
6 72 
143 26 
171 70 
102 19 
30 99 
89 103 
172 25 
96 127 
134 87 
175 158 
60 122 
12 46 
183 4 
58 131 
44 63 
164 44 
185 93 
66 99 
9 178 
180 72 
174 115 
32 24 
148 122 
29 174 
116 136 
105 147 
32 78 
123 80 
36 37 
142 78 
68 71 
142 169 
148 45 
87 25 
34 68 
3 64 
118 58 
149 75 
182 54 
144 84 
4 47 
123 133 
31 88 
98 48 
42 57 
54 23 
16 78 
145 23 
156 184 
113 90 
30 19 
73 120 
140 55 
164 29 
173 139 
89 25 
16 112 
139 130 
57 138 
122 169 
95 82 
179 152 
37 160 
46 145 
5 2 
174 67 
82 77 
99 171 
68 182 
59 17 
126 29 
160 170 
120 42 
115 16 
75 118 
70 131 
143 93 
153 174 
104 51 
2 44 
5 141 
2 142 
87 145 
44 74 
31 44 
64 47 
94 141 
48 13 
58 23 
38 177 
36 24 
171 18 
53 138 
1 132 
113 79 
155 51 
18 164 
113 175 
69 106 
3 33 
79 50 
54 160 
74 24 
13 152 
14 163 
41 39 
45 156 
159 161 
132 86 
140 79 
67 7 
148 138 
49 136 
60 77 
164 77 
56 79 
74 137 
24 37 
16 184 
1 136 
181 56 
134 114 
178 68 
83 64 
21 37 
162 153 
83 167 
58 121 
43 30 
63 38 
160 6 
149 21 
114 147 
156 171 
135 140 
54 76 
51 43 
94 113 
162 7 
10 64 
73 182 
120 74 
33 86 
66 142 
118 3 
137 165 
79 14 
162 63 
84 135 
4 78 
126 135 
178 88 
99 166 
19 21 
2 86 
41 67 
80 43 
62 53 
6 133 
63 129 
138 14 
166 90 
124 170 
75 61 
108 111 
176 82 
32 140 
6 135 
24 14 
37 65 
112 12 
127 76 
95 92 
118 59 
5 96 
56 131 
4 128 
32 175 
80 171 
132 140 
45 46 
116 78 
114 101 
148 167 
116 16 
100 123 
42 167 
1 35 
95 91 
80 97 
133 42 
159 175 
37 113 
5 34 
155 60 
162 104 
81 39 
27 22 
5 87 
127 149 
160 94 
127 145 
16 165 
77 73 
65 107 
43 25 
148 62 
79 122 
100 151 
46 52 
158 69 
98 13 
53 93 
175 43 
12 108 
74 78 
81 2 
23 18 
114 154 
165 104 
84 160 
56 86 
163 86 
71 53 
39 173 
106 152 
178 54 
136 23 
176 92 
168 131 
158 130 
62 116 
105 92 
171 172 
153 80 
33 19 
81 99 
82 78 
147 41 
6 155 
170 79 
36 110 
134 51 
65 102 
50 167 
169 127 
28 11 
22 94 
131 33 
56 111 
182 138 
30 126 
9 145 
39 114 
62 154 
20 88 
181 101 
142 162 
16 152 
75 47 
49 43 
68 54 
7 164 
121 25 
9 137 
160 78 
164 89 
136 32 
54 169 
170 81 
125 113 
4 113 
13 40 
135 111 
121 31 
70 29 
183 51 
180 166 
158 88 
35 172 
19 60 
111 103 
81 113 
170 161 
120 126 
57 81 
148 163 
115 13 
119 9 
158 171 
128 62 
46 57 
112 55 
100 177 
121 98 
14 183 
133 137 
4 75 
173 42 
17 2 
155 5 
145 56 
35 184 
132 56 
112 66 
78 19 
101 147 
171 38 
125 143 
59 133 
13 41 
130 35 
3 56 
129 181 
13 19 
62 110 
118 107 
27 81 
118 124 
23 65 
124 174 
1 135 
144 156 
53 148 
142 50 
31 183 
76 161 
103 163 
166 174 
147 169 
10 103 
106 7 
81 179 
177 183 
154 46 
51 116 
147 150 
150 177 
154 40 
49 115 
148 35 
13 177 
41 42 
86 9 
26 83 
62 160 
41 66 
16 83 
90 180 
94 182 
118 38 
97 68 
147 99 
8 177 
79 131 
65 98 
131 114 
138 96 
126 132 
86 183 
138 176 
35 56 
143 77 
116 165 
48 158 
117 96 
114 100 
113 59 
83 104 
50 80 
54 34 
105 75 
64 65 
114 69 
184 90 
63 37 
12 102 
17 52 
166 2 
110 74 
127 24 
114 149 
125 158 
125 78 
155 18 
58 94 
22 168 
102 143 
184 152 
82 13 
101 48 
167 26 
83 92 
114 180 
121 70 
113 122 
38 29 
127 34 
28 47 
55 8 
101 55 
164 173 
147 32 
131 43 
181 79 
135 166 
13 135 
46 151 
25 23 
61 118 
119 168 
101 158 
107 71 
169 155 
127 69 
98 175 
114 51 
14 65 
53 130 
60 150 
60 125 
163 122 
74 14 
34 178 
175 114 
8 141 
32 119 
80 104 
14 47 
33 31 
98 21 
59 115 
139 36 
109 145 
105 135 
89 182 
76 111 
35 151 
178 20 
80 31 
7 148 
62 20 
144 123 
96 166 
152 80 
154 31 
19 51 
3 86 
152 20 
179 103 
144 54 
4 82 
151 150 
64 179 
122 39 
119 31 
157 168 
107 46 
59 18 
45 68 
49 71 
77 159 
167 102 
165 89 
117 137 
176 79 
28 52 
162 126 
135 70 
11 89 
67 165 
77 31 
69 147 
6 134 
110 5 
36 146 
109 110 
161 117 
9 169 
123 149 
7 76 
167 128 
85 101 
105 65 
77 76 
72 98 
178 17 
160 75 
93 5 
70 141 
41 79 
156 114 
72 68 
92 63 
170 183 
169 138 
114 103 
134 95 
133 149 
139 122 
155 63 
33 58 
87 27 
117 115 
41 183 
7 58 
120 119 
53 17 
48 15 
18 108 
180 84 
185 150 
85 110 
42 158 
19 47 
100 153 
5 48 
162 44 
174 93 
42 35 
134 7 
74 136 
102 128 
86 149 
68 10 
3 52 
139 105 
84 42 
4 155 
103 4 
185 71 
123 77 
73 27 
182 82 
175 146 
4 25 
89 119 
78 136 
19 137 
79 172 
147 95 
87 164 
41 143 
130 1 
66 86 
176 169 
54 171 
61 41 
71 3 
64 48 
122 18 
183 88 
108 14 
111 156 
7 19 
14 61 
76 32 
134 108 
167 88 
125 136 
118 17 
167 130 
74 130 
29 32 
127 77 
101 30 
180 4 
98 162 
75 137 
85 166 
122 167 
160 136 
180 103 
78 1 
62 111 
49 36 
160 152 
56 20 
76 81 
117 55 
166 98 
82 84 
64 146 
117 26 
60 69 
124 53 
42 166 
26 153 
117 119 
15 157 
131 54 
3 102 
159 149 
78 49 
71 148 
160 146 
109 78 
75 33 
98 25 
88 69 
73 179 
33 130 
71 168 
178 123 
27 161 
90 89 
124 150 
110 165 
34 20 
43 57 
179 171 
70 18 
160 105 
72 181 
177 179 
111 91 
95 167 
91 105 
45 52 
16 24 
125 26 
171 185 
17 145 
42 141 
89 92 
147 180 
15 158 
81 135 
94 167 
98 41 
140 11 
101 45 
111 146 
59 66 
42 86 
1 95 
111 150 
148 127 
49 35 
143 31 
61 77 
98 45 
10 35 
112 135 
33 84 
89 41 
8 120 
50 151 
62 130 
175 184 
33 46 
2 23 
166 24 
77 5 
86 169 
140 161 
27 148 
147 115 
86 177 
127 146 
134 162 
109 115 
40 57 
90 169 
77 170 
34 144 
151 90 
23 59 
26 48 
5 75 
60 162 
144 20 
96 71 
115 154 
36 66 
143 23 
93 130 
121 93 
124 111 
91 30 
150 145 
125 51 
132 26 
90 69 
179 185 
120 170 
96 43 
128 81 
54 99 
98 37 
14 49 
52 102 
145 114 
168 116 
38 17 
105 125 
181 16 
170 108 
171 37 
125 35 
118 20 
117 171 
25 39 
61 18 
18 6 
6 68 
151 51 
42 98 
130 88 
101 109 
38 129 
30 5 
30 59 
36 141 
93 25 
66 88 
70 150 
51 20 
76 96 
109 118 
105 70 
134 23 
148 172 
80 127 
30 4 
168 137 
185 157 
58 82 
60 135 
110 49 
92 51 
146 89 
20 46 
23 172 
99 149 
45 175 
157 121 
185 42 
99 60 
27 88 
18 99 
90 102 
53 54 
142 21 
112 2 
33 99 
156 64 
98 3 
107 44 
121 17 
20 55 
167 124 
47 2 
96 156 
65 156 
109 142 
53 78 
40 76 
34 43 
160 179 
134 56 
29 131 
10 7 
5 45 
82 118 
108 135 
140 78 
135 163 
35 159 
148 128 
117 180 
165 175 
140 143 
59 12 
76 90 
67 40 
152 3 
52 173 
67 43 
133 30 
102 182 
22 158 
152 76 
110 89 
35 104 
47 155 
90 148 
184 181 
155 92 
149 79 
36 85 
143 14 
38 51 
75 86 
101 28 
141 47 
101 126 
148 26 
121 21 
83 136 
110 50 
39 30 
104 151 
81 168 
51 88 
184 15 
39 154 
139 147 
43 84 
162 58 
160 164 
38 156 
12 84 
77 72 
32 44 
126 77 
48 63 
144 147 
64 100 
155 141 
140 72 
51 86 
5 55 
21 75 
135 85 
182 91 
1 106 
112 86 
175 28 
84 159 
68 116 
134 96 
164 131 
167 150 
54 132 
18 77 
62 80 
20 75 
97 140 
33 142 
75 133 
175 69 
26 127 
132 106 
103 167 
134 24 
22 177 
1 39 
76 105 
101 102 
153 25 
9 57 
5 142 
20 112 
120 59 
139 176 
85 44 
179 140 
15 120 
138 81 
114 37 
115 91 
91 126 
9 94 
47 87 
163 45 
161 128 
119 174 
102 159 
125 32 
176 20 
124 98 
12 165 
164 4 
41 24 
179 102 
162 13 
105 78 
117 85 
36 22 
8 50 
161 78 
174 130 
173 99 
40 1 
152 48 
179 118 
80 2 
45 39 
139 58 
103 9 
14 165 
73 172 
130 66 
124 21 
147 111 
120 181 
49 95 
151 127 
45 170 
86 165 
138 111 
58 136 
129 151 
82 92 
6 63 
160 166 
4 142 
36 159 
18 69 
104 87 
121 62 
136 94 
40 86 
6 69 
58 123 
42 82 
183 5 
73 99 
9 52 
72 165 
37 45 
39 110 
149 105 
149 102 
102 94 
52 141 
100 102 
53 164 
118 153 
4 33 
133 182 
156 3 
168 133 
159 180 
78 124 
135 87 
84 22 
95 171 
149 95 
58 144 
58 106 
157 6 
61 130 
110 161 
111 181 
39 42 
182 129 
90 47 
15 169 
101 12 
59 25 
164 23 
79 185 
60 183 
162 6 
171 131 
54 123 
148 39 
70 32 
128 13 
98 55 
163 117 
93 2 
56 103 
183 15 
173 40 
168 110 
175 124 
123 28 
142 60 
108 147 
57 73 
176 45 
147 14 
54 74 
17 25 
133 176 
59 83 
1 178 
83 134 
129 61 
23 132 
110 124 
31 63 
130 134 
170 10 
70 27 
180 42 
155 147 
48 40 
122 6 
116 46 
156 82 
61 151 
77 66 
40 43 
123 158 
46 8 
88 170 
50 72 
168 117 
77 63 
124 158 
8 66 
166 27 
6 154 
124 181 
38 37 
51 73 
127 4 
11 121 
92 42 
44 39 
166 66 
26 52 
121 38 
58 44 
141 122 
58 77 
54 137 
152 104 
41 53 
75 2 
99 139 
73 166 
182 6 
178 31 
9 141 
2 124 
60 168 
102 95 
181 68 
58 101 
8 181 
183 18 
114 34 
4 15 
156 178 
31 17 
151 72 
87 169 
78 123 
160 55 
150 79 
96 50 
140 60 
23 123 
92 140 
57 140 
167 28 
148 65 
42 63 
114 165 
128 16 
98 133 
154 51 
75 184 
121 118 
1 67 
109 76 
113 98 
54 127 
158 131 
84 108 
102 28 
102 157 
127 168 
75 146 
36 161 
130 37 
42 91 
57 74 
136 150 
140 81 
175 38 
26 170 
183 12 
60 45 
16 59 
83 51 
140 36 
93 103 
16 39 
81 61 
41 169 
136 65 
76 23 
33 68 
113 124 
167 78 
126 36 
57 101 
90 78 
21 26 
89 63 
80 99 
59 119 
144 45 
182 125 
160 134 
68 14 
73 159 
54 67 
30 140 
107 58 
168 67 
60 98 
176 10 
128 104 
68 28 
48 29 
108 72 
87 80 
59 176 
34 152 
136 132 
123 173 
132 107 
129 160 
98 7 
34 103 
9 89 
168 37 
118 139 
93 51 
115 44 
6 181 
105 116 
113 133 
69 153 
115 40 
54 125 
40 107 
1 117 
113 103 
167 33 
2 19 
93 87 
3 125 
165 100 
113 134 
45 164 
11 3 
37 170 
126 127 
2 45 
76 2 
97 39 
158 62 
132 32 
99 3 
98 54 
42 177 
135 131 
166 34 
144 110 
44 83 
28 61 
103 67 
96 111 
144 98 
53 168 
103 159 
105 43 
65 76 
138 166 
12 118 
174 35 
129 150 
104 111 
79 155 
85 56 
111 43 
182 142 
23 174 
135 180 
67 73 
109 22 
42 110 
144 71 
71 21 
54 61 
70 156 
69 112 
79 97 
63 43 
105 176 
12 21 
86 68 
125 81 
1 66 
96 60 
5 118 
146 68 
159 26 
184 166 
153 173 
55 135 
106 165 
125 121 
144 75 
53 50 
53 46 
122 131 
143 83 
66 67 
3 16 
26 6 
97 185 
148 155 
69 57 
136 146 
18 150 
108 159 
90 62 
46 81 
81 180 
144 131 
105 98 
57 36 
173 97 
118 79 
94 5 
85 142 
111 106 
49 120 
31 60 
100 122 
152 158 
100 126 
132 122 
108 173 
151 48 
165 111 
175 22 
109 49 
178 12 
47 163 
32 101 
49 148 
81 9 
70 46 
102 4 
40 94 
140 71 
129 165 
45 23 
21 6 
155 111 
40 35 
66 143 
154 94 
82 126 
149 139 
140 39 
130 166 
96 65 
124 162 
51 47 
112 9 
117 156 
116 115 
144 116 
33 61 
144 74 
12 6 
157 119 
172 174 
158 21 
184 174 
61 157 
163 85 
121 95 
127 100 
37 100 
61 42 
109 8 
87 81 
150 152 
81 43 
87 141 
98 56 
82 110 
162 27 
30 131 
49 116 
14 40 
43 176 
169 1 
8 121 
94 12 
184 69 
75 39 
115 78 
4 104 
124 37 
114 105 
183 73 
25 58 
107 95 
165 118 
89 113 
55 130 
126 164 
23 14 
139 89 
24 163 
166 28 
153 111 
141 150 
154 27 
116 34 
115 93 
134 119 
40 69 
28 8 
7 170 
177 145 
55 15 
172 7 
108 139 
95 16 
5 97 
74 67 
96 78 
64 88 
77 113 
102 6 
109 119 
4 84 
103 81 
76 34 
1 47 
173 49 
47 3 
113 97 
25 99 
70 109 
7 93 
129 95 
53 33 
34 162 
180 123 
148 153 
5 150 
55 76 
183 80 
49 40 
69 20 
132 154 
111 48 
154 168 
84 88 
177 59 
158 49 
118 36 
146 152 
87 149 
172 48 
5 121 
144 4 
77 25 
22 155 
50 177 
108 23 
181 64 
133 125 
42 115 
54 130 
118 103 
142 27 
132 48 
127 158 
127 105 
151 19 
72 18 
116 171 
96 31 
127 157 
73 184 
5 22 
124 76 
97 50 
163 42 
5 26 
69 87 
22 163 
153 182 
4 93 
110 53 
83 76 
91 157 
152 67 
96 122 
150 134 
117 38 
127 28 
74 173 
155 172 
119 179 
120 127 
57 99 
169 110 
181 43 
61 103 
62 153 
32 138 
3 171 
41 176 
168 126 
8 178 
115 83 
112 78 
16 89 
113 171 
84 179 
140 64 
59 105 
121 140 
44 41 
129 47 
150 118 
61 19 
88 34 
86 14 
54 154 
31 171 
107 42 
40 3 
136 113 
91 173 
28 92 
164 124 
69 17 
135 38 
34 101 
79 160 
133 150 
49 126 
156 139 
91 158 
116 82 
108 95 
58 70 
111 128 
91 21 
99 71 
142 101 
130 108 
155 87 
181 13 
175 126 
51 31 
48 52 
125 37 
157 30 
170 33 
109 37 
183 48 
157 103 
69 167 
65 88 
177 90 
146 168 
159 118 
51 40 
43 134 
75 110 
126 68 
98 68 
9 84 
22 42 
84 64 
109 135 
154 52 
76 3 
175 26 
154 80 
62 73 
97 36 
105 174 
112 143 
163 100 
84 32 
83 142 
180 95 
46 24 
180 174 
105 38 
13 131 
148 135 
123 70 
132 21 
64 157 
91 2 
34 147 
176 58 
171 161 
51 176 
165 94 
49 67 
170 163 
158 184 
171 72 
78 165 
12 43 
151 159 
45 55 
70 11 
54 3 
162 49 
38 168 
8 11 
30 6 
13 18 
165 154 
123 155 
106 46 
146 23 
34 160 
41 82 
147 106 
45 157 
78 171 
115 122 
6 121 
71 129 
75 153 
30 9 
17 68 
25 51 
17 147 
42 37 
151 123 
126 51 
167 65 
10 154 
85 1 
181 100 
146 1 
159 67 
146 102 
184 127 
137 106 
15 86 
158 33 
71 110 
163 9 
40 80 
77 45 
52 89 
91 3 
84 157 
113 160 
166 79 
138 58 
111 109 
2 9 
29 65 
44 35 
138 171 
19 69 
75 102 
31 65 
16 143 
1 87 
134 125 
79 109 
54 122 
57 98 
55 161 
156 102 
138 22 
11 152 
49 26 
16 178 
182 156 
164 56 
39 105 
28 103 
102 20 
40 68 
175 86 
110 67 
120 80 
63 66 
15 27 
151 106 
185 6 
23 79 
13 49 
122 117 
80 130 
120 159 
48 126 
54 78 
171 170 
97 134 
17 183 
137 147 
154 3 
157 62 
87 35 
120 53 
145 179 
121 99 
65 174 
62 152 
12 140 
81 177 
97 59 
160 85 
179 33 
69 72 
83 141 
176 81 
39 99 
20 38 
73 53 
155 28 
166 146 
181 132 
72 85 
90 146 
145 152 
2 161 
154 37 
162 29 
74 59 
20 92 
112 89 
156 31 
59 22 
95 145 
118 112 
53 10 
31 107 
122 134 
108 180 
102 80 
178 37 
168 160 
77 173 
12 123 
77 36 
60 66 
39 136 
122 25 
29 108 
130 181 
143 59 
112 144 
174 168 
53 64 
127 52 
98 9 
150 66 
17 75 
133 44 
116 23 
126 35 
109 95 
144 99 
20 27 
90 127 
7 3 
35 57 
50 89 
110 95 
12 34 
63 35 
11 73 
11 53 
161 116 
33 148 
185 74 
48 176 
64 122 
42 171 
11 159 
185 140 
55 61 
146 91 
64 145 
150 88 
83 177 
154 109 
109 50 
40 177 
37 86 
112 136 
184 24 
85 103 
1 182 
119 91 
87 28 
41 157 
175 120 
170 137 
22 16 
162 79 
170 157 
161 151 
65 60 
19 65 
60 78 
38 164 
178 64 
125 99 
179 26 
175 30 
93 159 
177 23 
116 152 
161 172 
40 10 
89 114 
141 165 
48 71 
145 59 
114 9 
27 114 
8 92 
19 81 
94 101 
112 93 
184 78 
62 16 
121 89 
159 124 
52 185 
173 29 
91 164 
142 122 
155 73 
5 49 
95 71 
167 67 
64 105 
87 39 
2 102 
104 28 
98 115 
61 58 
44 6 
100 129 
61 82 
155 136 
61 17 
168 108 
97 130 
120 30 
21 34 
123 137 
62 144 
157 177 
96 44 
158 76 
156 140 
80 161 
60 174 
146 59 
152 120 
146 69 
185 117 
102 142 
54 181 
91 6 
114 73 
173 72 
177 105 
95 155 
104 137 
177 24 
100 168 
116 125 
104 147 
127 68 
125 156 
5 98 
163 145 
108 124 
88 101 
81 102 
71 153 
116 76 
21 113 
126 138 
159 57 
123 83 
48 99 
107 5 
118 129 
40 75 
182 84 
84 60 
105 173 
79 110 
116 20 
183 168 
147 52 
65 158 
129 175 
63 173 
39 133 
42 45 
94 74 
97 45 
45 124 
91 61 
71 127 
88 184 
73 60 
61 21 
54 117 
104 69 
179 128 
2 14 
141 4 
66 168 
137 39 
144 8 
43 52 
166 140 
138 122 
145 14 
17 8 
154 84 
122 101 
138 55 
5 162 
97 17 
17 167 
122 38 
157 122 
183 28 
37 58 
114 31 
155 77 
18 7 
73 26 
31 14 
167 8 
180 178 
121 55 
172 32 
146 72 
6 132 
46 129 
116 162 
27 133 
84 49 
135 174 
36 169 
179 181 
94 139 
42 3 
54 16 
150 11 
56 96 
45 100 
103 117 
77 103 
49 30 
62 71 
106 124 
156 173 
108 85 
150 14 
138 49 
162 89 
18 176 
158 5 
184 109 
104 150 
72 96 
122 31 
169 136 
144 179 
70 172 
156 2 
73 137 
132 24 
106 183 
111 107 
132 124 
41 87 
98 70 
102 127 
146 56 
58 167 
80 117 
128 49 
117 144 
121 2 
40 151 
59 136 
40 178 
80 174 
65 159 
87 180 
63 102 
108 10 
90 5 
176 23 
171 169 
2 148 
64 149 
142 155 
85 154 
163 80 
14 38 
13 108 
102 164 
92 134 
168 167 
55 127 
24 72 
109 167 
14 96 
110 173 
167 92 
169 43 
85 141 
157 13 
125 33 
120 167 
17 162 
155 103 
171 153 
30 185 
33 153 
121 28 
87 126 
150 47 
129 3 
36 35 
168 42 
39 172 
118 57 
8 7 
17 173 
9 36 
82 168 
40 23 
112 72 
104 53 
40 19 
144 55 
34 80 
34 23 
64 174 
92 21 
164 17 
49 163 
112 133 
69 130 
10 62 
128 91 
62 55 
24 61 
126 160 
182 176 
39 93 
83 126 
122 52 
94 60 
138 118 
80 37 
72 102 
93 160 
180 132 
29 30 
8 84 
155 146 
142 165 
96 20 
161 147 
33 11 
113 161 
35 122 
119 56 
47 109 
171 5 
124 101 
137 164 
94 133 
180 13 
33 54 
84 121 
111 15 
30 134 
130 109 
33 102 
143 36 
80 135 
86 99 
101 41 
21 176 
102 26 
137 121 
15 46 
172 133 
130 175 
68 119 
50 161 
38 55 
149 46 
48 103 
7 175 
53 106 
76 165 
117 12 
124 33 
41 73 
162 76 
14 3 
93 65 
108 48 
83 54 
1 145 
92 16 
26 37 
155 94 
182 4 
33 90 
28 169 
14 154 
55 155 
148 95 
158 68 
86 58 
146 49 
164 130 
40 46 
108 20 
114 159 
49 2 
88 28 
29 73 
152 29 
144 108 
119 125 
176 14 
184 164 
166 131 
59 138 
9 64 
82 111 
68 179 
33 140 
71 87 
122 24 
117 31 
65 146 
130 77 
93 37 
134 145 
42 88 
88 53 
31 66 
12 144 
96 144 
87 116 
97 125 
54 66 
119 161 
52 69 
75 126 
89 13 
156 1 
145 69 
43 152 
125 163 
159 153 
127 111 
177 93 
134 106 
80 81 
161 74 
137 177 
32 124 
24 94 
173 46 
13 171 
128 34 
160 128 
159 30 
30 38 
128 5 
51 21 
83 139 
149 108 
79 87 
131 76 
63 61 
108 119 
165 19 
41 102 
39 78 
16 87 
124 55 
128 162 
91 28 
76 42 
143 87 
47 58 
89 115 
33 180 
41 180 
120 115 
28 136 
79 28 
1 82 
50 91 
61 101 
33 101 
157 65 
33 178 
56 154 
110 185 
148 81 
129 162 
92 174 
163 165 
162 25 
35 179 
15 6 
16 36 
52 8 
156 24 
124 3 
181 80 
26 160 
120 78 
59 171 
114 24 
19 157 
70 19 
148 101 
133 120 
13 78 
79 148 
89 79 
49 113 
68 132 
111 152 
175 12 
91 66 
139 4 
63 98 
42 79 
79 95 
65 170 
142 128 
138 70 
128 69 
38 141 
136 41 
70 50 
123 30 
123 135 
83 39 
114 171 
175 180 
7 149 
31 41 
91 24 
11 108 
145 100 
183 9 
106 8 
105 118 
23 92 
90 126 
185 167 
130 78 
134 90 
17 24 
27 165 
73 145 
119 136 
27 136 
113 168 
173 68 
41 178 
67 6 
14 56 
63 178 
162 96 
126 125 
111 24 
1 79 
13 63 
19 88 
35 119 
156 84 
58 161 
103 55 
96 32 
81 22 
78 173 
95 103 
12 148 
56 102 
85 40 
48 61 
141 109 
171 111 
152 39 
118 111 
10 17 
25 10 
181 41 
68 141 
87 105 
117 43 
112 105 
168 150 
88 72 
70 59 
73 39 
25 109 
174 177 
127 117 
165 38 
53 157 
43 82 
50 55 
108 98 
31 105 
74 182 
52 95 
66 5 
42 72 
162 182 
179 130 
79 6 
27 140 
46 172 
138 67 
66 17 
55 158 
59 42 
168 40 
18 127 
1 154 
80 170 
105 171 
118 80 
82 64 
176 155 
163 151 
136 126 
62 142 
85 89 
54 84 
104 37 
75 59 
109 65 
55 17 
172 15 
156 25 
26 118 
126 149 
82 60 
159 178 
177 35 
185 8 
87 170 
170 68 
58 141 
72 183 
66 184 
115 102 
178 154 
98 92 
11 16 
119 3 
85 64 
59 148 
154 173 
15 125 
15 177 
135 45 
61 173 
114 36 
107 125 
99 152 
44 120 
172 69 
178 93 
152 70 
11 62 
113 34 
133 157 
107 157 
181 123 
24 176 
64 76 
113 96 
6 175 
67 95 
152 101 
88 149 
130 29 
12 181 
76 174 
169 146 
93 181 
75 14 
127 62 
41 154 
102 168 
102 133 
3 137 
132 160 
47 16 
40 6 
132 78 
159 174 
92 93 
144 89 
41 144 
44 157 
41 30 
185 88 
161 88 
22 25 
149 35 
40 184 
174 38 
99 131 
111 45 
163 159 
24 65 
44 141 
94 62 
22 23 
159 138 
113 55 
60 75 
92 109 
8 35 
110 19 
80 162 
59 128 
80 19 
45 94 
111 117 
122 21 
150 122 
145 6 
140 41 
20 2 
170 113 
62 162 
17 116 
66 132 
103 82 
86 47 
15 93 
48 34 
47 174 
95 93 
24 21 
166 86 
4 107 
10 157 
128 116 
150 71 
77 22 
115 90 
159 136 
162 99 
150 37 
45 123 
136 18 
156 150 
60 25 
90 29 
68 81 
140 184 
51 158 
68 11 
113 41 
71 145 
31 72 
24 147 
17 70 
156 8 
73 177 
17 73 
179 8 
18 172 
136 31 
153 4 
7 2 
22 66 
42 69 
27 68 
28 81 
117 53 
40 34 
106 72 
35 92 
33 8 
31 135 
78 155 
19 12 
168 54 
13 58 
20 154 
62 172 
14 166 
109 9 
122 128 
97 28 
98 67 
98 46 
52 121 
143 29 
165 55 
153 106 
79 174 
180 183 
185 70 
158 145 
4 2 
5 169 
140 90 
26 66 
60 70 
35 178 
161 45 
9 87 
173 85 
121 87 
178 66 
113 82 
46 141 
134 179 
91 74 
181 106 
169 60 
52 157 
184 128 
163 102 
35 2 
84 149 
104 92 
30 69 
133 48 
104 33 
147 135 
143 151 
144 170 
34 180 
176 32 
144 82 
33 106 
118 175 
107 127 
171 86 
134 136 
55 169 
120 95 
103 123 
16 121 
94 76 
42 138 
134 91 
27 180 
30 109 
85 82 
152 149 
78 111 
122 125 
30 67 
98 15 
73 65 
146 39 
112 92 
180 142 
130 123 
165 82 
43 100 
145 7 
11 103 
41 78 
11 175 
145 151 
169 52 
181 114 
45 81 
4 120 
120 137 
20 44 
24 131 
40 27 
175 51 
78 73 
76 69 
169 161 
104 43 
180 160 
146 30 
179 100 
140 167 
5 140 
181 164 
87 98 
150 155 
136 96 
115 123 
29 44 
100 62 
101 93 
72 82 
11 20 
132 51 
34 142 
81 184 
58 49 
161 154 
42 161 
10 113 
185 37 
183 125 
144 106 
96 159 
26 97 
113 162 
98 28 
96 139 
52 53 
32 115 
12 99 
48 118 
65 92 
158 12 
23 139 
79 81 
45 73 
104 40 
177 120 
29 69 
38 60 
134 167 
168 23 
18 10 
45 48 
117 108 
38 88 
158 87 
141 175 
176 114 
174 157 
63 39 
137 84 
54 105 
97 57 
37 173 
34 141 
145 166 
21 118 
164 166 
11 117 
117 23 
6 53 
52 143 
27 13 
71 5 
181 75 
58 27 
175 79 
92 72 
9 18 
14 30 
127 125 
112 162 
124 123 
38 90 
181 113 
37 55 
19 173 
55 43 
69 107 
140 75 
26 54 
86 7 
181 29 
90 56 
134 75 
164 158 
20 175 
38 93 
121 72 
60 13 
159 97 
59 159 
152 24 
52 10 
37 54 
73 48 
160 29 
24 10 
176 62 
157 40 
74 135 
6 107 
175 70 
31 147 
116 184 
114 56 
91 75 
105 77 
136 81 
47 9 
41 56 
91 142 
149 131 
104 20 
125 20 
118 100 
17 6 
64 13 
133 24 
69 137 
68 161 
100 38 
125 74 
62 146 
113 16 
176 103 
170 93 
21 116 
112 103 
62 134 
158 122 
20 105 
103 21 
93 157 
166 115 
94 179 
53 160 
87 77 
139 6 
173 176 
71 78 
164 84 
47 168 
38 139 
142 113 
32 58 
101 18 
107 184 
156 52 
107 123 
107 39 
91 172 
90 68 
97 69 
52 139 
152 14 
10 110 
125 41 
62 177 
108 163 
45 119 
5 85 
7 71 
112 73 
19 93 
30 122 
11 173 
177 170 
131 68 
22 64 
52 20 
158 153 
107 74 
158 185 
83 98 
29 91 
128 15 
174 112 
10 3 
57 160 
150 106 
178 13 
152 177 
28 33 
124 41 
161 145 
134 110 
56 158 
34 172 
112 185 
126 119 
136 44 
145 84 
73 42 
56 127 
183 154 
70 163 
36 113 
169 145 
160 40 
176 164 
98 51 
13 160 
144 43 
160 45 
51 22 
76 148 
181 183 
66 120 
148 41 
75 45 
102 96 
26 168 
52 50 
87 148 
28 69 
99 22 
101 16 
176 9 
148 166 
43 11 
102 35 
128 67 
45 17 
9 73 
32 23 
108 57 
24 92 
70 42 
84 17 
125 104 
43 4 
128 88 
108 78 
19 182 
179 49 
48 112 
54 158 
37 95 
59 140 
144 59 
102 9 
19 53 
149 115 
98 58 
37 8 
157 5 
126 69 
81 58 
39 82 
183 62 
103 100 
167 141 
114 57 
99 132 
156 133 
90 48 
57 111 
179 98 
63 80 
108 93 
45 166 
96 41 
144 50 
147 7 
133 89 
88 109 
121 3 
25 113 
20 41 
56 72 
126 44 
101 72 
180 179 
129 126 
185 164 
75 48 
43 127 
65 124 
103 127 
180 140 
47 118 
185 101 
12 65 
3 12 
155 31 
99 135 
101 157 
74 104 
110 37 
124 20 
50 88 
125 153 
125 106 
24 140 
72 95 
74 61 
140 31 
75 116 
101 51 
180 1 
83 148 
37 56 
39 86 
40 144 
71 158 
164 37 
88 157 
77 174 
23 93 
83 74 
39 80 
121 170 
106 83 
7 12 
54 100 
161 71 
104 123 
181 162 
59 112 
111 65 
36 149 
136 153 
76 107 
144 151 
62 181 
16 31 
97 174 
171 168 
37 3 
113 69 
148 136 
92 33 
19 172 
99 31 
166 154 
160 149 
142 133 
95 90 
164 98 
40 29 
170 89 
114 95 
93 29 
23 179 
108 56 
168 141 
80 25 
166 35 
151 96 
29 97 
165 184 
7 17 
105 167 
37 11 
119 116 
83 42 
16 27 
59 79 
113 116 
34 173 
