151 3205 
255 109 63 258 42 236 89 206 14 253 54 162 166 68 224 35 292 224 193 6 47 111 247 44 225 21 290 192 204 26 110 36 52 274 229 62 6 119 243 238 219 267 47 224 246 62 84 112 204 257 96 110 173 29 22 8 136 290 184 198 48 11 247 88 75 214 224 289 79 230 241 112 101 213 119 142 263 133 254 57 94 77 198 40 108 252 177 55 102 72 110 101 68 94 259 271 15 238 253 258 51 187 198 92 247 52 257 223 124 223 163 193 246 284 212 35 54 294 158 33 244 15 127 114 78 132 27 4 80 75 96 190 219 198 1 167 139 45 144 105 61 44 289 210 152 230 91 83 117 29 27 
73 21 
124 10 
49 61 
62 19 
149 58 
139 127 
31 6 
24 5 
50 97 
69 34 
12 140 
128 83 
86 51 
107 51 
28 114 
90 15 
94 97 
81 14 
12 107 
151 47 
98 149 
36 12 
12 44 
53 5 
56 19 
104 126 
128 54 
19 103 
63 49 
40 17 
28 24 
40 15 
62 44 
83 12 
46 68 
85 11 
147 62 
27 25 
111 64 
54 26 
73 121 
140 44 
44 96 
64 1 
60 18 
139 104 
123 99 
6 64 
117 4 
145 92 
107 126 
150 136 
26 118 
92 81 
116 103 
20 32 
130 93 
12 35 
1 50 
145 61 
102 53 
38 112 
88 72 
37 148 
136 42 
148 28 
18 41 
63 24 
120 51 
125 72 
7 82 
92 57 
92 99 
141 23 
78 37 
59 7 
116 36 
4 2 
13 12 
151 14 
121 47 
4 71 
149 94 
122 61 
64 60 
99 3 
82 46 
141 40 
150 148 
57 48 
76 26 
78 50 
103 53 
90 100 
41 127 
104 93 
11 53 
119 111 
54 127 
48 54 
114 106 
120 94 
34 23 
35 71 
118 94 
114 30 
70 33 
61 127 
63 138 
106 75 
112 42 
28 35 
28 120 
74 100 
83 78 
103 110 
24 25 
140 120 
89 36 
106 117 
122 111 
89 110 
58 65 
26 19 
24 85 
67 88 
16 69 
147 124 
55 17 
36 106 
20 28 
48 6 
74 1 
64 39 
21 127 
145 129 
52 36 
74 131 
58 68 
105 66 
81 148 
24 22 
50 76 
128 94 
102 37 
8 34 
1 11 
15 102 
103 38 
17 89 
61 12 
66 41 
107 120 
133 58 
151 45 
32 45 
144 16 
8 106 
62 111 
79 23 
84 86 
95 126 
141 106 
79 134 
28 77 
90 73 
86 63 
9 107 
8 50 
22 51 
25 32 
70 42 
146 149 
4 65 
16 130 
142 140 
1 77 
52 17 
42 25 
144 129 
136 128 
65 37 
27 39 
39 75 
114 133 
11 98 
43 110 
92 10 
48 118 
59 23 
61 131 
136 110 
127 135 
21 31 
36 50 
109 33 
59 143 
107 64 
61 105 
39 66 
30 72 
151 95 
13 47 
125 89 
84 64 
125 66 
99 137 
58 22 
15 121 
14 56 
76 31 
33 50 
10 19 
19 71 
28 88 
85 43 
95 108 
39 151 
103 115 
9 112 
47 62 
109 11 
86 106 
59 98 
52 80 
133 86 
121 18 
95 124 
69 128 
120 84 
130 82 
107 43 
135 80 
103 15 
16 96 
25 86 
32 115 
141 114 
96 146 
42 75 
100 28 
132 130 
143 149 
69 86 
151 59 
11 148 
45 68 
51 151 
112 27 
62 119 
95 127 
26 113 
3 22 
87 49 
101 54 
125 86 
49 33 
75 72 
110 41 
68 15 
76 113 
77 136 
97 147 
68 130 
114 84 
25 5 
80 142 
22 109 
39 114 
82 37 
26 79 
101 13 
37 70 
124 52 
58 51 
45 105 
40 61 
77 2 
146 34 
30 142 
56 30 
33 81 
104 51 
20 109 
5 127 
41 68 
67 61 
110 121 
6 135 
47 89 
140 109 
125 5 
30 3 
123 121 
146 52 
26 130 
81 69 
51 8 
41 106 
42 97 
120 135 
69 56 
105 32 
81 146 
4 44 
110 63 
28 37 
63 147 
21 68 
151 98 
15 117 
7 149 
66 122 
125 148 
73 148 
129 67 
52 7 
76 2 
43 89 
151 105 
113 5 
2 106 
130 94 
3 32 
39 54 
134 50 
24 57 
34 126 
88 95 
40 105 
124 117 
4 86 
42 133 
27 125 
123 57 
123 131 
50 125 
42 67 
64 122 
96 104 
1 93 
137 105 
146 124 
42 47 
25 138 
141 13 
51 118 
148 130 
25 12 
135 8 
10 27 
83 35 
46 18 
62 13 
35 94 
112 31 
14 115 
100 71 
117 85 
147 45 
48 55 
19 123 
45 64 
39 107 
117 9 
91 81 
36 18 
41 144 
124 71 
86 114 
127 102 
145 127 
53 85 
72 145 
130 36 
44 30 
92 46 
7 101 
94 11 
137 21 
22 67 
112 101 
113 130 
102 29 
143 34 
58 106 
129 11 
139 42 
57 131 
113 136 
27 71 
70 7 
103 83 
51 101 
100 147 
109 107 
60 8 
85 143 
33 90 
117 107 
146 84 
135 74 
139 122 
137 139 
11 33 
4 108 
17 3 
79 35 
56 59 
30 53 
115 147 
2 146 
137 101 
138 11 
145 104 
17 11 
143 111 
78 53 
64 87 
19 49 
11 144 
78 72 
79 131 
130 71 
55 73 
20 39 
65 79 
59 96 
79 64 
63 80 
58 91 
13 74 
34 122 
103 20 
7 22 
71 119 
84 87 
69 133 
50 3 
18 66 
23 136 
127 46 
65 149 
28 62 
148 53 
104 149 
22 137 
98 148 
108 54 
1 14 
91 66 
81 20 
43 90 
38 57 
84 17 
9 120 
10 48 
13 124 
82 70 
105 74 
118 37 
137 104 
89 46 
58 78 
82 21 
104 146 
71 67 
130 125 
120 75 
68 19 
49 64 
112 149 
97 137 
47 73 
125 113 
90 137 
3 149 
56 24 
8 110 
67 66 
83 79 
118 38 
81 131 
10 26 
63 140 
41 34 
113 121 
95 13 
112 43 
18 111 
86 38 
79 127 
107 11 
72 121 
36 122 
109 131 
8 91 
116 114 
3 9 
46 137 
6 126 
102 115 
87 5 
112 71 
56 51 
100 47 
132 95 
140 24 
111 63 
54 113 
108 99 
99 141 
135 130 
18 103 
109 87 
52 51 
130 114 
59 58 
66 89 
5 6 
82 100 
2 109 
100 60 
126 35 
28 15 
98 58 
28 98 
90 140 
19 138 
37 40 
17 26 
54 123 
52 63 
133 43 
151 77 
41 4 
138 48 
132 7 
32 96 
132 77 
45 90 
30 78 
70 55 
67 105 
107 84 
58 131 
53 37 
116 26 
142 34 
70 14 
19 147 
150 128 
3 98 
85 27 
148 40 
123 67 
97 12 
139 46 
129 26 
91 88 
13 83 
102 114 
64 109 
62 78 
143 106 
44 28 
131 133 
92 102 
75 144 
84 57 
8 89 
95 34 
66 104 
44 76 
20 130 
120 128 
137 63 
91 124 
98 4 
149 107 
87 117 
117 12 
74 81 
121 61 
114 29 
29 22 
31 113 
145 38 
19 84 
83 121 
44 74 
22 9 
83 127 
9 10 
58 110 
3 8 
16 110 
127 39 
53 12 
142 148 
42 46 
113 28 
100 129 
72 70 
79 56 
53 33 
130 112 
54 14 
30 144 
60 102 
83 67 
23 4 
88 74 
1 99 
66 55 
97 82 
94 104 
14 55 
43 135 
17 21 
1 27 
146 94 
151 142 
71 83 
78 144 
146 4 
104 105 
63 100 
127 18 
123 59 
76 91 
104 88 
105 113 
99 4 
150 101 
68 78 
72 12 
27 141 
96 117 
132 118 
40 29 
113 82 
73 143 
34 141 
23 105 
143 135 
112 34 
14 93 
47 52 
5 2 
113 124 
148 5 
124 143 
111 56 
63 143 
14 113 
79 139 
150 11 
71 75 
143 87 
81 73 
131 17 
92 90 
72 4 
63 45 
70 8 
133 41 
68 103 
108 17 
27 4 
81 113 
22 68 
2 98 
25 64 
75 131 
70 122 
10 131 
15 49 
20 37 
3 39 
112 69 
100 68 
15 30 
49 57 
147 88 
140 146 
141 77 
115 128 
49 115 
63 40 
78 36 
82 73 
44 83 
108 76 
38 87 
25 39 
27 83 
61 139 
43 114 
82 115 
22 4 
37 38 
22 61 
13 42 
61 38 
94 132 
28 118 
122 31 
2 96 
92 9 
75 115 
72 20 
63 81 
39 17 
101 83 
125 141 
6 33 
27 102 
15 94 
113 35 
17 91 
50 89 
130 77 
74 68 
101 16 
15 83 
96 151 
75 17 
42 30 
144 45 
106 24 
99 58 
5 51 
71 76 
75 84 
63 113 
67 8 
72 82 
34 116 
140 129 
115 126 
71 42 
81 127 
119 5 
103 117 
81 136 
146 88 
61 23 
57 2 
140 70 
6 104 
94 51 
62 17 
117 65 
34 39 
106 9 
50 2 
73 93 
53 89 
142 94 
87 69 
8 19 
25 68 
77 97 
69 85 
87 111 
107 22 
90 44 
147 9 
116 56 
149 80 
10 78 
149 14 
144 65 
63 128 
23 65 
91 1 
47 68 
72 137 
12 9 
79 106 
111 94 
30 1 
88 139 
84 122 
96 115 
34 60 
147 53 
109 61 
100 127 
75 69 
127 62 
48 90 
59 4 
63 148 
92 21 
66 88 
145 87 
107 48 
44 32 
100 15 
12 127 
76 25 
137 7 
110 125 
130 19 
132 22 
110 36 
133 136 
20 57 
17 111 
69 137 
13 119 
34 9 
71 150 
113 55 
150 60 
58 100 
46 128 
117 14 
134 140 
40 45 
67 122 
56 129 
122 24 
37 56 
56 48 
93 79 
110 45 
55 45 
144 89 
133 82 
74 32 
111 101 
150 30 
47 76 
150 135 
59 53 
58 93 
150 125 
149 138 
117 41 
55 145 
133 18 
23 3 
5 45 
133 141 
116 126 
25 101 
115 20 
84 40 
37 72 
133 70 
130 75 
119 31 
62 8 
12 4 
71 50 
68 131 
81 16 
47 35 
137 49 
109 12 
56 39 
33 88 
49 54 
149 113 
101 68 
101 8 
76 93 
150 67 
83 75 
19 1 
137 17 
41 64 
132 144 
125 135 
91 16 
108 127 
145 120 
37 59 
90 128 
110 56 
39 23 
142 48 
62 67 
149 34 
104 150 
43 140 
96 61 
26 73 
88 62 
110 47 
142 67 
14 48 
141 32 
106 54 
46 103 
27 132 
4 46 
131 122 
85 35 
96 130 
24 62 
48 45 
18 85 
59 78 
20 106 
39 68 
67 15 
131 18 
20 125 
18 8 
79 100 
128 102 
126 103 
129 55 
77 74 
127 114 
143 121 
114 124 
127 117 
128 11 
64 145 
62 85 
41 125 
47 33 
81 116 
111 15 
93 103 
19 95 
2 91 
35 87 
78 96 
74 83 
9 103 
67 3 
125 1 
44 7 
109 80 
40 66 
132 65 
145 66 
121 64 
12 69 
31 35 
58 102 
151 6 
136 49 
19 140 
88 57 
25 105 
76 136 
66 14 
111 36 
45 148 
97 107 
78 93 
53 51 
143 84 
136 73 
59 5 
108 143 
101 14 
78 110 
78 16 
76 135 
9 90 
76 56 
18 17 
118 74 
142 144 
121 135 
87 40 
53 119 
119 23 
14 24 
61 128 
143 79 
72 127 
91 127 
33 43 
48 71 
47 80 
85 141 
145 122 
26 90 
147 98 
29 78 
16 26 
118 53 
150 12 
65 101 
129 143 
58 114 
99 140 
131 65 
11 71 
61 90 
100 3 
45 114 
132 71 
58 85 
65 22 
33 36 
64 116 
44 115 
11 58 
5 65 
91 19 
74 43 
107 23 
106 125 
27 76 
53 114 
151 107 
33 73 
1 94 
36 146 
53 93 
111 49 
112 131 
15 64 
52 56 
130 108 
95 119 
45 74 
29 47 
81 149 
47 37 
99 97 
128 17 
29 126 
60 32 
110 26 
63 136 
49 76 
147 82 
124 28 
146 83 
142 72 
79 27 
52 99 
61 70 
62 141 
86 90 
129 18 
63 36 
148 22 
75 6 
35 105 
80 39 
122 35 
29 27 
59 54 
25 54 
151 67 
46 121 
137 146 
132 110 
14 69 
54 88 
118 1 
48 7 
76 118 
72 83 
123 26 
77 120 
87 66 
107 115 
78 7 
134 147 
70 149 
39 40 
46 125 
20 142 
106 104 
83 26 
22 77 
89 101 
145 96 
17 51 
132 39 
29 101 
23 74 
81 48 
118 92 
14 21 
47 125 
81 80 
7 95 
144 113 
4 105 
137 4 
86 121 
100 62 
44 99 
106 128 
143 126 
4 109 
38 141 
99 62 
24 141 
133 15 
32 4 
99 146 
101 19 
137 62 
97 46 
26 64 
77 36 
60 19 
19 14 
136 40 
107 130 
119 27 
8 72 
64 115 
106 56 
12 42 
109 37 
143 130 
103 16 
55 103 
82 22 
129 64 
141 124 
94 43 
5 99 
129 127 
128 26 
57 96 
22 20 
35 54 
23 45 
106 84 
95 40 
126 53 
148 48 
2 127 
37 104 
65 33 
30 70 
2 130 
41 61 
59 38 
79 32 
135 44 
97 129 
68 128 
54 58 
137 130 
135 12 
32 8 
88 35 
71 110 
77 105 
140 127 
19 124 
131 98 
30 76 
80 88 
102 113 
99 80 
126 37 
82 124 
121 39 
95 113 
151 61 
141 16 
132 122 
59 106 
34 15 
117 115 
98 46 
74 8 
51 89 
23 131 
40 91 
10 148 
5 22 
40 149 
125 119 
42 122 
51 132 
104 118 
111 46 
116 44 
129 137 
126 97 
101 91 
143 37 
80 38 
93 106 
8 145 
93 145 
25 35 
109 132 
16 31 
134 75 
46 76 
112 83 
23 38 
42 8 
50 58 
19 77 
37 19 
116 18 
26 100 
53 67 
65 25 
134 71 
136 58 
40 20 
10 62 
21 69 
13 67 
143 41 
79 92 
43 59 
44 146 
20 36 
73 41 
60 54 
39 36 
83 63 
32 67 
115 136 
131 49 
76 106 
12 74 
92 29 
77 26 
135 136 
77 72 
138 145 
63 65 
40 90 
59 22 
112 26 
117 67 
85 124 
21 56 
111 95 
102 100 
98 83 
15 104 
139 97 
121 57 
96 79 
111 125 
17 43 
2 97 
150 121 
55 106 
138 47 
53 25 
107 144 
59 82 
6 81 
127 146 
32 151 
8 13 
122 55 
115 16 
106 63 
116 41 
110 6 
53 96 
10 100 
111 14 
53 56 
16 66 
140 101 
16 86 
65 136 
143 45 
141 26 
16 22 
113 126 
94 133 
124 49 
97 106 
44 49 
92 2 
19 18 
92 56 
7 39 
72 100 
50 84 
66 21 
47 3 
6 24 
94 37 
11 25 
124 12 
108 111 
16 89 
136 13 
112 15 
69 39 
51 19 
28 72 
61 111 
89 21 
15 95 
65 26 
81 36 
70 59 
9 142 
51 79 
22 130 
92 60 
97 76 
32 17 
96 10 
26 13 
87 68 
92 84 
139 78 
136 95 
46 138 
107 113 
64 42 
50 107 
38 148 
87 75 
41 104 
6 67 
136 59 
57 116 
10 67 
111 138 
6 139 
30 73 
12 101 
96 17 
67 84 
26 39 
137 51 
29 70 
138 103 
111 4 
96 35 
137 82 
103 6 
92 98 
26 58 
150 57 
94 79 
41 102 
102 36 
49 90 
95 106 
43 141 
89 139 
9 24 
14 37 
93 99 
91 51 
38 138 
65 74 
53 22 
7 53 
110 37 
26 99 
25 142 
29 8 
92 62 
84 94 
134 8 
107 62 
62 109 
14 96 
62 150 
5 14 
120 88 
47 69 
36 79 
113 27 
79 67 
42 10 
86 45 
21 139 
140 21 
62 16 
132 23 
1 36 
148 80 
81 10 
87 148 
17 125 
79 82 
44 9 
71 28 
60 69 
110 4 
30 101 
26 85 
136 132 
80 22 
87 61 
104 4 
87 55 
76 68 
98 115 
133 89 
26 22 
49 96 
76 53 
32 149 
51 65 
29 9 
76 128 
34 75 
125 133 
61 117 
1 96 
40 128 
51 29 
46 54 
42 50 
65 86 
106 82 
48 131 
19 52 
39 118 
53 26 
8 69 
13 68 
123 56 
31 82 
112 134 
137 122 
146 107 
111 117 
42 120 
101 149 
64 31 
88 14 
25 137 
25 149 
111 150 
91 95 
110 62 
92 143 
127 75 
124 48 
26 84 
104 31 
88 45 
37 74 
17 72 
112 84 
14 141 
59 39 
80 67 
9 101 
2 42 
31 133 
96 74 
130 117 
52 88 
114 24 
17 126 
114 83 
99 57 
133 9 
123 87 
57 112 
73 95 
2 13 
50 11 
15 13 
34 86 
71 3 
92 14 
134 129 
122 46 
102 16 
79 24 
53 140 
151 2 
106 69 
101 33 
75 107 
149 44 
142 131 
100 122 
86 98 
26 121 
122 140 
3 121 
47 10 
130 133 
3 66 
37 64 
78 43 
134 23 
34 106 
113 100 
146 72 
64 127 
35 36 
91 105 
88 103 
76 9 
38 100 
59 92 
53 44 
83 107 
109 82 
95 57 
18 104 
78 77 
136 75 
14 128 
76 14 
110 96 
48 59 
85 149 
104 56 
130 17 
49 5 
122 88 
99 112 
88 56 
77 38 
88 105 
4 68 
82 56 
30 55 
150 92 
85 79 
65 53 
68 20 
148 131 
79 28 
39 130 
139 27 
24 135 
19 28 
33 145 
51 68 
87 48 
10 60 
86 140 
49 143 
147 114 
44 143 
13 137 
41 123 
100 114 
42 41 
53 21 
89 87 
70 97 
120 100 
26 151 
37 33 
36 151 
151 62 
101 26 
145 11 
113 73 
126 132 
75 78 
147 130 
73 15 
26 56 
27 32 
9 141 
71 62 
142 90 
88 106 
12 45 
52 116 
150 97 
57 105 
54 4 
108 56 
120 123 
86 2 
116 69 
69 113 
147 87 
146 129 
86 3 
96 8 
73 42 
27 84 
26 149 
117 30 
58 2 
144 126 
114 149 
85 146 
108 105 
151 80 
74 104 
12 94 
31 123 
33 97 
130 104 
3 73 
74 56 
106 52 
79 146 
125 64 
121 16 
20 141 
69 107 
149 117 
16 68 
126 128 
143 50 
45 145 
37 100 
94 62 
104 35 
84 129 
22 88 
21 108 
97 75 
14 35 
124 9 
66 44 
92 101 
34 30 
147 129 
142 81 
44 95 
25 29 
69 96 
135 63 
39 100 
78 18 
6 142 
82 25 
132 87 
55 46 
117 105 
19 141 
142 109 
59 150 
121 37 
77 32 
69 36 
10 93 
92 74 
114 101 
5 58 
73 118 
103 36 
96 84 
122 68 
107 40 
64 88 
54 83 
28 133 
123 97 
116 23 
62 143 
43 119 
16 125 
79 25 
142 37 
19 110 
126 94 
107 99 
146 25 
7 129 
148 124 
56 61 
26 80 
85 23 
137 68 
86 53 
89 96 
100 76 
1 33 
43 14 
86 13 
107 73 
52 14 
109 70 
58 13 
98 122 
121 49 
62 148 
85 104 
68 129 
30 46 
52 107 
33 93 
84 55 
86 88 
18 9 
27 66 
129 138 
25 89 
36 53 
140 4 
115 53 
74 16 
19 144 
113 141 
131 92 
107 49 
59 31 
65 62 
92 132 
88 113 
90 34 
92 73 
114 48 
19 78 
3 83 
20 47 
29 148 
115 123 
27 16 
121 52 
114 27 
129 124 
63 56 
135 87 
15 2 
146 3 
149 92 
76 127 
92 41 
75 60 
124 88 
47 74 
92 111 
133 99 
111 54 
107 19 
57 66 
30 29 
86 8 
13 51 
27 130 
89 138 
125 35 
136 4 
84 22 
57 85 
142 7 
131 82 
33 121 
49 116 
44 105 
114 25 
134 106 
135 82 
119 40 
46 21 
148 135 
96 39 
64 144 
41 120 
147 2 
43 64 
19 59 
84 32 
41 51 
85 101 
24 92 
139 107 
61 150 
139 80 
26 117 
140 80 
85 70 
36 119 
46 120 
16 122 
110 95 
7 148 
12 84 
95 28 
15 57 
79 15 
101 126 
91 111 
137 151 
128 37 
75 98 
125 90 
151 123 
141 68 
150 42 
95 17 
122 119 
31 107 
110 83 
97 37 
92 61 
23 128 
94 17 
147 25 
94 42 
28 31 
138 104 
63 51 
15 142 
78 80 
72 104 
122 146 
72 140 
69 67 
29 113 
98 121 
116 128 
149 126 
71 126 
115 132 
11 102 
142 96 
137 57 
12 86 
24 49 
111 57 
78 128 
116 59 
48 1 
44 20 
52 130 
33 44 
77 114 
99 65 
111 126 
100 126 
142 84 
74 41 
116 21 
97 81 
117 79 
98 56 
91 84 
81 86 
120 53 
68 114 
107 77 
31 97 
99 135 
3 134 
140 16 
81 52 
11 147 
45 57 
94 19 
69 127 
117 116 
20 73 
76 95 
109 76 
123 74 
59 21 
143 99 
108 41 
108 34 
71 122 
101 107 
147 1 
103 50 
31 111 
78 27 
35 139 
25 73 
60 46 
137 40 
89 115 
18 118 
95 11 
30 14 
116 130 
61 79 
67 139 
8 21 
122 2 
140 106 
6 94 
40 27 
149 10 
81 8 
20 98 
97 151 
8 9 
42 141 
113 17 
92 68 
141 56 
116 17 
19 16 
138 65 
97 11 
54 66 
104 20 
55 102 
59 17 
85 71 
4 103 
147 101 
57 34 
70 117 
60 21 
145 56 
85 68 
39 41 
104 45 
62 37 
129 121 
78 116 
90 141 
42 114 
93 52 
60 16 
37 13 
68 151 
17 81 
132 116 
48 92 
1 146 
118 12 
9 57 
43 126 
76 146 
122 134 
138 127 
116 43 
17 78 
87 118 
55 132 
18 146 
143 113 
151 147 
64 72 
113 138 
118 144 
57 119 
98 111 
47 38 
31 24 
89 141 
126 36 
127 89 
8 115 
138 86 
149 30 
147 111 
39 22 
62 142 
138 36 
109 10 
95 6 
83 80 
25 41 
45 73 
38 124 
94 113 
128 34 
38 129 
147 140 
9 36 
132 12 
36 22 
111 78 
56 41 
26 109 
77 43 
23 129 
83 20 
91 22 
4 11 
31 48 
131 29 
34 113 
84 44 
89 40 
40 10 
10 142 
16 47 
93 111 
66 43 
148 117 
148 71 
66 118 
13 131 
38 134 
143 133 
141 48 
76 67 
117 102 
9 105 
118 129 
71 74 
54 29 
85 110 
31 36 
118 75 
149 105 
129 20 
59 63 
46 81 
105 70 
124 67 
9 110 
58 18 
117 6 
16 43 
78 99 
111 52 
114 97 
15 1 
48 8 
115 81 
30 137 
134 76 
18 4 
72 107 
10 86 
8 108 
150 55 
138 132 
136 89 
39 83 
47 135 
50 21 
128 43 
36 150 
37 99 
111 68 
36 10 
51 100 
97 128 
144 85 
57 125 
12 76 
72 119 
41 29 
60 28 
26 104 
58 101 
103 10 
136 56 
118 69 
76 23 
33 9 
149 119 
50 110 
123 61 
57 8 
150 44 
74 95 
92 119 
53 98 
99 144 
53 46 
13 145 
82 120 
76 119 
150 77 
135 77 
106 131 
13 52 
50 123 
11 70 
96 33 
151 115 
5 92 
121 136 
92 144 
111 135 
41 37 
23 70 
45 1 
68 106 
97 40 
80 73 
40 33 
57 21 
127 74 
78 25 
118 25 
29 77 
31 17 
54 131 
50 146 
6 82 
90 106 
82 110 
127 29 
19 109 
147 59 
124 61 
110 138 
94 125 
134 151 
7 27 
97 4 
4 56 
19 108 
65 7 
48 113 
118 15 
21 87 
139 86 
60 121 
63 149 
20 93 
49 145 
94 47 
5 3 
97 72 
9 102 
31 49 
93 92 
8 15 
40 139 
25 133 
122 32 
28 103 
131 26 
83 60 
82 69 
18 105 
59 115 
66 121 
91 38 
133 112 
33 28 
109 151 
52 65 
106 136 
150 89 
40 26 
11 10 
132 10 
71 29 
11 28 
87 13 
125 126 
145 124 
35 1 
76 74 
36 68 
125 19 
1 43 
69 27 
28 12 
125 101 
94 88 
134 131 
4 24 
46 94 
58 82 
136 74 
33 31 
76 52 
71 45 
83 102 
83 84 
26 68 
114 105 
24 101 
102 93 
9 50 
135 15 
67 114 
97 9 
109 115 
44 79 
134 54 
140 148 
65 43 
11 135 
110 54 
129 135 
89 88 
112 4 
47 127 
36 72 
140 68 
29 121 
4 82 
24 105 
97 8 
73 66 
32 71 
132 142 
99 19 
50 61 
45 119 
151 94 
123 66 
69 110 
93 38 
97 113 
29 35 
97 96 
24 130 
145 137 
73 72 
125 26 
31 73 
137 20 
129 96 
90 56 
122 69 
105 72 
12 20 
8 36 
101 39 
73 78 
112 67 
118 136 
136 17 
72 91 
108 151 
128 108 
9 89 
59 71 
140 76 
104 129 
108 146 
58 36 
142 3 
19 39 
12 148 
72 85 
7 123 
138 10 
41 98 
91 50 
32 19 
139 50 
21 45 
148 144 
124 46 
75 96 
96 40 
20 30 
29 86 
45 132 
127 33 
83 45 
96 4 
33 128 
80 17 
75 147 
76 98 
5 17 
94 39 
107 106 
83 73 
141 136 
51 149 
65 106 
66 65 
141 47 
99 103 
41 31 
26 3 
137 109 
111 40 
96 93 
20 80 
28 102 
99 105 
15 113 
31 103 
86 32 
115 35 
82 50 
19 81 
50 142 
108 38 
3 138 
122 18 
145 41 
7 118 
109 141 
86 80 
92 142 
124 26 
60 40 
144 25 
8 6 
112 143 
115 105 
32 52 
23 35 
47 41 
85 151 
94 56 
9 20 
65 112 
52 30 
56 40 
115 38 
22 8 
69 123 
96 73 
77 138 
141 100 
53 60 
12 108 
137 100 
7 94 
12 2 
56 12 
135 123 
27 87 
114 69 
47 77 
125 69 
75 119 
142 35 
49 3 
69 72 
48 122 
61 112 
73 24 
58 92 
102 66 
15 29 
56 35 
3 20 
114 37 
32 104 
60 133 
53 72 
110 24 
139 132 
34 52 
64 68 
107 32 
20 21 
24 35 
22 92 
125 68 
146 13 
143 122 
86 56 
11 64 
68 120 
109 57 
103 62 
4 29 
101 102 
85 131 
44 40 
126 68 
16 53 
16 138 
70 28 
3 62 
138 43 
119 68 
112 44 
12 16 
56 11 
32 132 
117 82 
53 149 
129 3 
49 18 
72 56 
108 101 
4 151 
57 73 
18 107 
76 110 
104 65 
2 48 
77 49 
13 139 
111 39 
3 25 
47 99 
100 52 
132 1 
26 119 
77 127 
42 83 
25 116 
36 136 
55 139 
115 68 
132 33 
122 135 
92 27 
109 13 
66 33 
150 145 
37 4 
66 2 
69 59 
118 100 
139 52 
56 77 
84 45 
34 56 
69 101 
6 74 
2 115 
137 134 
134 107 
85 54 
30 65 
2 134 
75 24 
59 12 
87 96 
52 77 
34 16 
56 128 
71 143 
134 42 
40 64 
35 3 
53 66 
51 16 
75 135 
76 5 
77 146 
12 121 
101 123 
22 60 
124 74 
2 23 
55 40 
31 96 
53 63 
40 21 
131 137 
108 63 
16 134 
8 58 
133 127 
103 41 
141 81 
86 124 
70 27 
58 90 
57 80 
31 55 
57 69 
75 137 
140 49 
104 1 
10 39 
119 6 
41 27 
55 57 
80 126 
65 24 
42 7 
70 111 
128 31 
40 6 
8 146 
139 72 
105 53 
150 1 
13 120 
39 33 
127 142 
49 112 
68 35 
70 10 
139 10 
39 138 
40 65 
139 96 
98 50 
51 37 
109 117 
54 107 
147 83 
148 76 
76 83 
47 61 
108 126 
107 95 
84 3 
64 141 
53 34 
145 42 
70 62 
99 31 
39 8 
123 13 
35 70 
4 94 
151 83 
116 122 
59 131 
120 78 
139 98 
88 53 
21 109 
113 115 
43 8 
72 57 
95 41 
32 41 
8 35 
5 118 
77 3 
112 87 
30 140 
78 81 
35 15 
134 56 
131 30 
48 29 
69 99 
44 85 
126 129 
9 130 
66 120 
29 32 
64 52 
91 94 
103 82 
28 139 
27 90 
3 6 
143 48 
7 63 
67 52 
27 118 
119 126 
127 106 
43 121 
40 123 
146 69 
27 67 
107 89 
134 53 
110 15 
5 111 
65 55 
119 51 
130 102 
143 132 
98 31 
46 12 
149 118 
136 2 
5 85 
103 129 
23 67 
113 70 
137 65 
110 42 
53 81 
46 143 
128 12 
93 148 
95 92 
69 61 
26 12 
132 117 
112 32 
44 138 
30 82 
113 112 
69 17 
113 110 
28 108 
75 67 
94 38 
50 55 
111 112 
40 81 
67 106 
68 66 
16 80 
48 134 
13 10 
80 94 
49 84 
78 151 
92 44 
107 30 
97 22 
26 103 
67 81 
21 86 
103 119 
99 134 
52 108 
28 142 
23 31 
78 129 
114 6 
108 135 
15 26 
106 39 
6 59 
51 25 
92 126 
62 40 
6 7 
64 151 
73 85 
54 56 
25 104 
18 10 
115 73 
102 86 
65 93 
74 21 
103 12 
39 89 
17 20 
100 1 
30 63 
102 90 
38 142 
111 89 
115 72 
16 113 
54 38 
66 113 
100 144 
97 115 
104 61 
85 130 
65 84 
12 89 
39 129 
97 24 
58 27 
141 35 
4 63 
80 30 
42 90 
16 85 
105 58 
100 151 
37 115 
11 108 
65 41 
36 17 
81 102 
14 16 
64 8 
56 121 
121 44 
3 72 
27 121 
112 89 
121 116 
29 89 
121 62 
134 24 
61 2 
72 34 
65 42 
119 106 
43 144 
124 39 
21 148 
136 98 
120 137 
22 116 
70 34 
129 142 
39 116 
85 111 
138 59 
113 80 
46 78 
74 62 
83 77 
133 48 
20 151 
120 50 
45 124 
49 47 
32 90 
92 141 
59 81 
147 65 
121 108 
43 75 
121 42 
109 83 
23 57 
85 138 
100 115 
101 90 
63 102 
77 9 
22 73 
120 64 
49 48 
118 142 
44 127 
73 117 
90 112 
79 75 
51 139 
27 9 
145 110 
144 28 
122 136 
71 56 
125 102 
106 98 
29 120 
84 140 
115 80 
65 128 
149 141 
6 43 
126 41 
146 64 
130 134 
19 23 
59 40 
84 145 
99 142 
88 69 
142 39 
55 144 
77 41 
111 37 
121 142 
66 58 
40 11 
121 128 
72 49 
103 147 
33 113 
95 61 
120 143 
87 131 
26 75 
94 22 
124 31 
112 145 
70 15 
79 60 
107 58 
92 3 
144 139 
11 151 
6 49 
127 121 
6 26 
124 34 
101 35 
48 25 
94 143 
110 48 
17 106 
134 4 
59 60 
125 75 
139 15 
140 32 
67 107 
42 96 
9 121 
68 65 
89 123 
124 24 
59 80 
62 51 
149 18 
1 62 
82 139 
135 103 
35 57 
59 119 
116 91 
76 16 
41 6 
55 123 
56 109 
13 79 
61 147 
97 109 
96 55 
39 134 
115 92 
21 23 
127 141 
2 3 
27 64 
28 18 
61 149 
93 27 
124 11 
75 113 
88 83 
107 94 
15 137 
138 151 
118 32 
58 146 
80 138 
133 13 
96 52 
62 49 
105 109 
5 67 
61 42 
125 136 
110 140 
31 50 
38 64 
132 24 
44 109 
54 24 
117 151 
134 126 
112 119 
15 25 
134 113 
50 149 
130 127 
120 47 
90 17 
121 91 
141 98 
51 46 
70 121 
106 13 
38 74 
95 36 
38 95 
80 45 
4 53 
77 84 
109 53 
8 46 
86 5 
51 93 
133 37 
38 92 
82 9 
70 79 
132 80 
33 72 
7 85 
42 15 
52 110 
62 6 
27 12 
66 62 
109 112 
26 55 
72 26 
124 17 
8 27 
9 60 
109 136 
43 127 
49 81 
82 89 
142 79 
127 68 
54 122 
139 75 
48 139 
138 88 
127 17 
47 84 
56 28 
127 128 
123 35 
65 129 
144 12 
126 70 
22 120 
125 62 
21 2 
30 37 
123 86 
145 94 
101 74 
137 41 
106 19 
2 149 
56 33 
31 101 
34 96 
21 62 
29 73 
102 3 
118 43 
87 107 
11 119 
17 35 
74 63 
36 92 
51 81 
129 28 
79 52 
52 22 
30 87 
100 8 
142 104 
127 86 
103 90 
118 123 
59 101 
150 81 
136 3 
39 57 
17 42 
24 129 
82 99 
116 79 
47 82 
65 89 
74 148 
78 55 
52 53 
44 133 
2 90 
105 129 
11 59 
90 114 
18 106 
71 66 
30 139 
7 50 
44 120 
2 37 
7 24 
38 71 
26 138 
77 51 
85 30 
105 144 
129 86 
90 113 
124 7 
95 63 
99 75 
52 75 
93 86 
126 150 
84 133 
15 62 
38 39 
70 57 
124 127 
38 150 
149 59 
4 81 
144 128 
73 77 
119 91 
87 56 
69 89 
136 55 
45 92 
97 32 
111 82 
39 109 
118 107 
140 119 
75 101 
131 84 
100 30 
32 26 
35 116 
40 13 
136 12 
114 135 
45 142 
139 11 
88 148 
61 138 
140 59 
23 146 
60 116 
122 148 
97 80 
72 124 
145 79 
59 139 
150 95 
90 145 
118 6 
19 139 
8 37 
97 132 
59 30 
45 10 
19 57 
102 57 
82 49 
55 120 
83 123 
60 58 
98 61 
96 6 
13 75 
11 35 
89 142 
14 142 
151 141 
60 11 
23 41 
30 148 
43 93 
8 143 
70 65 
72 19 
140 35 
32 147 
107 33 
116 104 
54 64 
81 3 
14 67 
133 80 
97 19 
44 110 
68 95 
31 118 
31 132 
32 39 
74 79 
125 144 
57 76 
134 91 
62 14 
135 65 
58 3 
86 64 
133 124 
21 65 
70 60 
74 48 
84 61 
63 98 
52 92 
12 147 
67 130 
46 32 
21 55 
87 42 
102 109 
11 117 
118 56 
82 19 
143 75 
111 69 
41 122 
61 81 
14 118 
126 27 
135 46 
74 28 
105 27 
26 94 
111 59 
25 123 
119 14 
71 82 
52 104 
14 73 
93 39 
108 68 
111 102 
133 71 
124 16 
102 141 
61 68 
112 151 
23 90 
119 46 
10 71 
72 46 
145 78 
21 105 
51 140 
85 1 
30 138 
108 57 
79 8 
41 80 
35 20 
52 44 
50 94 
12 23 
99 16 
93 81 
110 17 
109 42 
135 36 
19 151 
40 25 
94 40 
93 50 
86 1 
62 68 
9 37 
34 103 
123 94 
84 9 
35 7 
18 34 
100 65 
23 94 
55 112 
71 84 
138 142 
74 36 
79 101 
132 88 
94 57 
72 93 
13 44 
17 119 
47 123 
107 136 
80 147 
136 9 
148 54 
34 123 
96 9 
30 61 
95 148 
54 18 
46 130 
128 119 
17 37 
135 112 
150 40 
106 111 
145 97 
140 28 
139 140 
136 137 
35 118 
13 112 
120 21 
88 78 
52 71 
1 58 
130 11 
3 127 
115 111 
63 28 
84 138 
83 1 
3 151 
15 150 
83 69 
64 75 
57 146 
73 67 
37 135 
68 1 
50 118 
95 32 
1 141 
34 37 
92 103 
63 109 
61 44 
87 127 
54 74 
124 14 
24 146 
17 14 
92 71 
103 144 
15 9 
18 31 
97 135 
53 146 
55 13 
44 48 
68 149 
151 132 
99 125 
5 114 
84 150 
123 114 
26 28 
7 131 
78 141 
102 120 
116 31 
105 150 
33 83 
21 61 
63 33 
105 146 
49 102 
56 107 
