135 5006 
53 207 232 84 162 124 300 120 244 93 171 32 115 297 267 67 158 153 38 59 211 209 291 172 8 130 257 295 268 20 268 199 229 176 7 21 186 269 112 27 162 105 278 4 94 28 244 208 25 202 259 43 290 54 106 149 84 83 123 150 30 266 114 140 135 146 55 108 217 255 35 122 28 300 202 282 176 116 46 8 74 223 148 104 36 202 208 60 141 118 60 142 223 277 262 241 7 142 135 103 158 292 71 173 207 200 283 184 260 43 103 80 248 217 97 106 39 52 208 150 79 200 237 184 20 293 191 113 130 133 72 236 3 76 82 
32 20 
89 33 
6 47 
89 23 
32 127 
114 51 
44 80 
68 27 
79 101 
29 9 
30 23 
79 64 
2 90 
19 54 
104 114 
18 39 
22 29 
39 127 
69 113 
50 42 
88 14 
91 103 
34 69 
84 116 
49 25 
59 14 
83 100 
1 47 
92 20 
120 85 
101 3 
122 129 
112 10 
3 127 
126 115 
53 131 
2 70 
67 16 
52 1 
15 72 
17 93 
35 134 
43 48 
72 131 
99 80 
78 89 
51 105 
37 28 
70 128 
96 115 
94 134 
125 90 
6 5 
66 34 
62 59 
51 4 
125 39 
56 102 
87 53 
93 132 
54 113 
79 63 
81 89 
110 114 
77 119 
132 43 
85 65 
63 62 
11 97 
114 22 
10 119 
53 17 
120 24 
99 101 
42 105 
36 37 
92 4 
90 68 
58 123 
128 89 
32 55 
62 71 
133 27 
53 98 
52 76 
12 105 
102 89 
24 54 
24 98 
129 132 
22 40 
125 45 
80 65 
55 78 
58 101 
17 116 
52 85 
86 58 
34 40 
60 130 
84 91 
80 109 
89 133 
20 62 
3 61 
115 114 
24 99 
32 128 
26 122 
89 7 
56 21 
33 48 
76 39 
35 59 
6 77 
36 109 
49 78 
46 85 
113 83 
66 9 
7 31 
111 45 
40 88 
134 78 
12 40 
10 127 
4 5 
94 100 
128 33 
80 24 
99 92 
61 18 
21 30 
50 13 
88 118 
50 37 
5 8 
73 1 
6 124 
132 115 
122 113 
71 108 
62 16 
12 34 
32 23 
65 77 
74 57 
67 115 
109 73 
37 89 
64 33 
129 56 
95 66 
48 35 
36 49 
67 57 
48 132 
128 62 
28 44 
29 88 
122 46 
103 112 
21 67 
76 27 
124 131 
23 52 
66 14 
115 131 
81 101 
16 80 
132 83 
31 71 
13 7 
86 75 
51 81 
30 123 
133 130 
72 51 
48 18 
1 134 
42 104 
132 107 
4 105 
13 1 
80 47 
8 103 
126 61 
15 71 
26 107 
13 4 
28 27 
74 26 
47 8 
42 93 
110 6 
84 4 
101 66 
119 17 
97 53 
94 135 
29 24 
7 4 
12 29 
105 133 
114 99 
135 117 
36 11 
109 115 
46 50 
83 129 
6 81 
114 90 
20 49 
114 30 
36 56 
67 38 
10 52 
108 83 
53 7 
84 7 
23 6 
67 83 
37 94 
93 133 
120 77 
104 6 
37 88 
67 119 
51 59 
127 61 
107 66 
37 90 
34 58 
114 94 
9 129 
117 37 
84 96 
91 113 
16 116 
127 86 
45 121 
36 50 
73 18 
104 125 
55 18 
112 19 
110 74 
34 27 
74 2 
132 80 
20 21 
128 39 
31 64 
88 42 
1 46 
100 115 
53 110 
60 109 
93 49 
107 42 
73 51 
79 115 
68 36 
134 49 
54 125 
22 44 
12 134 
102 28 
72 82 
82 53 
65 44 
107 131 
111 9 
69 72 
10 95 
48 84 
58 41 
19 123 
38 101 
135 71 
54 107 
26 29 
21 114 
105 5 
72 74 
90 12 
36 29 
87 116 
69 88 
40 13 
79 135 
82 97 
135 129 
58 104 
116 32 
90 63 
118 43 
28 2 
88 115 
62 106 
36 97 
99 14 
55 9 
71 73 
20 109 
71 44 
30 32 
100 74 
74 13 
121 130 
20 7 
42 120 
47 86 
22 48 
77 31 
99 8 
45 116 
62 5 
97 87 
115 68 
16 72 
70 130 
108 84 
69 95 
85 105 
17 91 
71 127 
41 40 
109 104 
102 77 
35 51 
91 111 
109 37 
70 123 
81 64 
11 25 
101 89 
64 83 
134 25 
10 134 
36 69 
5 63 
30 121 
131 59 
98 61 
118 41 
69 42 
37 100 
44 57 
74 80 
97 130 
90 109 
129 39 
127 97 
9 52 
134 40 
78 83 
34 21 
117 119 
23 40 
27 21 
33 125 
66 36 
21 71 
85 21 
113 97 
100 48 
8 49 
76 91 
135 86 
114 3 
24 100 
74 76 
127 93 
109 86 
73 32 
130 41 
19 40 
57 47 
9 23 
92 89 
98 34 
94 122 
78 54 
131 52 
18 104 
130 23 
62 3 
60 48 
130 95 
30 57 
60 97 
36 8 
17 62 
121 109 
22 61 
6 49 
64 2 
134 95 
33 74 
58 11 
82 69 
59 97 
70 81 
71 19 
104 9 
1 6 
84 57 
70 16 
96 88 
14 102 
65 86 
72 39 
25 72 
28 9 
112 117 
128 104 
103 21 
128 119 
112 35 
117 105 
39 106 
126 3 
94 22 
19 119 
80 73 
13 10 
111 81 
113 38 
79 46 
118 39 
129 117 
98 134 
88 100 
59 21 
76 11 
88 64 
133 11 
12 111 
91 120 
15 30 
81 5 
57 58 
93 81 
97 133 
134 18 
87 114 
95 81 
20 88 
13 35 
81 9 
13 36 
65 22 
109 113 
96 87 
45 79 
84 110 
38 115 
64 60 
41 4 
60 42 
130 105 
69 79 
91 48 
76 114 
53 29 
6 69 
91 25 
125 28 
89 110 
130 108 
124 39 
16 100 
91 100 
38 91 
31 84 
31 73 
28 23 
91 105 
121 69 
59 30 
122 87 
29 131 
101 40 
34 129 
28 74 
1 21 
36 80 
39 51 
72 36 
53 123 
30 25 
18 56 
2 22 
94 47 
134 120 
57 64 
112 31 
33 39 
29 60 
122 41 
126 29 
108 46 
112 64 
67 44 
78 64 
72 79 
6 97 
126 2 
44 111 
79 5 
89 34 
121 31 
128 25 
24 3 
84 93 
18 7 
90 30 
56 135 
61 4 
88 83 
9 27 
86 108 
110 85 
44 115 
82 102 
37 99 
12 117 
33 22 
50 96 
105 45 
10 107 
37 118 
11 53 
8 55 
63 27 
75 72 
85 121 
43 63 
88 97 
38 22 
88 114 
40 9 
38 120 
95 54 
114 100 
26 20 
75 124 
57 50 
28 38 
6 22 
14 80 
63 2 
21 50 
33 111 
13 126 
4 35 
132 54 
106 60 
24 7 
48 30 
4 125 
39 65 
12 14 
7 66 
25 133 
42 71 
46 87 
42 44 
128 126 
23 126 
20 39 
4 99 
118 79 
45 103 
87 83 
47 107 
63 67 
5 58 
78 5 
58 67 
35 120 
76 31 
131 106 
25 78 
57 126 
41 117 
84 119 
25 68 
61 26 
23 82 
84 73 
1 36 
78 19 
132 78 
95 77 
70 82 
127 75 
21 109 
12 127 
73 24 
117 31 
135 120 
22 50 
80 10 
86 39 
44 7 
91 87 
99 81 
50 56 
85 104 
83 70 
75 134 
114 7 
125 103 
52 105 
38 51 
122 35 
119 76 
62 49 
36 3 
82 33 
106 119 
102 100 
56 81 
99 51 
51 1 
47 114 
80 45 
39 46 
112 72 
133 125 
129 50 
66 53 
12 81 
19 63 
64 121 
128 116 
122 83 
4 6 
132 81 
93 131 
30 112 
14 27 
132 100 
83 110 
90 20 
73 118 
98 74 
118 109 
12 123 
122 42 
16 59 
96 85 
91 70 
127 33 
113 33 
52 119 
15 122 
8 69 
121 123 
95 56 
103 7 
104 11 
132 41 
53 83 
15 125 
126 120 
33 17 
58 135 
121 113 
112 123 
4 98 
123 62 
113 115 
47 125 
131 91 
28 59 
125 94 
57 82 
74 19 
8 104 
79 122 
57 28 
73 86 
41 16 
24 69 
58 63 
7 107 
74 128 
4 107 
57 124 
61 108 
68 54 
107 12 
60 72 
113 35 
82 60 
98 106 
73 91 
131 30 
128 112 
5 109 
133 70 
91 32 
77 118 
6 30 
92 18 
57 114 
39 119 
116 30 
83 71 
71 128 
21 35 
71 30 
66 111 
81 48 
22 71 
2 79 
18 2 
97 110 
63 110 
132 65 
4 122 
103 23 
114 132 
76 2 
26 45 
7 70 
67 124 
101 32 
69 18 
71 64 
75 35 
41 104 
85 70 
103 16 
9 46 
104 67 
18 125 
49 97 
118 8 
116 100 
7 33 
123 59 
22 89 
54 10 
52 83 
57 20 
110 100 
21 132 
115 106 
134 46 
96 18 
122 134 
103 90 
116 67 
52 100 
50 123 
30 68 
40 38 
101 100 
7 43 
127 80 
110 47 
41 9 
128 73 
71 121 
105 14 
87 132 
128 80 
47 126 
2 122 
101 94 
34 45 
63 10 
117 7 
60 115 
99 122 
16 89 
65 42 
3 13 
11 94 
102 131 
60 103 
75 89 
128 92 
90 85 
62 74 
69 119 
90 60 
42 43 
29 105 
90 92 
69 27 
28 108 
117 128 
51 128 
23 55 
47 77 
29 31 
94 96 
50 15 
4 70 
103 35 
70 38 
36 34 
20 22 
78 92 
55 84 
72 86 
66 33 
80 11 
71 84 
108 57 
64 54 
6 64 
123 120 
86 5 
22 26 
90 111 
20 46 
71 60 
115 107 
56 79 
53 51 
86 81 
53 6 
40 121 
1 2 
76 43 
2 89 
46 113 
123 129 
101 102 
103 105 
16 47 
45 7 
134 112 
33 133 
3 113 
43 36 
1 93 
113 112 
123 108 
75 33 
65 130 
92 81 
59 99 
93 26 
38 127 
3 15 
131 127 
114 46 
4 94 
62 129 
108 114 
4 46 
79 30 
52 70 
127 104 
49 7 
90 73 
129 82 
130 92 
5 66 
34 46 
53 3 
64 91 
60 134 
106 20 
127 87 
135 11 
113 68 
120 60 
109 135 
40 49 
13 47 
135 40 
114 42 
40 69 
25 39 
41 12 
70 97 
60 30 
117 99 
41 93 
36 35 
68 69 
85 112 
128 67 
94 68 
36 101 
109 65 
18 43 
61 12 
56 105 
52 134 
15 18 
101 87 
4 20 
26 94 
71 54 
129 58 
4 134 
110 113 
123 124 
19 43 
15 92 
49 43 
22 109 
46 89 
87 64 
44 132 
57 75 
81 23 
41 99 
13 2 
33 6 
43 12 
15 110 
104 63 
50 64 
29 3 
98 121 
108 77 
87 21 
52 77 
55 113 
68 33 
101 35 
4 126 
4 25 
86 69 
18 34 
90 66 
115 87 
112 40 
71 98 
1 109 
38 123 
72 91 
36 86 
127 4 
82 43 
68 135 
102 54 
118 30 
20 73 
7 75 
110 90 
9 61 
46 68 
50 101 
21 102 
62 88 
56 124 
89 25 
96 112 
15 100 
132 74 
57 119 
133 47 
66 62 
33 4 
107 109 
72 105 
85 126 
69 84 
71 70 
10 27 
48 14 
2 88 
43 67 
42 66 
46 96 
53 72 
60 79 
125 19 
69 67 
13 107 
79 14 
2 26 
117 84 
79 81 
95 114 
100 60 
87 56 
73 30 
55 118 
42 92 
91 117 
86 96 
124 55 
107 1 
90 88 
89 66 
61 95 
19 126 
26 68 
120 36 
101 21 
73 121 
89 55 
22 98 
41 78 
82 39 
73 9 
49 77 
103 79 
46 83 
44 39 
130 10 
3 44 
12 70 
108 43 
18 84 
43 40 
83 76 
59 135 
35 6 
18 53 
92 53 
38 92 
135 88 
12 103 
4 38 
10 18 
52 45 
105 126 
106 121 
24 107 
9 118 
100 45 
42 52 
51 75 
67 90 
58 112 
123 13 
26 67 
27 35 
70 78 
123 104 
83 66 
14 120 
119 85 
66 115 
35 127 
49 55 
90 101 
86 52 
28 124 
64 110 
43 39 
41 96 
76 13 
99 60 
2 108 
130 50 
81 110 
23 83 
60 11 
4 71 
122 69 
124 20 
128 22 
54 43 
105 104 
98 77 
104 115 
92 88 
25 129 
74 59 
20 98 
49 33 
30 12 
91 5 
87 94 
88 130 
70 131 
48 131 
4 103 
7 91 
22 119 
32 103 
28 101 
24 40 
62 22 
91 82 
2 51 
86 67 
5 24 
90 18 
4 32 
121 118 
127 27 
94 107 
115 71 
59 92 
3 48 
32 48 
16 129 
115 41 
64 69 
12 133 
65 8 
85 10 
12 74 
46 60 
9 126 
14 36 
48 119 
49 122 
66 134 
40 62 
85 13 
29 32 
40 102 
1 40 
122 13 
99 38 
45 81 
80 20 
7 50 
79 21 
100 105 
72 99 
49 79 
114 35 
117 62 
121 49 
94 57 
95 87 
107 45 
92 111 
119 133 
100 80 
17 112 
83 109 
20 116 
57 89 
34 1 
64 89 
2 96 
12 100 
64 90 
113 52 
89 126 
72 65 
132 1 
7 93 
132 90 
48 86 
107 135 
52 124 
37 68 
76 102 
58 132 
125 68 
74 102 
46 56 
9 113 
15 21 
74 16 
70 100 
68 71 
2 31 
64 65 
75 59 
71 114 
45 92 
27 91 
35 67 
96 21 
67 82 
89 72 
104 111 
74 1 
45 44 
66 21 
121 59 
108 36 
42 11 
116 103 
86 27 
1 76 
64 134 
69 35 
109 33 
8 22 
35 33 
102 48 
49 91 
106 76 
13 48 
2 112 
10 86 
23 90 
103 28 
64 72 
130 11 
21 63 
25 135 
93 16 
29 51 
135 70 
78 57 
20 38 
10 97 
17 56 
6 80 
41 108 
99 100 
85 39 
98 60 
117 106 
75 62 
8 95 
24 74 
15 117 
65 17 
50 11 
19 41 
121 17 
8 16 
64 129 
75 129 
46 131 
3 8 
83 106 
46 123 
81 3 
44 64 
103 15 
131 83 
2 65 
13 15 
17 117 
133 59 
28 14 
78 112 
70 125 
4 57 
14 121 
115 91 
111 117 
99 44 
10 53 
53 1 
111 72 
21 14 
16 91 
2 135 
48 96 
18 54 
120 16 
7 34 
33 10 
90 55 
29 55 
128 30 
71 45 
66 19 
125 21 
100 47 
92 50 
130 81 
107 37 
57 54 
8 122 
57 48 
106 128 
96 91 
98 38 
97 106 
77 44 
55 134 
101 8 
65 15 
112 90 
8 34 
125 108 
1 44 
118 95 
72 88 
7 132 
134 132 
28 122 
5 51 
67 13 
68 124 
69 63 
115 16 
131 121 
77 111 
130 44 
18 49 
115 119 
79 84 
71 90 
23 7 
83 118 
24 82 
73 85 
44 93 
76 12 
50 28 
104 77 
114 134 
90 19 
4 52 
54 3 
130 2 
90 6 
44 135 
85 72 
33 14 
109 6 
101 37 
36 128 
50 10 
57 63 
21 117 
124 132 
76 72 
96 80 
134 47 
14 39 
80 70 
110 126 
46 101 
103 49 
12 80 
107 46 
25 98 
95 21 
121 97 
38 37 
16 10 
105 107 
72 115 
111 18 
129 87 
99 29 
4 97 
18 81 
48 59 
78 111 
101 18 
78 28 
91 42 
97 40 
60 59 
34 81 
44 94 
126 132 
83 47 
45 57 
50 17 
115 133 
98 14 
10 121 
125 10 
63 135 
47 112 
108 109 
102 88 
86 106 
11 91 
24 125 
5 57 
26 64 
79 100 
5 49 
57 104 
79 125 
15 42 
96 24 
118 132 
50 72 
130 107 
121 111 
117 8 
25 1 
120 52 
89 129 
84 41 
37 12 
3 31 
88 26 
4 81 
49 37 
23 39 
116 75 
62 51 
114 126 
39 60 
62 131 
67 78 
90 7 
84 111 
120 97 
101 109 
117 24 
43 111 
24 135 
113 56 
35 28 
72 47 
68 6 
72 71 
96 113 
127 24 
132 34 
8 28 
9 3 
118 134 
63 128 
123 63 
91 104 
3 34 
84 19 
64 32 
34 17 
133 122 
114 128 
85 74 
79 90 
71 55 
42 17 
23 96 
85 75 
105 66 
92 62 
33 114 
97 104 
49 68 
96 76 
111 61 
24 37 
18 9 
44 91 
93 12 
45 60 
91 90 
131 69 
87 126 
30 107 
6 52 
86 54 
87 39 
81 113 
107 76 
34 75 
37 33 
106 80 
20 29 
87 123 
33 45 
42 59 
34 134 
28 45 
2 45 
30 41 
9 84 
94 1 
56 134 
103 26 
133 24 
22 101 
71 112 
11 93 
37 127 
133 68 
43 75 
116 9 
126 124 
95 62 
2 98 
112 24 
64 67 
92 119 
7 121 
59 79 
75 97 
116 15 
66 71 
81 13 
88 98 
83 49 
89 135 
99 25 
127 78 
129 85 
46 55 
58 88 
56 131 
54 22 
118 6 
2 66 
9 131 
102 80 
58 73 
113 65 
59 124 
58 75 
80 34 
111 8 
88 13 
83 61 
18 126 
77 11 
37 2 
39 83 
41 95 
10 26 
101 74 
42 24 
62 48 
55 72 
1 71 
110 16 
100 2 
24 26 
126 78 
106 69 
124 36 
39 30 
119 1 
10 69 
55 125 
20 56 
86 131 
120 62 
12 89 
124 1 
1 4 
103 124 
103 81 
54 77 
31 116 
101 105 
88 21 
43 80 
77 13 
16 111 
1 97 
10 12 
15 52 
29 30 
80 85 
74 55 
106 129 
130 123 
40 10 
26 131 
89 36 
37 59 
99 120 
101 93 
52 106 
107 62 
87 10 
1 100 
116 59 
56 76 
58 93 
10 8 
15 25 
105 68 
10 20 
127 84 
16 52 
27 48 
87 54 
96 54 
21 70 
124 11 
100 73 
86 23 
18 103 
91 50 
92 34 
123 26 
7 130 
28 13 
13 9 
121 13 
103 94 
24 67 
94 98 
50 48 
31 122 
113 1 
96 60 
61 48 
74 109 
27 94 
119 116 
45 93 
98 118 
35 68 
115 43 
40 119 
66 100 
45 41 
24 57 
6 63 
61 97 
34 110 
6 27 
134 9 
121 75 
124 23 
128 93 
125 52 
102 39 
75 46 
57 91 
119 33 
38 133 
66 135 
71 48 
96 3 
120 70 
92 82 
58 79 
126 27 
116 6 
93 47 
51 122 
123 14 
58 82 
2 133 
7 127 
14 101 
120 48 
123 83 
132 68 
1 33 
65 84 
79 85 
52 54 
39 35 
31 129 
132 47 
99 20 
82 109 
77 105 
55 11 
75 74 
124 33 
45 12 
119 78 
115 5 
64 119 
100 82 
112 13 
75 123 
8 13 
79 23 
113 76 
68 13 
86 98 
66 64 
68 58 
48 38 
92 1 
52 92 
126 80 
103 98 
134 79 
87 6 
119 20 
51 54 
87 14 
96 103 
4 30 
71 36 
105 61 
109 10 
17 26 
123 85 
76 69 
54 59 
74 112 
127 73 
49 127 
69 92 
105 79 
81 46 
120 87 
8 31 
93 116 
135 4 
30 11 
82 98 
63 42 
58 120 
102 127 
81 50 
25 21 
49 30 
31 38 
3 1 
27 88 
48 99 
66 54 
94 17 
23 121 
52 112 
112 70 
69 100 
106 105 
36 33 
83 6 
72 26 
52 27 
4 47 
24 65 
81 14 
37 14 
23 25 
60 89 
65 115 
78 98 
82 116 
34 14 
50 4 
22 23 
108 67 
65 61 
115 27 
18 58 
20 64 
132 116 
72 11 
18 51 
81 84 
9 88 
48 21 
134 32 
21 32 
85 47 
30 18 
14 61 
43 104 
102 95 
43 85 
9 51 
32 39 
93 35 
8 113 
39 37 
132 76 
92 102 
118 115 
104 134 
104 100 
54 44 
67 121 
30 74 
68 61 
2 44 
109 49 
87 40 
30 42 
80 53 
43 71 
111 6 
39 15 
114 119 
94 62 
69 112 
93 8 
22 88 
26 12 
126 41 
131 43 
1 75 
55 50 
22 36 
130 117 
63 125 
79 38 
80 119 
87 7 
3 40 
61 106 
60 54 
87 99 
127 99 
16 5 
73 47 
133 22 
30 94 
19 39 
111 13 
120 127 
34 94 
31 128 
80 48 
6 106 
36 81 
107 9 
88 74 
5 48 
57 95 
54 2 
5 21 
106 30 
108 95 
45 88 
112 5 
64 53 
93 59 
47 12 
61 7 
122 27 
17 12 
128 7 
96 44 
27 5 
47 40 
61 129 
107 78 
20 5 
1 117 
56 66 
40 96 
122 6 
59 127 
72 102 
92 76 
60 101 
60 50 
1 41 
97 21 
80 42 
104 7 
62 23 
6 50 
132 49 
75 10 
8 57 
101 96 
27 45 
19 73 
10 46 
11 57 
69 98 
105 8 
70 77 
4 106 
85 84 
69 20 
118 40 
77 59 
8 4 
113 45 
14 106 
103 30 
52 107 
93 76 
33 88 
116 47 
69 2 
109 34 
65 123 
13 103 
3 11 
60 87 
132 2 
33 29 
79 53 
31 132 
57 102 
128 23 
70 55 
40 51 
105 93 
46 57 
45 123 
39 90 
123 4 
25 42 
76 110 
23 29 
11 29 
34 68 
7 110 
28 16 
95 31 
123 54 
118 44 
39 89 
119 42 
25 22 
98 89 
127 43 
31 61 
76 36 
60 69 
42 49 
103 88 
2 97 
68 77 
116 11 
9 64 
49 125 
29 15 
96 45 
108 119 
119 70 
9 45 
108 50 
20 44 
42 133 
31 35 
82 95 
29 28 
109 47 
83 37 
55 17 
4 18 
58 19 
132 4 
75 40 
118 80 
82 105 
81 55 
32 132 
122 110 
7 72 
98 36 
36 105 
71 46 
56 13 
74 82 
69 62 
107 48 
80 71 
61 101 
72 23 
79 17 
112 54 
127 108 
109 52 
87 16 
49 29 
6 125 
126 86 
44 33 
99 47 
9 92 
66 10 
72 109 
15 128 
14 56 
59 107 
59 85 
13 83 
106 109 
84 66 
60 19 
102 108 
88 132 
117 126 
89 59 
89 80 
25 108 
120 22 
29 10 
113 17 
44 10 
32 133 
21 31 
34 131 
56 127 
120 92 
44 103 
31 91 
123 37 
6 95 
92 39 
130 64 
29 106 
21 107 
65 129 
17 9 
95 67 
60 92 
116 62 
117 92 
24 78 
83 62 
13 44 
36 99 
33 120 
132 25 
59 64 
10 74 
134 119 
27 99 
3 121 
112 106 
117 109 
55 31 
83 93 
98 11 
43 4 
71 118 
15 76 
134 27 
26 89 
102 7 
4 117 
69 52 
3 52 
44 4 
110 88 
36 116 
26 116 
16 54 
9 43 
78 80 
35 56 
116 49 
104 96 
93 57 
47 54 
80 40 
98 95 
128 50 
32 8 
11 5 
104 16 
33 54 
7 62 
54 89 
119 61 
135 27 
134 103 
103 78 
119 15 
122 107 
78 16 
119 31 
31 127 
18 1 
84 29 
44 14 
111 86 
17 129 
50 126 
1 105 
69 49 
10 93 
105 40 
21 113 
104 66 
47 91 
6 36 
54 36 
47 2 
27 62 
134 67 
7 135 
48 78 
18 3 
34 59 
52 44 
57 105 
132 121 
48 28 
45 127 
134 22 
63 127 
51 121 
11 88 
82 55 
63 85 
58 26 
128 45 
75 55 
10 36 
34 48 
74 49 
45 117 
68 134 
93 13 
82 1 
41 63 
41 29 
87 17 
118 99 
90 48 
124 51 
19 6 
130 58 
6 17 
131 5 
95 44 
29 100 
82 46 
25 122 
84 122 
68 106 
38 109 
98 43 
38 52 
4 26 
69 70 
70 33 
59 84 
31 27 
124 47 
57 110 
43 114 
69 118 
90 122 
121 43 
14 31 
44 116 
10 98 
44 98 
103 48 
92 7 
55 114 
82 78 
80 5 
125 85 
21 80 
61 84 
31 89 
113 79 
131 92 
21 128 
50 52 
52 68 
45 38 
58 49 
62 37 
61 20 
45 115 
15 106 
116 121 
3 23 
81 32 
68 64 
128 94 
127 16 
103 133 
135 98 
20 129 
17 73 
50 69 
133 50 
61 74 
112 98 
18 130 
24 14 
106 1 
76 84 
107 64 
80 95 
13 114 
102 62 
57 13 
111 69 
95 76 
87 45 
45 74 
86 78 
43 5 
22 59 
40 32 
28 41 
21 36 
123 102 
74 5 
21 133 
6 103 
15 34 
132 39 
5 110 
117 64 
14 104 
105 99 
135 41 
125 3 
106 9 
46 76 
35 52 
105 116 
4 58 
34 41 
26 102 
52 96 
13 6 
113 127 
26 95 
75 94 
106 126 
18 82 
83 1 
71 104 
15 81 
129 37 
46 94 
38 14 
94 42 
11 129 
123 17 
44 82 
58 10 
129 53 
120 68 
45 11 
108 133 
87 80 
64 24 
41 102 
25 47 
68 111 
96 92 
64 62 
88 4 
101 116 
55 95 
88 36 
20 118 
126 97 
26 33 
44 56 
85 25 
110 116 
102 105 
110 41 
74 71 
18 93 
25 115 
47 84 
58 23 
94 79 
51 77 
134 57 
78 52 
83 25 
77 18 
75 39 
83 135 
102 35 
14 103 
91 45 
35 121 
22 106 
2 10 
89 20 
103 102 
105 92 
38 88 
105 50 
86 25 
79 66 
99 28 
95 23 
115 17 
116 88 
26 75 
79 19 
37 131 
95 18 
27 85 
34 52 
83 2 
37 67 
116 63 
68 116 
69 94 
129 48 
86 68 
16 76 
107 27 
73 112 
89 28 
39 40 
83 59 
16 133 
129 41 
112 86 
18 124 
87 44 
38 54 
71 107 
109 9 
124 19 
42 46 
38 15 
134 59 
41 11 
77 1 
42 132 
68 22 
47 67 
134 58 
126 39 
76 48 
18 31 
106 3 
99 56 
75 68 
22 115 
12 124 
96 74 
91 46 
33 51 
26 36 
5 53 
82 76 
93 48 
5 47 
30 44 
20 51 
71 99 
93 120 
83 12 
79 34 
111 131 
117 101 
15 83 
49 124 
31 9 
61 135 
23 80 
24 113 
69 74 
34 51 
134 81 
2 67 
65 79 
90 57 
111 103 
19 44 
39 10 
5 104 
21 22 
132 101 
133 46 
26 62 
86 17 
124 21 
59 1 
20 17 
102 75 
108 91 
71 50 
103 95 
123 22 
100 75 
58 76 
27 89 
68 50 
14 35 
24 48 
12 95 
107 116 
17 71 
42 86 
86 46 
37 104 
68 8 
43 45 
52 71 
83 102 
72 73 
115 129 
93 102 
88 59 
113 80 
18 100 
22 107 
64 97 
87 124 
7 98 
71 105 
120 124 
81 97 
61 2 
90 123 
125 42 
29 89 
32 122 
68 70 
129 81 
119 50 
118 100 
127 103 
77 107 
133 67 
17 8 
122 75 
91 30 
75 118 
115 93 
33 76 
56 42 
122 11 
65 66 
128 69 
91 63 
113 130 
6 128 
77 57 
84 83 
68 76 
134 37 
111 135 
71 32 
80 46 
28 119 
111 20 
110 134 
13 132 
131 109 
38 130 
101 130 
7 39 
77 79 
43 77 
13 101 
6 8 
84 3 
36 104 
128 65 
39 6 
125 26 
68 96 
124 64 
80 77 
86 116 
122 22 
135 60 
93 52 
63 36 
25 130 
51 8 
80 82 
59 40 
53 93 
73 87 
64 5 
99 34 
116 113 
14 92 
104 108 
123 99 
120 100 
40 127 
132 61 
47 35 
69 93 
125 11 
24 17 
119 129 
1 81 
95 4 
61 62 
48 97 
3 108 
31 33 
48 82 
113 15 
40 74 
101 11 
92 51 
23 106 
5 102 
126 6 
50 95 
125 8 
115 50 
48 7 
71 61 
87 3 
113 61 
89 3 
73 107 
63 50 
31 36 
124 41 
21 81 
94 8 
108 87 
92 32 
22 74 
19 49 
128 34 
72 123 
114 56 
108 132 
72 92 
35 77 
102 47 
90 35 
9 49 
3 2 
23 132 
127 106 
75 111 
113 28 
80 101 
116 42 
5 88 
27 90 
100 71 
19 57 
2 107 
48 85 
94 78 
73 108 
131 68 
9 21 
39 66 
116 109 
91 95 
80 124 
42 21 
133 126 
59 106 
32 96 
52 14 
19 56 
131 84 
128 101 
123 82 
42 90 
57 113 
28 18 
122 132 
52 103 
76 118 
57 52 
33 121 
53 109 
74 3 
123 56 
87 75 
116 74 
73 46 
41 105 
45 6 
13 46 
114 27 
68 81 
3 90 
62 4 
109 102 
53 45 
10 24 
107 82 
128 75 
95 97 
61 6 
63 93 
57 79 
120 109 
40 36 
90 50 
75 23 
28 34 
90 53 
58 62 
134 90 
3 109 
78 21 
54 127 
7 118 
90 47 
89 85 
95 46 
94 92 
72 2 
6 2 
110 13 
10 67 
41 21 
107 34 
13 58 
64 118 
134 50 
6 99 
100 57 
26 128 
44 60 
45 133 
120 122 
35 10 
129 59 
46 97 
116 120 
131 73 
118 91 
51 37 
90 26 
113 26 
120 6 
105 95 
59 130 
114 5 
46 92 
129 38 
7 57 
90 38 
64 103 
95 84 
132 84 
65 12 
8 53 
39 95 
36 107 
2 49 
121 68 
120 17 
123 23 
135 77 
12 28 
77 38 
113 93 
19 105 
49 17 
109 114 
36 62 
110 39 
26 124 
81 112 
109 122 
90 87 
47 18 
3 70 
104 64 
22 132 
133 111 
50 75 
103 67 
79 104 
18 94 
34 135 
36 75 
108 21 
33 85 
25 3 
37 19 
106 85 
43 61 
5 108 
109 81 
54 42 
51 116 
44 125 
14 94 
18 123 
119 96 
114 118 
128 38 
12 44 
41 52 
86 45 
118 128 
4 66 
85 44 
20 15 
47 45 
73 119 
88 8 
112 93 
15 56 
99 90 
86 22 
96 131 
129 8 
90 116 
26 21 
72 81 
112 59 
118 52 
129 15 
86 125 
21 29 
94 9 
10 123 
31 26 
30 36 
129 30 
51 82 
55 47 
58 117 
29 66 
108 58 
97 32 
66 3 
49 131 
78 36 
71 63 
78 109 
20 102 
47 92 
9 15 
61 49 
74 43 
89 95 
114 49 
129 42 
43 84 
20 128 
79 26 
96 105 
99 96 
30 61 
133 87 
46 72 
96 35 
34 78 
58 33 
46 21 
75 12 
57 49 
11 27 
73 62 
36 84 
31 101 
3 51 
124 58 
125 38 
66 113 
22 10 
33 2 
106 17 
20 66 
108 8 
131 77 
44 53 
93 74 
86 97 
63 82 
10 131 
111 128 
127 133 
121 12 
28 47 
26 105 
53 42 
94 88 
59 61 
90 13 
85 28 
22 110 
109 69 
73 44 
118 2 
118 93 
9 16 
129 95 
79 54 
12 31 
59 67 
44 117 
75 83 
42 128 
119 90 
24 43 
60 80 
54 101 
35 18 
123 27 
45 109 
88 111 
30 47 
76 105 
132 27 
113 72 
63 23 
23 91 
63 119 
109 126 
26 11 
13 95 
114 20 
15 114 
80 32 
56 43 
117 110 
22 7 
40 83 
115 59 
94 108 
8 79 
95 125 
124 34 
19 115 
19 17 
58 43 
9 56 
9 100 
24 58 
73 111 
54 131 
42 18 
110 112 
47 79 
84 74 
93 4 
24 105 
85 36 
102 86 
68 126 
15 66 
33 130 
48 75 
135 116 
84 107 
30 84 
51 44 
64 29 
90 49 
130 56 
36 92 
82 88 
24 95 
19 117 
85 76 
41 3 
116 122 
84 62 
100 55 
32 130 
38 76 
19 97 
37 6 
60 2 
31 56 
102 17 
34 43 
37 87 
72 19 
76 9 
37 125 
57 80 
20 8 
128 40 
28 127 
47 39 
97 116 
6 7 
31 113 
48 109 
125 5 
63 102 
33 102 
66 97 
87 130 
77 74 
124 17 
68 5 
97 122 
107 83 
130 100 
133 114 
77 130 
45 24 
1 64 
16 51 
130 120 
71 39 
28 26 
12 3 
21 13 
19 34 
54 83 
108 74 
118 42 
34 73 
109 24 
96 67 
129 32 
5 122 
32 35 
33 100 
46 127 
74 42 
66 80 
57 33 
117 94 
63 98 
115 24 
67 28 
122 23 
4 19 
121 52 
45 54 
57 109 
109 40 
99 11 
8 100 
58 29 
68 127 
56 132 
84 10 
73 36 
120 32 
86 134 
44 27 
108 112 
134 111 
15 109 
82 73 
32 33 
119 103 
18 119 
50 112 
15 6 
108 97 
7 77 
62 130 
71 101 
43 116 
76 18 
87 121 
30 75 
86 1 
121 48 
44 58 
126 43 
91 26 
56 83 
86 99 
49 80 
55 26 
135 67 
112 88 
38 53 
85 132 
25 109 
126 60 
59 13 
113 135 
51 110 
41 106 
47 22 
2 102 
103 10 
28 96 
94 59 
127 119 
135 45 
41 14 
75 113 
67 46 
107 32 
69 107 
50 51 
133 72 
75 45 
132 128 
25 126 
89 93 
14 62 
101 114 
64 106 
2 68 
53 118 
135 118 
122 9 
24 25 
52 40 
115 54 
86 115 
133 106 
41 128 
61 39 
52 53 
121 120 
16 107 
127 123 
112 27 
79 87 
106 95 
80 79 
135 128 
113 107 
101 23 
21 55 
29 2 
12 92 
95 35 
42 83 
124 107 
34 84 
61 67 
122 16 
127 122 
104 99 
29 134 
12 9 
25 64 
115 99 
29 121 
68 19 
108 49 
33 95 
93 117 
41 46 
79 4 
10 91 
28 61 
133 9 
35 78 
64 22 
36 112 
28 66 
7 82 
23 54 
71 111 
94 71 
13 71 
77 2 
63 115 
94 104 
41 56 
29 101 
58 46 
63 105 
127 11 
23 36 
89 74 
42 19 
69 96 
21 38 
124 130 
95 36 
21 53 
27 117 
62 124 
37 78 
73 54 
77 23 
10 124 
29 133 
6 85 
67 81 
128 113 
7 12 
127 6 
43 101 
62 109 
130 40 
82 54 
38 106 
121 79 
41 94 
70 101 
106 21 
43 29 
48 114 
26 81 
30 5 
108 72 
85 95 
10 89 
44 68 
40 37 
14 118 
123 80 
23 74 
54 5 
80 110 
17 23 
17 28 
43 21 
122 64 
51 134 
88 128 
83 51 
31 106 
88 78 
93 126 
95 49 
96 127 
123 67 
35 62 
117 42 
135 38 
57 96 
56 32 
79 29 
69 41 
48 118 
99 58 
94 28 
4 80 
50 125 
135 112 
62 15 
126 75 
71 89 
45 16 
66 123 
37 132 
125 27 
78 99 
35 97 
53 132 
69 32 
110 94 
5 75 
82 41 
90 135 
120 119 
35 72 
47 131 
94 19 
17 131 
18 117 
32 106 
66 49 
37 76 
111 95 
54 27 
10 30 
30 16 
106 88 
103 31 
47 118 
67 42 
27 121 
45 131 
82 15 
8 64 
108 117 
8 58 
122 68 
118 117 
23 53 
17 4 
66 32 
114 77 
59 38 
45 3 
130 111 
114 64 
57 133 
40 77 
68 97 
47 63 
133 94 
117 131 
104 126 
97 43 
4 68 
124 134 
92 8 
69 135 
53 59 
99 45 
133 7 
38 47 
47 49 
2 129 
123 73 
97 94 
87 112 
108 22 
105 121 
127 95 
78 129 
110 109 
133 55 
88 46 
100 127 
64 55 
108 124 
38 64 
54 120 
75 77 
81 116 
20 76 
43 16 
112 92 
109 130 
82 21 
100 32 
75 37 
9 54 
88 1 
121 62 
119 38 
44 131 
19 33 
3 26 
110 92 
68 78 
51 41 
78 73 
121 46 
125 81 
20 27 
117 114 
109 11 
33 52 
89 84 
39 134 
49 112 
17 134 
80 58 
123 98 
59 104 
126 22 
11 66 
72 5 
129 124 
94 70 
106 90 
108 53 
102 8 
99 3 
57 127 
18 26 
18 36 
130 96 
73 130 
50 104 
115 61 
49 106 
129 46 
60 83 
54 129 
8 37 
99 15 
54 62 
53 33 
27 97 
128 47 
13 79 
16 106 
16 84 
86 38 
53 65 
135 1 
21 121 
63 60 
130 13 
110 38 
77 84 
126 51 
102 91 
68 109 
46 66 
32 60 
43 57 
106 70 
84 2 
27 84 
116 54 
5 130 
107 17 
2 5 
29 128 
101 77 
133 104 
113 114 
14 97 
71 10 
128 78 
23 4 
77 83 
87 48 
97 72 
82 131 
3 107 
3 79 
61 51 
28 71 
117 3 
68 112 
78 110 
112 130 
134 108 
100 81 
54 93 
39 31 
116 99 
39 133 
97 65 
76 130 
52 31 
13 117 
125 22 
47 122 
100 25 
33 65 
79 99 
2 27 
121 95 
81 33 
50 127 
60 17 
72 24 
2 127 
53 49 
38 87 
30 82 
15 105 
92 13 
79 43 
111 129 
42 101 
42 31 
104 21 
42 109 
110 87 
53 69 
72 114 
122 115 
101 75 
32 113 
132 24 
25 60 
47 98 
102 119 
71 92 
26 101 
2 81 
25 127 
75 104 
61 8 
76 23 
1 84 
70 105 
31 72 
55 98 
129 118 
90 43 
37 56 
130 128 
62 9 
41 97 
107 51 
95 86 
80 72 
1 9 
117 2 
32 46 
85 127 
94 51 
29 120 
116 53 
96 122 
107 33 
58 102 
47 120 
104 117 
127 21 
79 92 
42 39 
117 52 
107 72 
82 25 
38 44 
124 44 
70 50 
28 21 
111 58 
59 19 
133 4 
108 6 
34 29 
58 16 
86 16 
52 116 
34 127 
9 95 
98 28 
15 126 
81 52 
34 105 
89 113 
19 8 
65 14 
88 125 
120 1 
30 130 
57 87 
135 8 
112 125 
93 104 
30 20 
75 27 
94 49 
89 35 
65 23 
102 44 
2 125 
108 107 
77 48 
3 76 
33 101 
108 69 
126 32 
49 73 
116 106 
41 25 
75 25 
91 74 
18 27 
39 84 
80 31 
84 123 
108 23 
67 19 
49 129 
76 108 
47 95 
19 2 
104 20 
3 78 
125 135 
110 35 
4 40 
85 93 
78 30 
111 29 
53 70 
15 118 
21 134 
25 74 
130 15 
19 96 
93 129 
97 93 
65 62 
3 60 
53 55 
66 98 
93 37 
90 95 
37 31 
50 62 
83 5 
109 4 
21 3 
117 53 
71 106 
61 90 
77 15 
113 41 
82 62 
109 2 
115 120 
29 62 
115 42 
22 30 
132 60 
80 51 
7 29 
85 53 
71 11 
80 135 
100 26 
117 124 
94 115 
46 59 
73 60 
133 23 
93 122 
26 49 
20 25 
75 3 
131 8 
30 69 
111 24 
85 101 
119 93 
68 108 
65 90 
14 114 
8 123 
30 63 
44 36 
63 87 
123 134 
83 20 
114 52 
109 63 
27 87 
76 25 
80 122 
118 56 
119 112 
96 98 
2 39 
37 5 
10 104 
51 120 
47 105 
59 73 
53 54 
55 103 
115 11 
9 99 
131 31 
99 62 
108 65 
98 128 
55 94 
128 133 
120 30 
59 86 
11 89 
3 39 
29 59 
84 8 
48 95 
106 96 
82 83 
59 117 
52 80 
78 26 
19 110 
68 72 
24 77 
133 100 
84 72 
14 95 
93 19 
62 32 
61 130 
39 93 
34 95 
119 55 
111 87 
82 66 
128 28 
63 94 
126 130 
70 57 
24 55 
42 121 
93 27 
12 62 
121 25 
103 63 
46 63 
55 96 
130 122 
23 8 
28 31 
43 134 
112 83 
44 110 
65 89 
49 34 
92 66 
25 5 
22 41 
1 50 
29 52 
4 130 
83 21 
75 125 
24 46 
40 57 
81 7 
46 98 
36 70 
4 64 
111 127 
20 31 
78 102 
55 42 
68 53 
56 16 
8 134 
66 72 
26 121 
3 49 
87 105 
86 12 
99 50 
116 8 
116 92 
7 120 
105 111 
73 88 
18 98 
54 17 
127 92 
66 47 
49 63 
60 1 
48 113 
110 30 
5 128 
88 122 
14 69 
38 42 
38 66 
38 103 
7 10 
52 102 
99 12 
86 84 
55 35 
132 125 
34 53 
93 110 
11 103 
113 133 
74 122 
121 117 
101 62 
67 77 
104 86 
61 94 
66 108 
58 97 
35 17 
72 57 
52 26 
90 59 
28 40 
58 113 
12 49 
84 101 
79 61 
29 78 
134 105 
16 37 
18 44 
101 120 
131 98 
91 54 
70 65 
72 119 
95 63 
55 5 
112 33 
40 93 
21 11 
56 126 
14 133 
45 1 
36 59 
58 109 
131 104 
49 105 
53 94 
103 80 
12 98 
15 44 
79 75 
9 89 
12 21 
69 21 
69 114 
73 15 
51 86 
23 120 
129 102 
111 102 
120 65 
65 104 
104 116 
127 98 
67 27 
122 38 
103 19 
125 102 
11 22 
66 91 
38 10 
16 88 
16 53 
130 20 
54 46 
117 75 
114 58 
74 121 
127 47 
118 38 
80 130 
114 67 
135 33 
1 125 
69 11 
106 125 
112 1 
124 121 
38 58 
41 107 
23 69 
91 65 
32 10 
132 5 
29 61 
46 99 
80 59 
113 100 
47 119 
26 86 
61 114 
58 35 
32 68 
11 96 
59 132 
123 110 
46 16 
110 71 
10 17 
71 34 
8 66 
57 123 
97 99 
22 9 
56 38 
77 45 
127 29 
27 118 
85 1 
2 59 
130 79 
119 37 
59 45 
128 60 
18 57 
19 31 
4 56 
78 87 
7 16 
45 31 
64 42 
91 130 
73 13 
58 64 
69 46 
117 122 
105 90 
112 56 
12 113 
59 111 
41 67 
111 76 
56 85 
46 65 
67 100 
32 93 
12 79 
53 105 
98 79 
92 56 
53 102 
17 135 
131 113 
57 14 
54 35 
101 5 
46 30 
52 127 
50 33 
123 132 
13 11 
76 127 
14 68 
49 35 
101 83 
130 132 
39 5 
2 114 
26 66 
66 106 
6 65 
80 125 
29 35 
114 123 
67 72 
133 35 
81 104 
123 32 
114 89 
53 128 
61 107 
114 98 
23 51 
79 116 
23 114 
118 78 
133 121 
46 37 
100 27 
25 66 
23 102 
78 43 
130 37 
32 36 
34 61 
124 27 
103 22 
55 48 
107 80 
85 97 
130 114 
53 50 
6 73 
74 51 
22 4 
77 33 
112 127 
99 89 
94 66 
44 123 
43 68 
106 75 
58 2 
82 2 
129 77 
69 117 
87 13 
12 112 
59 24 
99 30 
126 92 
80 129 
43 53 
115 117 
16 73 
3 43 
116 94 
31 60 
109 128 
39 104 
56 120 
21 111 
23 56 
2 80 
96 135 
101 104 
12 118 
1 130 
107 106 
123 93 
36 127 
114 28 
116 57 
123 35 
133 63 
111 119 
8 67 
61 66 
22 18 
122 108 
116 112 
71 75 
91 8 
42 10 
47 115 
82 84 
111 63 
48 125 
104 46 
76 125 
64 21 
18 6 
110 67 
50 65 
128 12 
81 73 
85 98 
121 80 
91 99 
44 134 
20 24 
45 64 
109 43 
112 14 
135 110 
135 100 
96 117 
65 1 
88 51 
130 134 
78 122 
41 88 
69 43 
131 14 
38 55 
120 49 
7 19 
37 29 
28 64 
28 42 
11 9 
20 135 
63 76 
101 134 
13 34 
119 16 
114 8 
29 6 
85 86 
57 120 
54 76 
99 119 
80 81 
108 33 
109 88 
134 41 
134 63 
134 31 
24 92 
58 100 
32 74 
62 57 
59 8 
23 42 
82 65 
114 38 
3 134 
107 91 
81 88 
41 32 
87 81 
49 39 
122 131 
27 92 
106 73 
32 78 
43 20 
28 131 
23 21 
119 121 
76 53 
128 14 
124 69 
15 87 
42 41 
43 59 
83 94 
106 82 
101 10 
63 45 
121 44 
55 2 
22 84 
117 63 
133 88 
22 19 
21 120 
82 119 
80 15 
63 78 
106 19 
107 128 
100 126 
92 91 
104 122 
94 50 
133 31 
85 24 
11 20 
10 99 
110 66 
4 129 
92 64 
70 26 
107 79 
24 126 
73 79 
16 25 
66 27 
89 82 
99 13 
121 72 
128 115 
96 4 
121 122 
97 7 
70 66 
17 92 
21 75 
74 118 
95 109 
88 53 
96 14 
91 80 
6 28 
111 98 
32 49 
109 30 
1 101 
110 49 
29 40 
20 16 
23 15 
37 80 
120 37 
5 67 
36 16 
66 85 
127 44 
64 13 
14 32 
26 16 
112 100 
90 45 
94 24 
37 85 
68 87 
32 110 
112 67 
21 68 
78 81 
6 43 
100 6 
78 13 
37 42 
5 116 
29 124 
91 6 
73 35 
121 61 
41 121 
32 119 
6 32 
135 102 
98 31 
14 74 
65 55 
77 34 
35 2 
72 30 
132 135 
110 18 
63 107 
68 83 
59 5 
110 24 
25 70 
68 104 
122 128 
2 71 
73 64 
58 54 
85 19 
4 15 
103 120 
25 113 
82 14 
82 56 
20 93 
99 21 
97 71 
88 49 
118 33 
49 85 
102 65 
123 128 
19 13 
85 81 
54 94 
12 85 
107 8 
14 60 
54 20 
29 50 
87 107 
113 71 
103 128 
129 18 
6 133 
118 90 
41 77 
9 83 
16 102 
22 27 
43 30 
128 27 
85 17 
95 25 
19 104 
39 58 
94 60 
135 130 
65 114 
122 70 
118 34 
62 8 
5 17 
92 28 
82 22 
124 30 
96 22 
127 65 
79 1 
83 126 
37 69 
96 114 
90 32 
122 62 
82 77 
66 120 
24 21 
106 46 
55 86 
104 1 
27 59 
6 88 
42 100 
3 71 
75 15 
101 78 
31 94 
28 83 
13 18 
54 98 
87 109 
74 27 
82 115 
9 93 
65 35 
60 33 
117 61 
132 66 
128 64 
29 17 
88 30 
123 16 
6 34 
54 105 
26 98 
67 92 
36 15 
26 51 
120 104 
37 128 
87 8 
125 40 
69 61 
125 91 
12 4 
92 11 
19 46 
46 62 
119 29 
99 128 
125 116 
21 6 
132 70 
128 82 
16 96 
93 111 
114 97 
2 75 
84 35 
42 89 
47 29 
51 98 
19 102 
105 89 
87 98 
60 113 
16 38 
65 29 
125 100 
85 133 
82 4 
133 132 
13 128 
37 53 
63 120 
4 2 
9 39 
84 28 
102 114 
35 130 
26 48 
111 53 
19 91 
22 37 
97 67 
31 74 
108 51 
58 52 
69 127 
36 48 
115 64 
55 68 
63 12 
20 53 
102 84 
67 25 
98 41 
66 58 
32 70 
49 44 
49 64 
134 20 
123 20 
123 105 
103 20 
56 88 
56 71 
66 114 
71 125 
20 28 
16 81 
6 115 
131 95 
78 18 
29 92 
104 29 
119 132 
124 127 
122 40 
89 90 
99 22 
125 99 
18 17 
27 79 
58 115 
126 72 
73 104 
42 84 
13 89 
110 62 
34 47 
116 55 
82 87 
111 120 
38 11 
5 60 
104 17 
43 37 
95 79 
23 117 
71 87 
19 76 
88 60 
91 51 
61 87 
91 128 
79 112 
118 51 
33 69 
90 11 
66 1 
132 8 
7 95 
41 31 
117 25 
88 113 
108 59 
105 3 
130 115 
49 54 
60 62 
15 41 
34 24 
12 19 
55 57 
115 1 
59 18 
82 121 
53 126 
110 124 
72 127 
109 8 
90 21 
11 108 
77 17 
14 6 
119 58 
20 45 
96 65 
8 110 
57 1 
13 53 
31 13 
110 23 
120 18 
16 98 
20 113 
34 125 
99 16 
129 101 
5 97 
36 47 
45 120 
74 78 
46 93 
86 89 
122 118 
78 113 
130 127 
103 57 
25 29 
34 120 
110 3 
62 28 
131 76 
35 94 
98 57 
100 49 
23 68 
29 27 
17 103 
47 46 
61 10 
61 86 
46 120 
127 42 
95 64 
25 81 
77 66 
32 34 
38 17 
14 13 
93 50 
105 110 
7 54 
91 97 
113 126 
110 9 
66 43 
116 12 
42 72 
103 5 
31 97 
50 131 
135 57 
122 10 
112 66 
33 90 
126 35 
98 50 
92 113 
112 126 
126 74 
49 21 
130 74 
33 132 
114 4 
58 126 
53 41 
101 133 
30 81 
56 75 
77 63 
94 102 
117 29 
107 81 
10 11 
66 51 
15 94 
78 85 
42 134 
99 69 
84 98 
61 100 
26 41 
118 13 
96 75 
100 20 
103 71 
26 5 
58 103 
5 71 
69 22 
135 39 
119 44 
13 133 
29 5 
76 128 
127 116 
56 121 
50 109 
15 46 
110 102 
98 129 
94 124 
51 48 
58 51 
21 98 
84 33 
97 98 
75 84 
15 12 
41 109 
111 36 
115 28 
75 95 
22 80 
53 121 
71 116 
86 122 
30 1 
64 133 
37 113 
19 128 
64 116 
2 36 
87 88 
54 135 
115 73 
112 107 
127 53 
128 86 
32 104 
47 78 
36 114 
22 56 
69 47 
120 128 
32 61 
41 44 
14 51 
28 100 
111 112 
39 68 
106 58 
7 63 
121 76 
18 89 
80 63 
79 6 
34 85 
61 25 
57 61 
76 8 
94 2 
45 48 
70 11 
113 34 
89 53 
65 98 
120 133 
27 129 
4 39 
126 54 
105 46 
20 71 
31 54 
135 115 
101 53 
11 63 
77 36 
98 108 
7 105 
74 44 
99 82 
116 89 
81 115 
67 56 
8 27 
11 114 
99 113 
86 110 
18 33 
104 90 
21 119 
18 68 
44 61 
78 23 
23 38 
85 9 
66 50 
41 17 
52 89 
8 18 
3 122 
96 93 
129 96 
65 116 
3 135 
14 5 
68 59 
102 113 
73 134 
31 11 
116 3 
92 98 
63 73 
61 36 
55 14 
84 129 
68 51 
70 27 
107 58 
119 71 
98 42 
76 87 
55 107 
110 12 
10 133 
60 18 
111 89 
8 78 
42 16 
128 85 
86 3 
95 2 
130 119 
16 19 
73 3 
112 11 
54 110 
105 67 
100 89 
59 96 
17 16 
58 78 
81 135 
89 79 
125 115 
72 9 
91 12 
3 68 
36 135 
100 11 
71 82 
42 33 
83 120 
125 131 
100 46 
94 38 
23 85 
56 30 
32 18 
20 12 
20 125 
119 91 
82 117 
79 55 
55 91 
103 70 
97 105 
33 63 
64 123 
121 77 
19 64 
41 57 
72 33 
31 99 
15 74 
76 109 
133 5 
93 70 
13 135 
45 119 
111 116 
8 112 
59 57 
75 63 
82 113 
33 34 
132 6 
47 87 
134 5 
50 8 
72 118 
111 1 
118 124 
20 55 
94 13 
68 110 
54 21 
80 69 
107 20 
120 26 
39 28 
57 23 
40 64 
36 91 
116 102 
7 106 
73 37 
21 84 
112 18 
130 78 
71 27 
50 121 
34 100 
12 35 
59 55 
15 43 
121 4 
115 4 
118 112 
112 60 
31 66 
123 89 
113 64 
127 90 
63 51 
115 102 
51 76 
78 45 
134 127 
15 60 
89 96 
99 32 
60 70 
104 40 
45 4 
120 44 
115 53 
99 53 
129 121 
32 9 
134 36 
10 57 
55 73 
65 112 
132 96 
94 73 
82 28 
27 120 
88 80 
79 78 
7 122 
125 46 
88 57 
23 94 
84 25 
133 26 
12 73 
86 94 
135 91 
12 72 
26 87 
1 95 
23 73 
17 78 
107 74 
54 4 
126 107 
35 15 
36 65 
12 125 
100 134 
65 25 
69 55 
132 113 
17 128 
66 102 
15 93 
12 23 
124 84 
55 19 
122 126 
30 117 
24 130 
34 31 
133 84 
9 33 
80 39 
90 72 
130 103 
27 83 
82 110 
105 62 
44 106 
17 59 
48 66 
128 2 
67 89 
102 59 
120 3 
41 66 
90 58 
131 18 
106 8 
60 12 
13 91 
50 107 
121 28 
20 67 
73 114 
60 53 
102 132 
122 85 
101 76 
37 66 
88 34 
43 135 
119 79 
78 124 
96 81 
62 10 
5 118 
61 80 
21 94 
87 35 
125 110 
77 124 
92 121 
73 5 
95 59 
34 101 
113 18 
100 103 
61 77 
103 36 
56 111 
56 90 
72 87 
98 75 
11 49 
12 88 
99 95 
132 35 
65 31 
132 17 
121 63 
110 103 
130 26 
100 131 
79 123 
29 45 
2 119 
119 60 
97 112 
94 105 
80 8 
77 14 
76 70 
46 43 
128 97 
96 95 
10 106 
36 28 
18 121 
110 127 
44 47 
112 101 
29 123 
58 15 
51 32 
72 28 
104 28 
91 61 
93 62 
120 76 
131 101 
60 43 
17 40 
52 88 
44 11 
135 51 
67 68 
88 67 
46 102 
101 88 
125 78 
102 118 
25 56 
91 123 
54 134 
135 62 
60 118 
70 56 
9 6 
90 93 
58 133 
89 117 
76 94 
52 108 
104 25 
80 68 
102 81 
24 89 
36 87 
95 73 
117 132 
43 124 
6 117 
123 111 
32 12 
122 43 
32 65 
90 31 
52 2 
105 58 
96 121 
23 31 
49 102 
106 108 
11 2 
2 24 
134 87 
135 133 
11 85 
79 108 
81 42 
82 125 
26 129 
34 57 
50 102 
37 108 
84 126 
42 22 
114 19 
17 51 
10 135 
121 88 
25 33 
30 7 
111 7 
52 13 
58 30 
17 32 
43 2 
22 76 
85 99 
8 128 
108 111 
64 34 
53 2 
86 63 
40 72 
101 126 
98 70 
61 19 
111 32 
97 69 
73 110 
91 94 
98 81 
90 82 
133 124 
45 55 
38 97 
71 69 
97 39 
101 47 
76 81 
85 29 
8 11 
91 37 
56 119 
131 11 
22 24 
24 61 
119 14 
104 23 
122 55 
78 20 
7 108 
64 56 
78 121 
48 12 
126 49 
117 33 
32 83 
124 35 
33 12 
69 17 
72 34 
101 92 
23 105 
107 103 
80 83 
124 92 
83 105 
34 123 
124 115 
123 5 
92 63 
6 55 
112 38 
80 134 
112 21 
67 129 
103 87 
111 52 
83 111 
74 64 
65 75 
93 99 
97 56 
77 88 
134 131 
10 120 
110 115 
27 30 
109 39 
126 111 
37 103 
118 101 
37 3 
3 19 
32 109 
103 86 
30 35 
37 116 
85 55 
14 63 
22 112 
115 74 
74 117 
126 129 
79 35 
97 103 
122 123 
130 53 
60 57 
69 51 
103 42 
63 114 
20 40 
7 51 
85 131 
63 126 
86 79 
40 133 
94 3 
113 39 
81 40 
82 34 
117 116 
25 112 
73 11 
66 12 
75 4 
110 99 
21 2 
132 97 
83 92 
100 21 
122 119 
132 106 
94 5 
37 45 
21 37 
45 23 
36 58 
118 104 
79 44 
55 108 
5 32 
95 93 
81 128 
114 26 
18 23 
17 81 
22 15 
127 125 
119 46 
99 124 
94 123 
31 115 
58 128 
11 128 
100 117 
25 97 
101 15 
119 13 
101 95 
87 20 
60 122 
36 46 
105 37 
111 115 
8 43 
131 119 
5 121 
38 46 
95 60 
111 114 
96 26 
102 43 
128 125 
71 25 
48 70 
104 98 
135 122 
2 14 
60 26 
82 112 
117 9 
71 47 
76 6 
47 61 
67 74 
91 40 
89 38 
19 107 
17 37 
80 35 
15 135 
100 41 
127 9 
34 38 
93 73 
25 44 
98 8 
131 6 
104 95 
