66 236
60 18 1
24 32 1
66 14 1
40 12 1
6 24 1
36 19 1
1 61 1
14 61 1
39 14 1
24 62 1
34 26 1
53 4 1
50 1 1
1 52 1
28 24 1
4 3 1
1 11 1
29 48 1
12 50 1
22 19 1
32 2 1
1 45 1
19 8 1
60 45 1
35 23 1
1 54 1
8 1 1
20 1 1
3 1 1
34 1 1
41 3 1
37 54 1
5 14 1
66 28 1
66 13 1
39 1 1
32 18 1
55 6 1
30 43 1
1 29 1
26 48 1
23 60 1
40 28 1
1 30 1
21 60 1
1 44 1
1 37 1
23 25 1
54 16 1
66 40 1
29 14 1
47 1 1
48 1 1
33 1 1
14 43 1
59 36 1
4 66 1
20 34 1
2 39 1
15 66 1
60 51 1
1 38 1
65 1 1
10 56 1
36 63 1
29 14 1
1 29 1
21 34 1
1 31 1
56 48 1
40 53 1
24 4 1
27 19 1
58 46 1
65 45 1
55 2 1
31 1 1
62 8 1
1 58 1
44 54 1
60 19 1
54 1 1
6 45 1
5 6 1
1 21 1
17 43 1
66 65 1
5 2 1
35 7 1
16 21 1
1 15 1
15 35 1
9 63 1
40 1 1
39 1 1
8 21 1
44 1 1
1 20 1
62 9 1
1 14 1
42 51 1
25 27 1
49 1 1
1 11 1
55 2 1
27 33 1
34 14 1
40 38 1
45 5 1
32 52 1
27 30 1
24 36 1
35 2 1
22 1 1
24 1 1
4 38 1
23 63 1
37 1 1
41 1 1
3 35 1
57 1 1
1 50 1
35 6 1
19 64 1
26 66 1
37 1 1
17 1 1
50 22 1
58 31 1
1 55 1
43 5 1
33 61 1
8 1 1
60 1 1
20 60 1
64 15 1
1 62 1
36 24 1
3 44 1
36 38 1
1 30 1
29 49 1
55 16 1
17 1 1
1 64 1
44 35 1
1 53 1
1 64 1
44 10 1
40 56 1
15 18 1
1 49 1
28 1 1
17 1 1
54 32 1
34 18 1
53 1 1
45 1 1
26 24 1
3 22 1
56 24 1
51 39 1
5 57 1
1 30 1
65 62 1
51 27 1
30 42 1
1 22 1
65 23 1
28 1 1
42 1 1
63 58 1
61 1 1
59 1 1
64 10 1
17 2 1
45 1 1
35 55 1
32 1 1
4 59 1
30 60 1
29 17 1
17 28 1
1 41 1
66 1 1
46 49 1
1 61 1
60 54 1
16 21 1
1 58 1
41 1 1
37 31 1
65 49 1
34 3 1
23 3 1
33 1 1
13 55 1
56 10 1
47 12 1
20 33 1
11 55 1
59 1 1
57 1 1
23 38 1
54 3 1
61 48 1
57 23 1
28 19 1
54 29 1
58 45 1
13 58 1
48 8 1
41 45 1
63 25 1
28 30 1
26 41 1
18 26 1
1 49 1
40 62 1
50 63 1
58 14 1
26 23 1
51 20 1
14 33 1
10 18 1
1 52 1
44 1 1
1 27 1
36 1 1
66 21 1
28 2 1
3 1 1
26 25 1
37 34 1
53 2 1
1 29 1
720
31 45
19 59
61 3
38 15
12 19
13 54
22 65
56 66
44 63
34 58
28 59
55 16
58 3
62 57
34 60
12 53
59 50
19 43
50 10
32 54
55 22
25 10
34 28
20 64
60 57
13 8
63 10
32 33
58 56
23 25
36 64
27 13
36 34
28 42
29 53
54 43
22 31
20 60
12 14
56 31
35 41
52 48
36 66
2 47
4 19
59 56
38 30
54 12
63 2
47 60
5 29
45 7
16 48
11 56
57 28
32 8
61 8
24 22
31 63
29 3
49 23
66 58
9 50
4 24
41 59
57 47
57 26
1 66
16 34
52 47
46 36
47 43
6 57
37 23
64 58
11 58
29 1
40 52
11 5
38 33
30 6
46 51
45 63
26 35
4 35
43 25
62 49
57 59
50 65
4 32
7 47
19 38
12 7
5 18
42 33
66 3
36 46
61 3
15 48
3 36
36 48
25 27
22 57
17 55
48 24
32 5
50 37
26 47
63 24
47 27
47 44
35 16
51 32
58 13
2 62
9 62
54 2
23 25
20 53
29 28
50 26
9 57
45 18
20 63
23 59
21 35
63 17
27 45
38 50
14 16
26 16
22 61
22 35
18 43
29 61
64 66
24 37
47 51
7 22
36 1
12 59
8 44
35 63
27 19
15 29
9 61
39 34
27 13
50 48
37 55
63 24
43 28
32 20
28 37
13 39
2 27
2 27
16 64
64 32
55 17
36 13
3 52
35 61
40 31
27 44
5 39
30 10
42 10
42 20
59 66
51 30
20 3
60 62
51 33
45 47
38 52
33 9
63 1
6 53
53 62
54 21
5 46
65 22
40 7
6 38
8 13
25 36
56 9
66 7
8 31
52 41
16 4
34 63
43 59
26 3
16 36
65 5
51 17
51 5
10 19
65 15
43 4
10 2
7 47
61 14
8 37
9 15
5 24
46 5
33 27
48 27
25 17
9 37
27 14
41 48
41 30
12 58
38 19
25 38
59 31
1 46
29 24
15 55
65 25
2 54
48 21
18 46
24 7
25 65
15 26
57 25
8 4
66 62
49 42
12 63
49 50
38 55
7 6
20 5
27 4
52 26
26 41
28 49
28 2
37 39
25 14
51 3
2 49
55 19
42 55
30 66
52 38
38 52
34 2
1 8
22 10
17 48
64 44
26 39
35 5
66 34
51 19
49 63
66 27
27 55
35 49
8 14
58 3
38 25
16 41
6 2
40 20
23 24
17 24
35 57
12 5
6 51
38 23
25 11
48 60
38 63
6 38
40 7
61 8
28 63
9 36
2 12
37 39
27 26
40 55
13 54
22 42
52 41
2 48
2 61
13 17
63 48
1 9
36 25
7 21
13 30
32 65
32 65
28 32
19 38
26 32
37 23
18 28
64 28
47 27
59 28
56 36
65 42
42 35
51 22
42 1
16 42
32 58
40 51
10 63
32 46
13 43
63 47
20 52
50 61
32 33
30 54
42 18
16 65
21 56
32 13
53 54
36 29
35 26
61 42
41 8
57 58
31 23
36 21
1 36
11 21
47 33
6 12
13 31
29 56
7 12
6 17
24 63
1 27
39 48
44 29
32 20
52 61
40 61
24 23
19 26
25 56
5 62
25 6
37 5
4 36
11 47
55 11
31 19
55 9
42 63
21 47
19 55
42 5
20 35
32 34
5 30
49 56
44 14
63 28
48 16
62 23
29 61
41 57
58 39
29 40
20 28
9 63
60 26
4 32
48 52
28 30
5 9
55 32
51 21
60 39
1 5
13 22
48 1
28 51
45 31
23 21
19 34
24 5
2 10
28 11
43 35
9 40
49 27
40 13
45 2
52 50
29 36
55 35
4 26
12 42
4 15
65 5
65 44
29 54
30 59
2 46
63 20
59 35
2 53
48 19
10 6
39 52
24 21
11 27
57 37
9 19
40 65
65 25
25 42
12 66
25 60
26 25
33 32
64 41
15 22
36 51
58 49
7 3
5 63
27 47
35 5
1 16
60 36
30 54
5 64
4 64
19 66
60 51
41 24
8 37
20 17
8 35
41 40
40 55
51 49
10 63
56 15
32 4
59 66
56 30
60 10
22 24
7 15
28 34
4 35
34 29
33 14
59 56
38 5
6 23
48 40
9 11
1 57
16 15
64 17
23 33
39 11
37 59
25 59
38 5
39 17
64 31
63 45
39 12
44 47
46 6
34 62
38 64
26 50
52 2
54 59
2 37
2 19
14 62
49 6
55 18
1 25
29 17
6 45
31 15
22 31
44 9
32 55
39 53
32 13
47 62
33 48
17 4
41 38
49 59
9 15
61 57
20 52
17 56
37 24
20 10
26 43
32 47
59 20
51 59
43 12
16 2
25 20
55 39
52 17
18 54
16 56
38 6
21 13
31 52
3 9
14 30
29 43
39 35
24 47
10 50
56 54
25 46
34 2
65 24
15 22
2 40
57 8
36 66
54 55
21 27
62 4
14 11
28 57
28 26
13 45
36 25
55 54
15 49
25 62
57 37
43 47
25 66
16 7
58 66
5 19
41 52
40 43
62 40
32 31
32 21
49 40
5 53
40 33
4 60
4 7
51 52
33 3
44 63
25 41
45 53
9 15
63 18
13 24
13 18
9 35
21 11
52 33
32 21
53 20
59 4
13 66
10 11
33 26
23 11
27 11
13 38
64 15
33 2
24 23
58 37
12 47
42 21
27 2
28 15
41 10
29 43
54 18
18 51
16 45
62 21
7 1
3 25
13 29
38 27
5 19
32 33
32 60
49 56
5 7
21 39
11 17
12 54
63 21
29 39
43 56
15 31
17 14
63 53
34 62
35 62
32 46
51 53
37 64
9 28
28 56
26 7
23 31
56 4
66 65
37 42
46 20
10 9
21 50
2 12
4 65
2 56
26 19
64 17
38 30
8 64
17 3
12 60
23 59
48 37
66 31
60 13
42 52
10 1
46 59
32 4
47 32
31 28
12 7
50 28
33 27
23 12
15 58
41 50
29 16
32 41
34 3
61 30
65 17
14 34
46 17
34 66
2 23
16 8
37 27
41 49
18 56
28 32
30 11
22 9
5 21
37 2
46 49
54 7
50 46
54 19
15 36
33 46
4 32
8 14
29 32
65 37
57 18
45 53
11 14
8 48
10 27
17 14
16 17
18 57
39 9
7 24
11 1
39 32
62 44
10 26
49 31
38 27
41 56
23 8
46 45
15 53
47 9
18 4
8 1
35 9
42 19
19 52
21 2
