554 2442
352 139 420690931
269 68 166807465
1 456 346122624
283 370 717040034
304 536 751784440
1 449 187497125
302 448 720665235
518 246 867608722
87 1 151401224
249 1 941831727
222 428 690867853
264 291 23800692
1 258 151887756
253 88 294876557
140 396 791055970
278 81 619562366
105 290 148010277
110 400 197034275
273 539 826107985
1 286 438913089
163 220 91789795
525 464 796344620
534 538 538062993
268 413 102526962
146 365 73435561
377 352 920997044
1 193 136407351
1 16 615117260
262 1 725226101
1 350 519155274
312 24 760796580
96 387 789869059
1 108 686659987
268 258 191797077
221 226 1300700
162 166 476502597
242 1 15192993
166 298 451494979
461 1 230831484
310 235 439382484
255 467 174770012
223 336 708285043
152 107 269810125
1 340 316021905
346 418 774265744
1 209 707531345
204 228 983287195
143 298 327249712
171 1 994251113
149 257 127421545
303 177 715683932
451 219 645085082
1 298 642723999
122 541 757020232
1 529 165331890
270 350 541927345
1 396 784501299
252 314 41994600
431 1 964536358
1 165 809844390
1 156 475003115
367 10 631279684
226 269 451308259
1 530 798237761
277 199 106620553
248 16 170133619
145 64 453291497
207 242 359958755
239 1 986923360
523 340 530144360
214 268 740600371
258 330 191968850
234 311 411120444
69 1 53681540
420 356 691319314
66 476 491334883
110 471 448233699
360 1 55821809
194 232 865460863
280 126 418734860
1 422 172702478
241 102 735671280
349 536 167004059
258 122 920558249
232 481 968690505
312 488 8449577
140 128 23731711
552 549 657227980
501 285 594452417
153 337 176836204
199 167 788965286
290 331 275653558
1 113 793059301
264 62 339855893
211 528 977722733
1 439 466118051
1 262 226861640
257 236 888459889
115 1 921816098
215 521 749740019
443 202 217667498
440 287 924217274
53 1 302100125
222 1 882064416
498 69 504064271
551 36 599105330
61 25 923439884
482 1 710420949
344 526 220086062
497 302 931563297
210 1 767065740
112 1 562812012
1 273 851213578
532 490 556438784
503 269 655471654
522 503 975148026
337 355 525031504
467 1 40758631
72 396 788466614
142 474 803110511
208 320 761897227
21 1 666828073
328 18 690416726
1 453 467553299
110 487 446404309
433 484 889604839
190 53 866433059
41 239 197096368
222 1 641825361
347 237 435874537
214 417 114844429
235 409 850384475
400 1 534053476
42 137 999259625
513 1 218227633
1 399 516342531
1 55 530264782
168 346 711046487
446 260 855424687
295 218 947017833
82 318 459837978
531 272 897751450
136 396 411308206
53 184 411174323
377 306 704546821
189 485 197512216
27 37 25029948
328 134 800891995
128 1 827952039
1 23 409324257
110 50 72566123
253 3 228009114
402 280 193049507
1 149 644000724
544 1 96429720
524 1 2672019
351 551 667644854
1 230 49081241
277 126 510767373
444 495 474325889
76 510 561758503
79 259 92189851
139 368 482585375
349 465 566296084
401 528 645169072
392 194 681723331
124 1 167762862
148 546 7325455
542 1 326087163
414 249 737502811
448 1 910246298
228 464 533544557
248 8 765284415
171 104 718721025
308 116 369974945
148 491 861944212
242 46 917168001
335 526 756462015
470 1 346158848
486 327 161011536
289 489 502799428
264 162 267748558
367 510 21436147
1 292 246401927
519 209 554920183
227 1 701736382
88 528 460863725
371 387 738232197
1 196 197382399
435 347 377740916
57 433 86493115
1 97 556722181
138 391 441527812
50 537 33025856
1 522 64684780
1 257 6688095
418 440 788973714
140 405 967452258
79 154 535333547
25 452 380692976
1 209 231288026
221 1 602520538
171 476 522763498
531 146 971397712
336 520 127850682
7 1 103485731
470 10 916303832
273 472 221193607
501 222 971643966
388 383 393708216
104 297 539767641
56 1 788238121
508 449 672403976
541 348 858365193
449 136 334776874
321 173 914042278
382 193 829494878
13 514 890396765
183 342 254113206
394 1 565851745
58 270 958212908
29 435 221320307
1 455 75602309
466 161 373999840
444 1 993229506
513 502 810832956
357 26 378042048
64 97 191855280
174 384 977403437
211 13 919819968
547 490 84016726
322 1 663035840
1 348 251696122
1 337 863874550
123 163 427486649
361 250 59362311
129 508 458309687
75 281 574886431
309 532 290629341
120 94 590215846
380 421 305453604
13 127 765028319
507 228 464638445
374 344 585673802
384 1 270423466
1 151 281712665
168 512 770460496
222 69 497608998
381 532 703384173
17 286 606907357
410 213 86825715
37 431 298056163
13 195 771121354
161 498 225195824
474 453 458842591
522 42 490868823
1 412 563707228
1 433 559872360
499 124 424506461
1 81 538675514
200 405 291647636
1 197 542991193
376 394 380384221
349 343 622299045
384 276 154337426
51 80 955837539
1 487 317910929
390 256 907991825
545 418 689626372
371 1 941278349
308 1 124660433
227 490 100043658
171 214 80682629
451 419 595136534
529 1 104967078
465 527 952322330
135 1 965884196
354 1 843277490
58 370 124389591
110 1 14380471
1 83 373518283
491 488 470043612
200 1 464857716
538 331 209040613
526 303 289545344
433 1 611437492
239 393 298608241
330 499 103571564
343 469 215124395
130 509 200062346
545 110 813465775
334 305 990539719
88 1 82128378
382 294 987945791
215 42 452871973
94 333 326706586
1 161 718134239
26 422 106556356
1 12 2689090
157 261 425047553
164 330 439059121
73 111 518755869
415 164 213495508
344 499 999846287
532 432 882559735
411 357 328318747
443 1 817602777
1 414 87257623
84 1 858365532
230 157 772059744
479 69 60030570
16 9 786125282
360 334 205643640
296 514 744718485
1 465 910690958
123 431 208543878
532 57 656980566
435 10 245417761
133 1 646937693
264 1 153247909
34 192 236942219
425 226 789865798
204 215 260385152
143 225 239741980
239 1 486575572
84 368 980382392
460 1 490014733
1 150 916504461
523 131 507797048
12 1 215047732
174 468 340407310
342 118 808594406
288 1 977803341
308 125 880069233
21 248 716734235
230 281 876280192
441 41 482597835
6 173 790171353
16 509 897606562
92 259 537526865
480 1 840427750
275 1 872045855
247 86 564122218
1 250 363397561
1 23 250166676
136 112 546182801
1 193 687999861
256 554 604388565
156 408 261241408
48 548 743248380
66 1 754184676
392 334 276699888
305 23 44448006
457 524 853015898
4 528 914497811
22 219 605958794
307 199 152549256
1 128 980534905
278 1 381525036
341 434 385005755
1 142 291425655
418 60 642502942
535 334 392108548
1 362 618752318
87 520 884589486
55 257 50575233
21 368 919301485
1 13 609639548
380 332 592254562
1 541 936268894
228 524 580014039
1 445 86155450
1 79 736508958
1 88 889498789
415 1 665353367
227 395 837282868
56 1 128125184
132 479 568499607
302 229 326909281
522 461 315634059
222 236 703176321
543 281 226425847
356 1 236465419
259 246 651583980
165 456 691457007
88 212 713692035
1 445 722794210
445 543 378574194
1 16 655093227
464 1 652489274
172 26 798593510
161 1 605573459
126 233 524027075
325 29 439017348
509 209 788138693
277 87 945835574
280 137 993909859
513 469 867863460
391 82 434629204
106 248 133678396
479 301 678249978
64 395 655600739
63 504 9628896
238 37 941961473
1 240 346711283
294 85 87986022
1 429 197990367
104 529 501566766
364 55 431339547
536 527 106786475
386 433 588615432
207 310 181659357
1 121 627825832
498 1 906849514
70 17 347218132
130 25 757233060
354 533 548178297
106 1 379174218
1 337 98571069
78 284 934745393
412 407 785502393
189 1 737704698
37 10 401973304
54 36 82685557
373 429 653800215
69 349 976937818
536 145 562902730
1 380 885678422
1 546 798093576
508 1 812693567
366 192 717362189
170 472 92416759
1 335 442262777
284 67 245892748
333 20 210466344
388 427 51947571
1 104 638180527
423 40 198191558
62 405 945640565
377 1 137046641
26 1 342203788
164 487 351832669
258 356 390909469
278 188 108409652
259 257 292004237
70 1 983378432
242 77 540201073
260 1 639461861
229 192 945765993
1 170 230817413
273 74 578650786
106 56 868078200
489 470 319017284
525 199 745158874
48 338 894991156
167 1 270897596
1 544 409099030
511 104 628719923
1 460 779052891
1 170 392479057
423 499 386212322
1 281 978474524
1 253 127343328
540 1 308956757
274 1 763720381
77 24 644740867
56 1 469206960
64 14 326594728
422 266 1619949
210 201 546561318
340 155 92654948
378 351 239901685
200 1 347651730
349 1 333286471
5 348 893800587
412 1 767055471
300 364 629108404
433 346 541825869
60 49 909878998
518 266 478425254
493 365 182829467
448 314 527039253
354 287 718502739
123 99 67036283
357 1 112444978
375 1 611647514
209 1 225921448
425 213 789681339
125 168 125448840
543 270 783719999
450 119 413496752
95 424 228409703
203 536 239371611
523 541 736838508
9 195 565172019
276 275 727206674
328 1 350378790
449 1 565366214
165 501 519116077
393 95 919911386
397 100 4179857
355 205 51212245
123 330 929573370
496 1 953473174
1 74 910866954
271 18 982633640
487 443 958847930
14 1 587587243
551 1 160992990
358 1 249218463
1 153 648500344
515 24 242144282
366 390 278187131
1 21 435167118
208 293 126458726
471 394 396552068
350 397 471064530
79 291 370690069
379 85 163259134
131 346 71740688
48 171 508315135
278 506 151015399
13 407 816263491
1 471 390884461
471 1 263643573
430 240 455315028
415 330 882169628
384 237 623871892
278 511 341936030
1 350 165167618
154 207 545899209
10 203 335486537
57 282 682277696
339 122 624315219
519 278 747785218
1 417 224617213
522 475 676726355
262 1 693341157
1 250 691385285
190 1 291469292
370 506 121320555
283 411 813834754
361 537 830762021
1 147 131405909
459 336 326122165
549 338 657052986
226 131 229638613
62 498 854738326
426 401 467375652
121 494 417625235
528 237 439095859
1 404 703605815
228 1 729234176
295 131 532337714
336 95 442796697
125 339 780807523
1 452 126355207
451 70 579081804
161 317 688809827
210 52 856250859
153 122 58318028
8 1 407131672
173 1 963359012
100 356 75683599
118 8 590831534
203 281 405748257
388 120 698393573
1 542 571108684
541 7 721944350
54 182 298600916
188 253 636909590
28 446 631267082
1 186 341107830
1 276 623665281
256 272 791322472
335 219 63169228
391 461 987748132
76 208 476515456
1 331 127604018
196 287 683707471
219 321 897832796
145 1 600709740
342 226 585212111
481 1 904174574
150 399 127337212
504 332 44436646
340 487 233832044
18 1 276799566
42 1 917997647
542 448 948193611
330 27 560099209
58 300 616983941
132 401 853073072
243 382 964960470
213 373 495917618
532 241 269765379
479 108 171434771
1 90 543238257
141 379 647739037
63 386 921462929
479 33 948248920
531 1 456612708
216 354 946718852
387 52 202753549
298 1 126848683
1 33 220154703
537 392 347155257
1 327 212736764
49 420 992673537
502 510 112029789
159 1 325033406
68 1 773498139
86 1 951519202
1 309 675513621
88 489 622377037
1 89 164950109
1 74 349397055
427 177 871686008
114 133 741299024
554 257 794737244
91 245 56419983
1 332 50393101
115 540 431083978
53 88 314360217
57 4 722915772
538 1 202743116
502 410 928424657
1 469 296818674
261 404 830547518
440 529 978204941
466 1 787178540
477 233 261480909
266 472 910549784
177 395 741177988
534 470 666980027
232 489 677183236
479 1 86886078
1 426 219733351
44 444 824071636
364 538 11419085
1 347 388940627
422 1 870584402
396 288 241662819
1 42 109681206
443 414 855828518
364 486 335185052
281 436 525143736
523 482 494018703
306 218 683457936
273 249 491564285
1 212 348964051
9 408 739444813
1 245 436931752
72 346 824927696
168 255 842676340
410 162 143398625
29 387 723281382
384 18 819434609
410 285 138735437
188 402 714883054
406 95 835835170
355 490 782122913
7 504 78196763
145 448 422136933
183 1 529652280
174 523 763271586
185 1 455539793
1 274 815429122
170 385 870756641
481 1 807067755
232 1 850894267
1 405 303091342
310 222 750058498
355 1 634285358
82 193 433019020
1 44 227002962
537 1 270760701
359 316 823975342
533 1 753125616
1 541 565575163
483 402 406840212
424 118 183291584
169 1 660870667
73 123 933270619
263 1 523936161
158 474 154830077
423 1 245978071
1 164 62873931
58 1 592247565
364 63 547201234
125 160 321869796
369 1 856532760
121 190 330373809
30 470 351114343
427 147 435208875
228 468 517641972
1 436 290876435
326 225 411627405
497 180 691633165
1 64 214008599
274 150 4351593
1 100 62276710
1 552 76991508
291 214 950530375
279 1 603711374
43 413 17862274
282 378 926904608
413 284 548156792
308 453 173226241
473 384 118927433
552 4 207365246
230 404 413714869
169 389 647235057
159 509 979597916
176 401 895238131
275 216 641720485
1 209 838619892
463 517 581766866
32 1 959345613
1 474 978072420
177 283 209822185
359 401 763125324
368 400 480246747
1 541 852804141
1 179 599343541
220 307 712578411
1 154 527581727
284 192 525629769
1 373 295483188
363 111 923432106
411 1 743683350
459 489 325113681
205 433 927927009
529 471 649832361
74 279 711251101
23 536 360704235
165 163 158942119
162 318 608630720
517 256 183875908
320 311 741145253
21 282 55657022
69 444 115833040
539 276 468292354
469 38 842402040
1 45 888814447
541 165 905214315
277 529 783481620
1 171 927919275
554 26 853594716
26 1 549079356
155 1 929886551
1 254 634787675
279 375 155716109
255 280 953232975
235 151 788117197
301 311 820266646
286 1 517749524
185 519 96228150
239 1 46697612
60 1 455140926
1 75 965248494
180 397 476137259
50 1 968533020
1 354 870959134
277 151 299179305
1 489 622184813
462 1 619468219
222 390 540589505
14 382 428084355
1 204 467222576
388 515 14553896
393 271 875241205
427 402 661159723
34 1 197543300
285 22 881884528
183 300 387840719
249 348 173007551
142 1 824313045
1 442 670139204
224 145 763783130
469 545 654800645
82 415 643490921
472 126 395380533
1 444 88099209
330 261 933944815
345 262 1978820
551 142 944091799
167 1 630952076
230 506 888390206
1 73 210294860
539 163 17874470
1 136 829328018
1 305 543858584
511 487 472578158
550 248 170913419
113 109 432088227
57 1 145445029
1 11 392464354
313 1 997508920
489 21 423618666
504 1 654364677
175 539 245960644
96 271 170229640
11 133 10984820
319 393 89309495
110 1 966803339
128 317 359762599
396 102 747892325
133 46 95517921
235 527 699941217
488 501 815862276
411 193 870685635
294 462 213508705
239 443 199848742
325 393 773870426
165 1 284576776
160 507 404446111
287 61 437384792
377 192 573498040
161 185 418089207
550 231 781607346
333 491 251701437
505 336 226202805
409 163 465800247
306 255 571089122
429 173 596933391
160 1 985442482
446 472 666568029
506 370 10709776
114 508 656444976
346 300 63591399
328 197 533938805
506 1 9525906
1 502 866704996
1 160 315905870
440 1 724601071
281 1 277610214
213 208 694649106
4 471 911172219
45 485 308375939
46 190 631347153
158 360 909884316
351 178 698501626
371 448 929389913
493 155 988060202
478 425 800118206
5 544 155710590
122 1 416154144
104 268 3425902
166 479 701754077
531 1 946086345
61 62 25138755
36 247 321922719
77 352 698149331
458 492 63220427
188 359 665642606
71 514 147425747
244 220 971404398
1 450 238941709
114 1 670473116
316 328 126154286
536 1 796323496
27 159 6715601
119 351 697315500
501 247 53409187
407 1 448978842
59 195 998009886
441 114 207402230
176 110 391845241
161 229 42840246
507 1 336944448
1 499 450280455
285 39 915901214
119 186 614251268
1 60 636849273
396 260 982459192
1 167 893889847
213 1 258193317
202 99 146585751
248 1 939124736
1 386 171241228
1 509 311425261
320 541 768124279
25 70 356513001
409 371 60956416
111 52 640790897
407 166 247184470
415 1 493806180
358 516 932350510
259 1 376078937
432 41 187070623
440 120 176201864
150 250 473634823
1 87 366983888
237 222 736432173
103 423 546075584
34 73 981138046
509 1 424571933
360 1 148091521
298 407 159716873
132 543 641914502
109 396 766249749
432 66 778065127
343 532 630604964
449 304 76956076
307 414 357531650
42 281 206310108
1 83 696488902
190 243 370953635
465 485 546278766
480 1 719274400
1 209 844423421
422 436 129877199
70 113 295332342
145 424 660546390
456 200 749233191
468 1 440297097
1 438 180680479
377 1 670316255
444 247 909032319
553 259 381196526
497 210 577001971
106 536 235454604
468 26 283279007
1 421 654750393
180 460 505940818
117 390 90882703
504 100 585445114
1 71 266332134
188 344 882278053
144 137 458509088
361 118 700132743
516 404 227532448
262 345 314291746
157 372 470393752
1 238 233971855
246 106 28895958
1 199 992942039
247 205 233642228
118 333 765108548
135 316 132259372
518 234 494705986
530 288 78239626
449 181 627446698
1 500 854536120
522 1 932129141
1 216 158407205
369 285 999497079
76 449 120492500
178 1 947229987
462 124 221139061
513 1 875306384
233 177 605068896
508 239 206775595
49 147 438491498
1 72 609596790
65 225 445293141
1 362 390257346
1 362 835437507
94 326 402691437
515 258 483067549
478 1 805198586
350 1 218236982
544 501 864793001
1 469 43146896
413 169 819964772
387 171 683763687
527 417 521074203
121 265 191680853
225 245 831669370
532 53 866314247
119 105 836239388
260 518 792312910
489 74 864166369
310 410 261342519
280 135 706425441
430 429 613527292
62 317 611081223
414 30 40336094
312 164 461380493
1 510 723407229
472 50 93596394
434 465 63860744
512 1 95547467
1 533 174756419
186 454 330962381
1 334 739434492
326 510 460475877
186 242 78826985
1 311 551075219
245 520 785576169
499 234 188079117
253 223 879963178
1 490 676097162
1 396 830238696
393 37 193367296
241 542 338069316
337 229 613986880
418 288 768106409
167 112 747407915
461 19 9616604
1 486 370474053
132 322 583858638
250 252 84864065
1 477 524591248
419 489 125797308
241 35 846645786
2 212 460512486
471 73 425833040
438 473 738302120
456 464 554898530
1 456 650085073
507 1 898879061
256 1 24430929
255 501 607150830
284 140 51848651
523 55 144361604
196 210 620354288
1 435 367025201
513 75 175722868
289 1 670559394
378 279 994672012
262 293 92228998
1 474 666844463
314 1 628100318
496 427 501884047
365 1 277913309
154 1 550845147
107 86 285706310
228 105 22843479
1 132 84573009
478 1 301136786
217 1 336141823
204 322 156311217
553 1 650679611
553 523 115575995
232 491 396736186
551 312 958094846
29 462 649402670
542 1 704087978
1 164 685100658
444 425 295392715
152 1 965544776
1 428 744273320
431 460 600313715
95 49 986475564
531 102 528491424
491 175 250114645
145 357 615045354
462 152 757019364
438 1 490886573
182 349 430939749
144 1 150620022
282 1 897090622
191 531 361350491
271 513 496516086
517 345 520152256
86 420 3037311
472 390 32207688
1 216 22373522
124 140 195633792
403 123 275129388
431 491 44881582
361 348 136020564
118 407 785887866
145 278 155145500
167 455 991417304
356 91 344294563
1 387 981894371
1 459 873980988
110 8 81824072
20 494 561715990
1 224 646910593
1 503 567021863
501 43 713983451
198 355 142076818
169 1 433569652
19 1 838161538
398 5 550917525
298 236 749321234
281 132 92383831
500 1 403695742
84 1 813812181
379 340 138243851
161 366 617883145
160 1 246819613
326 506 266947252
1 110 798193440
344 504 208088636
381 93 933871220
516 119 712962667
394 3 820198526
1 229 864076318
249 1 198715272
38 181 440471551
439 87 43982918
216 272 138323499
43 290 664868169
119 139 272984440
473 167 245497188
1 108 599598885
197 393 65338104
259 283 287623029
1 33 475229940
503 14 757521805
455 1 734150644
22 251 484608886
518 188 893909105
88 92 832425184
337 269 839843813
493 1 478572122
502 25 506443452
391 153 633730812
1 255 34486709
332 316 299838882
501 31 799244342
28 315 2112707
379 108 131967073
1 130 696963648
290 1 639235806
408 268 630000175
33 7 250076389
229 212 333921466
135 275 545337904
393 479 222708721
218 406 417132499
393 221 527778718
350 76 36862192
493 1 554368924
404 120 212106770
180 1 693683195
92 227 894543848
135 113 951278820
167 28 472248267
41 109 779918631
37 287 870025206
1 328 797318005
145 1 300370304
201 469 912034197
91 55 102783847
231 37 165142956
324 58 29377598
74 29 529052752
1 232 141599929
379 81 770679489
13 1 971154741
24 404 153275163
416 136 897345106
45 172 353934783
1 504 757247491
480 424 454664284
352 334 580696029
1 470 150682706
244 255 720047926
477 1 601114879
1 66 760376277
224 211 762940722
246 211 416701703
1 91 437583991
1 208 318854887
82 198 578570
112 264 831831852
275 100 921377970
550 144 819479868
1 370 381302891
473 282 744877155
1 532 732569146
1 500 939162176
169 195 830513323
358 312 449844833
205 513 441906470
281 60 529274742
222 137 446219894
322 1 569823879
158 1 454657898
44 249 172014206
219 1 304798260
136 112 838165574
428 444 11002587
530 316 812391458
141 41 279933534
94 324 258079482
405 106 835681581
1 148 443618710
268 365 441253292
1 267 137861917
354 140 892691105
12 259 110494164
220 384 925942139
296 1 404910175
2 116 205637015
373 478 844515359
1 273 9665781
408 400 49968432
343 496 584412549
354 277 714856148
445 543 705543856
476 370 95100652
23 142 807920788
1 284 466005256
359 425 705835851
258 1 290566541
404 1 658452282
209 1 873145694
1 266 530240433
490 278 209679048
92 202 352869463
71 35 840334583
44 463 840038292
351 1 700399363
342 289 389529501
387 90 418658686
433 313 548114468
160 400 210795435
524 1 5665753
129 1 181672759
215 1 546168480
412 48 667283800
514 300 447090749
143 370 987208581
11 1 946453675
1 339 529152550
318 1 165785792
191 525 851781630
435 279 217556828
1 538 620550123
1 38 426527655
268 229 602171148
534 125 505939875
224 243 76799296
152 495 944212592
273 205 933790693
392 1 397672745
524 1 379638224
240 149 229059250
141 238 710552040
542 1 453675143
231 445 788610765
298 1 207404213
1 45 328796612
102 82 855853722
8 54 178613325
259 515 628890326
1 219 283539571
262 538 254420332
552 538 718281674
1 453 778427165
219 1 31503958
354 47 708015995
421 1 215694678
324 543 349917270
98 38 969488316
1 544 81897607
432 443 550155541
1 368 157375150
90 375 871330842
26 142 237098537
261 58 596959662
319 339 789727564
257 152 150952449
19 1 279300879
1 334 535199171
448 159 814393800
539 266 929569992
32 192 425978779
552 365 935153661
318 1 188423568
275 474 472917608
297 171 547231677
198 1 882201117
1 343 331912760
38 64 583003801
445 462 206831622
264 412 266385088
148 253 185195145
1 554 380123296
270 1 552776285
1 476 836938474
128 1 650332219
384 202 228969234
448 125 185603320
26 273 513711888
1 161 341998904
281 306 933905178
554 20 752433196
1 311 98044714
77 12 502579239
1 124 45881914
309 509 487419205
461 341 608990588
372 548 200557178
418 406 522332075
206 453 895677644
170 463 278305179
410 199 35607176
428 160 289615524
489 533 470958867
179 383 841796278
133 429 430945796
237 496 417646295
1 78 69873673
446 1 80672408
231 407 322450062
450 231 610309035
279 270 972108404
339 483 19138034
56 362 784013291
24 1 406192396
1 305 650032389
548 353 577867752
1 367 920408332
157 44 787102607
343 1 566354504
41 286 200785148
1 239 183525665
542 372 889123657
434 1 180909312
410 106 864336636
500 1 896450163
480 376 316863469
170 405 822984603
13 1 846469887
244 1 359082765
65 1 397777018
248 1 867760473
382 489 608917333
35 420 576219280
109 14 520523593
49 1 94017362
485 511 368480083
131 71 15959919
226 1 299631726
3 256 531210967
274 476 874027747
93 371 507551545
153 432 66025649
218 1 382044969
61 82 723657394
161 315 97209998
289 420 895948996
258 47 923602172
537 431 726086144
463 267 638807549
344 469 673509446
224 318 749100652
316 258 773161873
273 386 33914700
547 1 668921766
429 515 374516425
305 486 523792595
503 390 518982202
155 245 190853043
101 403 96125755
198 545 863317762
423 333 142838076
240 1 300657795
1 46 856589239
147 210 912025388
68 1 727426360
529 1 805854821
291 68 41474896
91 313 526435573
474 456 314733120
472 530 275821444
178 1 232398598
548 477 132858020
33 348 233119266
65 168 422865722
292 107 78281695
58 251 974382692
1 503 527877923
393 278 360476382
529 215 222492078
451 371 558632012
431 404 374458949
252 280 213194631
283 325 340460255
317 1 519220962
443 78 425455397
15 450 142504723
236 410 900485018
289 164 746140703
1 186 494582896
444 171 212262261
344 395 760265273
357 536 97763097
480 381 788380605
1 147 50307091
1 540 151477899
27 172 717363907
167 100 938507464
153 319 382717493
210 534 880000707
255 225 42492570
320 209 491227568
287 351 763541580
303 263 660156702
266 525 486209067
152 544 716991530
415 1 228810325
49 331 846537834
461 1 181879142
233 39 52630701
1 547 832504847
377 137 168164948
456 1 13514190
480 199 363722323
312 270 713282869
217 22 944147790
538 1 172924116
466 547 356648824
405 269 142833666
315 365 785289128
263 401 787445249
125 302 396290590
338 1 141274218
413 135 930107394
1 44 86792714
310 347 492427069
1 479 722522624
472 538 811384421
251 347 608457923
306 65 253652851
1 372 36467756
408 1 450937425
404 1 628890569
216 60 404732525
265 427 227689913
52 1 732807764
47 210 134474186
1 44 398471829
357 250 923628764
1 226 685796739
498 93 946151659
67 1 790768613
379 4 710458222
454 277 215467311
507 1 297270808
363 369 362501180
358 469 538810569
340 532 711192289
465 428 766902667
33 48 845215590
1 253 965583580
135 1 984494821
1 427 866290027
185 184 451565871
464 1 649285966
128 1 997789201
456 8 340898909
11 36 983550089
239 194 695939403
264 347 499270625
243 313 793101119
407 296 12516387
453 530 741717954
1 204 490594303
145 235 494945974
191 137 442725973
184 481 152767785
384 256 316296776
454 549 71548634
12 237 619153178
332 529 87913316
1 425 927992423
473 520 663042491
1 506 187094152
175 511 132094785
151 514 53957526
315 1 506254158
17 498 672692723
218 88 186747765
16 285 482492856
7 32 609723295
383 90 125191333
262 495 899241609
56 254 89709793
85 375 866297812
309 118 539338290
38 177 216749972
207 505 696658091
299 86 114629628
429 336 331003388
554 178 419421928
1 270 812139035
529 1 577591089
238 116 9208652
538 241 988071010
551 178 933799766
488 517 543246805
64 1 188095484
248 534 490644845
311 468 55982313
266 1 569196725
1 429 373549102
178 1 122911302
445 164 389366148
94 471 581246028
1 56 344003440
135 291 399965728
92 449 387025048
246 1 357659025
394 1 40821617
95 297 387203903
149 207 937218937
26 530 906848392
113 111 584740812
321 1 195290960
259 32 883241251
499 399 977781055
252 496 875644423
234 1 893689066
179 350 941594034
1 393 592314848
17 1 707826628
1 27 740341370
1 24 427491767
1 156 751471498
1 18 540456379
121 535 292799536
1 365 500079406
70 95 957835984
1 512 825394873
369 332 985237362
263 442 149478337
424 410 105515199
66 267 549805247
460 249 572284359
243 145 136579054
1 303 661042711
364 402 5512929
206 181 211994313
1 32 250206311
267 175 346379389
469 372 884738542
1 547 742176056
468 217 543421433
440 54 450846360
267 303 482842841
451 1 498636071
85 372 760625347
295 1 726733279
1 466 416411293
514 1 114260813
22 410 714855016
165 508 342699918
177 1 878628610
272 1 342119228
39 93 213813081
148 504 906015407
348 113 581363769
515 26 351840483
117 493 836887872
134 281 928812817
72 219 315161208
245 460 53580336
1 509 78400618
490 352 498549930
1 120 458370626
404 522 875545871
328 400 982295566
121 252 450077768
419 549 180439540
121 112 99779269
96 548 196196946
190 1 865717012
462 285 254606096
88 1 602314071
43 94 754240767
274 1 890832455
1 517 517022145
234 1 320968628
190 525 18268949
237 6 481454901
46 123 611349336
207 192 254833690
78 1 811529148
449 259 282512936
75 46 127425062
283 547 730184511
22 182 139287944
265 195 768586702
1 38 435488670
90 323 566210252
502 550 69705893
66 462 37554496
241 455 8327971
258 436 665599791
525 281 849574410
259 228 920147
327 293 45467242
428 520 924340214
330 327 305058725
213 201 823585503
371 35 506374184
132 283 951482888
1 411 473837300
201 520 692115410
495 450 557557402
411 374 59549530
388 208 690651303
1 243 298256911
323 427 170996515
450 42 324465072
98 298 599963436
288 387 501969889
1 89 42666359
375 43 392506663
228 112 719133079
414 121 635600165
463 543 89538013
427 520 976375897
66 147 337568163
356 200 315131129
1 212 700997962
122 248 854385128
360 293 414883539
401 362 944464086
416 308 620283400
125 107 894270822
150 458 208680836
51 519 734642373
383 1 215498759
242 1 240815961
17 164 952631689
250 173 901019130
384 29 999839131
405 118 738940055
233 71 331323847
272 62 850911951
119 301 586767362
196 192 52436997
149 262 180240436
59 48 670644857
397 58 799966235
1 43 533360478
1 222 842484184
510 343 91093054
297 1 5026940
50 209 432997585
23 367 491168897
78 150 153515010
1 410 432369764
460 41 55689015
439 188 311531784
1 500 701816624
519 505 597909129
276 55 61471602
148 49 10217811
83 217 932503595
384 1 416597663
67 1 421881705
12 313 214243305
112 1 639646268
546 85 150065149
201 209 253165302
507 52 823665956
314 140 812857763
488 72 204963027
185 543 394837496
458 495 758761500
469 1 811787906
1 345 194720033
203 382 993819545
45 43 276464658
516 531 899471329
1 549 686845152
242 212 984171877
391 481 196289413
170 354 714339613
220 1 681450043
350 499 279855367
307 539 565588032
6 238 28753730
1 317 676996842
400 1 613492319
543 1 946016497
494 288 272671372
156 532 396175250
338 105 573691239
294 81 569776302
175 479 122171825
331 310 244051724
1 360 711701298
348 304 151278939
80 209 459161007
1 81 656973794
525 27 833248783
503 1 704065140
22 146 836765031
137 52 665056337
1 208 321549011
133 405 184747793
92 517 915061919
221 367 885683811
423 332 899396028
364 518 732717365
86 320 306725790
123 354 171474213
449 1 38574550
238 123 938857161
101 352 706872600
99 381 895061052
172 525 889437186
334 243 660730747
144 65 801269918
119 394 64517189
154 1 10552273
1 286 632454917
1 250 29237700
252 337 304864867
206 442 562777865
533 472 408978200
158 1 386749738
1 205 624551121
249 331 423587848
1 393 177779767
1 326 214812041
198 309 30090204
231 149 341518254
1 101 414019554
1 105 377310310
244 325 810967414
426 1 485883427
445 1 513377172
32 392 994812089
50 205 554617242
495 24 976352229
88 63 677068209
135 1 460371162
14 1 867338520
502 8 363170236
383 324 276248032
521 132 945621770
1 66 713374863
357 93 904882805
180 321 947511892
308 422 186053054
70 1 719676816
175 118 621820982
210 1 931472145
269 1 47751685
504 1 690911065
350 477 683931385
1 20 536236930
526 141 318677488
471 177 701274231
28 452 988228447
370 78 117926243
53 468 595901571
2 297 180127920
425 1 240571073
454 1 717236900
512 164 46784481
410 32 87908042
24 325 45429149
429 84 144316998
76 1 577480654
1 490 512344459
144 132 485018228
342 79 725804437
292 126 204935635
161 421 579854928
483 179 936379281
458 365 105608359
1 195 746841329
448 476 351883071
1 190 684937184
553 252 608110386
1 409 362957752
163 504 142061846
491 204 279264797
373 508 914840495
124 483 951945744
289 1 374092976
85 119 816827915
86 185 447370908
535 475 924844780
196 135 472680873
296 130 396847807
64 106 247457172
1 386 179555151
94 412 335347859
290 435 934730356
347 1 285067933
1 296 189438362
338 240 132487621
4 58 875437210
280 46 613596453
227 485 808060822
1 355 458029061
342 66 108969983
469 1 851437320
482 25 456066990
1 174 607980305
56 144 931906253
90 26 504980964
288 36 473983210
160 241 805821230
417 39 137035655
333 105 266137090
465 231 800673984
190 1 749993764
296 300 831256454
395 1 940876616
264 182 992413851
320 1 862188803
172 499 379966652
515 1 863543818
537 260 563982629
165 408 641692365
215 220 347545552
54 372 273318068
262 1 218762593
1 337 708788722
148 226 448449992
527 313 11915519
405 87 267083256
87 35 689342433
220 327 628112972
155 265 147579419
75 430 690175311
510 1 745839961
193 307 566328277
247 489 159373473
29 1 190756716
92 524 797320280
1 376 480041302
212 116 948845948
450 250 434545943
63 45 644084446
201 405 806092699
160 326 580927121
201 554 983619883
1 451 72128001
311 177 938200141
129 120 332306455
408 185 937983811
26 290 513135885
121 422 818729934
406 1 878378701
539 238 528733373
506 1 639488192
187 296 365954029
264 330 771555810
183 251 47339125
355 438 760798592
5 1 567026995
1 316 134586004
460 314 117885108
398 178 208107967
67 1 219997689
210 38 147832940
455 1 3661660
118 458 835888075
491 1 631053831
241 1 329062868
164 73 313432885
501 210 93404499
553 105 171697490
4 508 35229400
516 241 395077999
114 138 815425484
523 357 593909897
481 399 540046920
88 446 663118172
270 274 708290670
370 238 348201473
375 144 314987019
437 352 913162041
130 401 588872610
292 1 164120348
218 335 424900330
177 38 55911342
1 150 385255134
341 247 235386857
1 295 447925447
233 1 37546863
511 289 190386890
195 88 880076550
18 184 216538530
55 1 383247798
1 498 937339847
451 118 322054372
383 133 800792384
303 342 797731910
93 491 522851135
162 398 714085236
1 24 854870829
9 84 485289864
137 383 509719689
484 61 160059045
407 85 502889238
130 51 907176653
75 107 921033745
1 146 3960749
355 413 427146377
1 25 221080373
323 118 765234111
74 195 508033232
447 255 651995060
31 15 618605642
284 486 313047508
177 10 933942779
539 284 796875496
27 491 670992372
346 532 400426772
436 376 812973549
367 274 323259422
503 1 492577948
353 1 938483167
120 43 261622303
1 52 908301003
3 258 499160767
1 54 659527447
120 214 258529680
469 1 637039421
246 446 71254354
183 392 69604577
442 412 975421419
1 73 282073561
262 249 589721435
5 69 483774419
282 78 870317110
308 397 90798230
43 87 336723331
399 469 764450438
105 456 395802701
1 39 79802026
290 57 968060616
195 1 612343348
1 547 922056496
126 1 903820636
452 227 904996926
30 309 746885050
412 1 430824729
235 362 100531211
1 422 862167687
142 511 795122913
1 61 162103336
36 1 455184748
252 412 88347841
217 309 676899242
1 39 453579062
81 216 363293107
1 368 840329724
263 477 79486371
260 1 878421083
499 1 947379296
362 1 562255567
98 400 799964989
501 123 166123657
363 1 287855623
294 215 596164954
1 69 962157233
20 1 85470571
1 415 577228197
76 1 227899734
343 104 354121066
306 502 713821447
360 489 193089570
172 201 46080333
231 155 581637177
5 1 502931889
348 48 501617694
185 428 129735393
115 93 152790778
266 352 535033314
283 280 243836677
312 240 500245817
535 166 108822611
1 127 672752944
309 476 50112561
483 36 203395128
288 2 380947864
514 63 322532956
358 233 497997542
1 162 431349760
311 214 44925051
289 245 19622018
307 1 7938495
1 424 919408028
216 415 763693238
75 16 484108722
205 247 297676244
177 521 552139107
201 509 358533634
175 1 561672739
355 314 91616063
471 55 345197613
372 485 177102001
259 443 417156891
318 63 909907567
128 1 732683462
341 196 712737389
456 1 652654603
1 199 642278552
215 166 347422833
428 447 454007576
183 1 338823384
1 503 603108053
287 321 393973634
539 134 701313531
337 540 634794148
1 315 770828487
400 99 423238731
315 113 455900851
441 380 499109498
147 328 540777323
1 298 633904196
445 90 433597206
457 52 559014822
1 145 273851646
501 500 937837518
8 496 765537511
1 24 938064532
134 425 341699642
284 1 498182751
145 331 649489552
1 111 231659178
103 255 627058100
297 57 601648143
487 381 929557079
355 442 824981227
304 101 591865088
90 316 734855944
65 143 732526443
1 420 241714080
1 434 251545085
132 1 599485165
1 364 987513092
422 118 264750027
333 270 10225436
459 358 669868614
130 68 248130235
1 465 745378150
1 399 120334016
1 311 709913979
138 144 175181977
158 157 805464137
186 93 711606569
314 51 148667582
309 265 783442358
469 1 147398549
361 276 237207284
499 21 185737141
527 233 870914554
126 3 60710311
13 541 721467965
188 511 428002820
340 1 569796737
1 244 473152137
71 534 899087935
475 331 995198231
384 444 485181466
260 528 468590335
460 7 259401094
315 1 271452274
521 176 34863218
1 260 650735645
55 131 454188680
195 511 260752259
201 97 384860014
485 413 429015429
323 148 420213643
152 1 759624430
49 10 210353741
204 164 151997930
1 91 249369121
17 250 772038945
327 156 920764243
152 227 409771825
428 172 850980877
100 236 733433547
370 190 64292122
528 266 470517812
28 132 581974969
100 328 902221931
450 473 210317660
136 536 417669271
1 225 117432720
62 478 884456786
1 282 80513554
507 1 803782140
485 495 209866447
546 459 244471884
350 114 779625688
517 1 566217569
260 363 850505502
127 290 658542684
205 324 943721734
129 217 253538060
320 1 91862923
552 242 699570692
238 277 148521252
547 281 265519979
1 490 97733313
291 272 323896725
306 504 641982322
136 235 304252406
1 205 333764947
390 1 753423635
251 1 605995585
7 1 977786499
188 1 38673322
82 255 813230983
316 1 186822425
428 344 705233190
1 246 54406726
48 365 907194405
198 241 530483827
66 349 114317009
371 431 725803704
60 99 744843057
1 266 225520116
1 136 509194475
1 260 253046397
178 399 63478239
338 212 646877689
1 44 991728838
265 298 85163238
133 1 810714471
1 87 850571109
430 52 751606411
1 464 143062929
87 1 927875926
1 281 272868894
337 368 366360003
1 554 430850343
1 324 448156201
101 382 480819832
268 237 788107865
1 347 387209723
1 226 479581035
416 129 350238336
543 1 842210974
136 1 398913958
339 1 922779495
145 445 665660616
514 417 793599225
428 1 720908646
211 215 483845681
484 345 217214373
523 129 740102767
534 36 54211850
496 100 295009088
145 374 670942020
170 292 502252171
323 184 693622316
34 201 366522866
324 135 126306524
1 274 553146336
1 302 606506722
309 1 309558887
351 510 216532500
1 372 794792934
72 166 106944359
547 421 998525359
53 74 358399826
1 540 194417570
26 1 530298785
206 409 829474759
318 342 722317848
244 450 588154377
365 549 884274215
436 279 672049074
212 1 772131214
263 367 854275260
92 473 245147959
42 443 563730207
58 235 962768014
346 90 963935967
340 1 287988201
354 1 906910631
177 1 930567104
271 117 851284152
334 380 134078549
41 149 229069657
478 306 507245805
252 1 545040196
522 1 881284274
1 105 556663391
103 259 962770010
1 226 860819763
498 483 12236629
407 260 448247659
344 316 711167344
38 4 594912298
123 1 354763363
1 494 956401214
392 265 845630560
81 1 927965130
155 517 313853918
1 298 92825087
217 345 12533046
58 127 636511356
543 224 327465032
22 170 12100642
86 1 60430164
113 181 927451284
290 312 266816472
515 404 774349841
462 1 896280203
1 414 335593386
352 454 832481068
427 63 537219584
385 171 117335036
177 518 614521108
341 357 781199367
26 15 970274590
152 287 989686807
1 33 236449586
447 152 963986576
325 213 761609610
140 167 727587759
1 433 471489397
177 408 550390420
268 1 488815077
387 41 804236313
1 83 126528963
1 322 633325761
466 419 789078428
148 34 752975920
327 1 499347100
292 341 440780724
369 466 964485122
355 247 258457855
44 1 625499512
31 233 721912006
99 1 389372259
1 254 368419704
363 34 461792063
35 368 433785708
424 194 689570440
171 533 377003757
46 389 584138193
66 175 121552410
214 459 154411212
68 56 186610072
39 90 241087772
2 380 685931463
228 546 153076019
1 484 584182124
56 365 832493825
410 141 641727064
439 358 721269845
279 340 727497802
97 1 287227835
1 288 697368282
18 230 394571912
278 142 572769700
267 484 319312815
313 537 143833546
1 198 567659118
4 1 600520696
459 1 992271861
10 51 787029361
477 493 135203545
23 84 317178627
222 399 655020104
35 1 427092649
28 538 632846063
301 483 525630085
279 1 391398570
191 1 715747023
322 1 672013241
165 1 822048085
1 194 88480890
132 468 438919732
203 414 667356971
278 505 516268206
26 542 215227446
454 266 893454036
1 409 302079531
520 395 765941632
101 233 914385532
51 497 554084638
37 548 311382079
99 265 826557003
475 1 618898821
1 227 630007885
464 299 653834031
271 1 169149037
330 41 447017487
300 455 515979648
393 195 110225491
1 258 842384564
261 1 919797704
276 472 635904263
471 256 59499951
364 398 46046489
80 98 506894030
485 276 86159122
276 75 766398347
46 1 874666304
347 507 517687657
113 395 306149520
1 488 180779804
60 145 286492873
375 122 834892026
297 38 147098865
269 1 266344985
492 456 905079494
46 1 660303309
279 364 199094109
204 1 359826608
248 1 262726206
177 1 148406034
80 8 6541611
163 205 902669011
451 109 283260599
79 1 63350035
456 463 182422229
478 241 916768856
1 518 148832453
1 25 311474323
397 469 679846018
541 306 660984802
212 456 356000981
412 354 769287283
69 402 725505872
544 346 146823766
1 512 284248849
202 497 119088268
370 341 29494059
80 95 947540753
463 255 751872898
476 317 4352606
542 1 248480620
1 467 147017711
54 303 220096604
1 421 941783851
150 1 579725821
1 159 603106298
432 1 716277239
122 169 757219894
239 46 521614383
362 370 132563641
426 290 555936751
489 134 676563039
409 531 797657898
328 1 274450817
190 548 92585032
66 381 283141078
149 415 50011498
1 389 324419103
516 233 952049368
1 419 437280191
354 465 952909757
97 1 841487270
194 495 722244247
464 1 783448864
175 66 528197297
87 125 660179814
1 310 339778622
78 264 453673870
301 125 935092152
10 397 993372693
198 480 61881101
18 437 48233352
371 79 814217489
343 24 559428316
250 255 583391007
1 523 598232920
255 46 898326019
1 237 477417055
403 168 683802330
1 312 999507144
524 292 200456404
319 53 929183558
467 1 561842037
248 443 348399754
541 537 771571621
220 395 734295046
1 310 136983460
546 1 304364245
183 1 833400769
1 352 125004934
189 34 592727364
6 195 317563885
429 485 365626900
156 1 587114338
188 167 72100000
171 410 739394949
551 284 41249206
256 175 502872407
20 52 397309695
545 476 21995838
418 259 455947098
7 410 368908812
1 184 712112893
501 6 145877730
1 71 626259349
439 415 38363645
466 269 109891698
524 1 635803134
183 11 707114962
1 481 228728679
1 85 365787055
483 57 10112845
304 51 813780553
449 545 587267543
118 479 749744113
227 1 349294389
84 1 153844654
1 282 277838372
297 162 281707528
135 514 466420697
1 121 824223936
40 1 38650676
128 453 533198684
383 30 946816394
355 253 172921489
256 280 281991786
513 484 549613340
224 1 164067079
389 216 882777276
1 112 729719743
1 439 348380858
441 495 38254543
423 1 880010933
417 1 736734969
389 503 84049505
384 534 587480173
1 426 870554621
103 550 277717018
66 220 955361128
285 1 812639836
20 376 392181807
369 103 948408057
390 359 689514325
400 31 717591413
162 154 794006643
225 500 328043511
166 183 966269191
291 366 735488024
86 470 885677599
516 55 625374842
113 381 679564794
378 177 745603100
355 193 419404836
1 132 49924633
1
277 28
