134 10
399421 327222 1569161 1860985 1258290 1012665 1400719 482616 1769820 1395444 1331227 1185397 1626812 562074 438391 1719169 1466477 1909403 874326 1233410 303513 1463369 1248475 332725 1108731 884940 221570 579709 1811842 1529421 601953 1474386 702174 224244 668511 181462 1023250 468333 845273 422030 1663280 906887 336067 149548 1314296 375429 1296809 432735 328833 1085953 373766 290210 475713 618961 1752919 926114 952161 1623242 1343051 928974 117684 790461 416374 1407880 1034795 1432377 1292169 892036 1652229 900955 971292 995571 237773 877639 1826987 1363677 740532 301444 1814266 1211232 146449 1216154 692772 1559584 297925 1278973 259868 1007326 174632 1024640 1547063 379113 290386 1564986 394905 1548764 499296 1240163 393150 684302 603640 247115 1854442 1609451 726708 1790467 1453891 919946 1348979 781513 1319953 500627 299875 1206879 1211490 1855035 1605148 273705 1894025 506416 786267 1673811 974799 1453877 1325350 1260277 1827816 997100 1304564 1117796 1306302 1835084 1195424 344241 
42 79
71 121
38 44
84 110
56 118
47 91
1 15
46 58
52 67
75 118
