3 83
300 385 206
31 77 16841
58 18 540
18 78 15282
43 44 72248
73 49 60197
48 22 38986
51 10 1147
45 67 87357
54 67 5281
19 15 48313
5 45 87817
71 22 9199
55 42 55760
62 1 79893
53 76 67251
68 41 33847
8 11 56565
32 56 88046
16 26 11181
16 48 65894
55 52 28268
4 42 40566
57 14 38051
21 78 75898
31 47 83868
10 35 29298
13 42 13093
22 76 71838
20 8 9983
2 23 79959
83 80 70526
43 1 82174
25 60 31793
51 1 18312
16 43 50752
78 55 22205
71 79 35839
38 16 5360
31 20 38754
71 19 87979
3 62 67205
56 6 75630
45 56 85364
28 52 2651
58 71 74743
42 65 71836
68 55 63200
3 10 34175
31 40 14998
82 31 58858
50 33 26727
17 8 49170
44 55 74237
74 82 87826
52 57 6507
75 18 39577
69 2 26482
59 7 32706
67 41 80935
11 42 71128
60 8 73810
6 25 81154
41 71 54008
50 65 87980
28 36 52456
79 27 88187
32 12 43731
39 74 38572
58 57 7127
36 71 65445
45 50 37855
5 55 81563
59 12 14902
83 62 6882
23 9 66506
22 8 88516
60 80 66511
7 54 29870
78 6 62524
24 53 62387
63 58 43481
41 33 67681
28 79 15253
41 37 21234
68 16 41297
6 23 30851
83 20 70831
67 46 52363
17 25 49258
24 68 59021
43 82 52012
43 42 19857
52 72 15011
73 29 42014
50 17 54594
51 24 88386
5 7 2168
14 26 56877
78 49 64074
10 9 51366
57 51 25632
78 22 47027
15 12 36768
68 61 68659
56 2 29210
70 55 38290
22 62 74774
20 76 33752
45 70 36001
57 79 71904
68 56 61626
41 53 21097
82 67 49216
74 54 70865
3 30 56396
35 19 23957
8 40 50728
72 62 9073
79 23 44601
54 83 36333
37 70 36279
73 27 70647
51 28 70801
40 22 78752
9 24 59095
5 68 2832
11 57 56778
7 55 70925
74 25 38401
57 64 10571
15 53 6716
26 21 2916
23 63 29588
73 72 78094
70 51 74940
1 58 71118
58 68 57755
14 74 62250
75 68 43307
52 44 66477
18 59 26090
14 4 33241
38 26 47145
2 15 55019
73 1 29610
38 5 84874
70 65 85187
79 81 52324
58 72 30887
62 40 50856
48 61 71212
4 77 72602
69 34 48530
60 28 13941
63 68 17431
39 54 78344
83 49 73459
41 24 80050
65 5 52871
50 52 2491
16 59 25625
68 47 41542
62 74 79828
6 33 24488
28 74 83270
31 74 9031
35 34 63075
28 15 12357
60 65 26057
75 83 40265
80 68 88221
36 46 43420
30 39 50882
54 44 62920
59 71 68056
38 22 67827
68 59 24557
41 3 59132
18 65 48760
46 56 64652
56 53 12112
26 8 23317
72 38 79663
9 8 27792
63 70 65136
25 24 37
60 11 8657
48 51 87399
48 68 12779
34 33 63641
20 5 85608
73 30 36573
9 22 2716
69 33 35317
6 12 68862
17 37 12973
52 16 56680
63 64 89409
76 31 39868
70 64 36817
40 4 17818
62 79 83793
6 7 1811
69 1 20355
49 20 71855
55 72 64135
57 46 35597
27 35 32670
30 75 19381
40 53 85137
79 61 79608
60 56 88806
72 41 44172
19 10 17193
2 67 14256
65 34 20229
77 64 39315
72 13 87621
70 52 70754
66 50 31637
66 26 69339
61 18 26472
58 36 80952
77 38 18493
55 22 53994
78 15 25768
24 78 28163
51 61 64041
59 46 9134
38 23 77953
61 81 8148
32 69 34125
30 40 42145
62 35 40285
77 7 61216
24 33 40668
22 4 63779
70 62 42860
63 19 54011
73 80 51405
35 12 71290
38 46 25216
80 76 53552
63 54 86159
70 77 50069
47 2 37320
71 64 84340
37 53 30189
4 7 64874
45 47 67792
50 27 10506
67 9 36413
9 78 41197
67 66 40317
48 32 20517
74 58 23156
53 64 54399
44 28 46231
81 12 39130
26 65 81592
31 48 33900
6 59 40919
58 46 72371
44 10 5683
32 23 70066
2 13 49530
25 65 85481
57 29 88262
55 26 64034
17 51 1755
5 2 71600
1 67 41613
66 28 53562
76 59 79244
24 60 29351
33 4 24071
25 63 44630
47 35 75171
78 51 5835
13 58 33478
78 67 14512
39 71 80135
22 51 79813
3 15 79176
13 12 36859
76 25 40805
57 22 34914
47 60 66455
24 18 27798
55 76 86220
20 17 29644
50 20 40944
32 35 87801
69 27 4674
81 3 36810
76 49 16638
61 76 82124
12 20 16829
12 30 86347
3 1 50028
17 23 21944
2 75 53075
1 23 38592
49 9 45523
28 4 24925
39 78 36587
7 6 84228
72 11 47077
47 31 14774
41 32 67131
54 33 19677
21 47 89269
14 15 53064
12 43 29623
61 26 1752
17 64 3600
81 74 56146
5 65 5447
18 28 21372
53 68 49916
79 41 48373
51 61 8192
31 77 36750
22 5 74505
16 66 48094
76 2 52345
48 82 14085
28 6 19660
18 23 29099
8 76 30228
15 44 29935
68 74 66850
52 16 19197
82 34 85550
56 27 30338
11 77 57443
42 21 148
55 38 79177
15 79 45655
45 6 50361
33 20 35674
82 4 84510
44 59 69933
10 57 27917
42 32 56564
80 43 69474
31 4 45496
75 61 73724
59 78 85531
39 40 53534
15 75 13403
34 73 82383
47 33 20873
77 43 89729
55 4 67045
65 83 11516
68 33 27226
8 25 37484
75 3 442
51 44 70444
35 62 33125
42 12 85714
53 61 25062
41 55 63068
3 29 15282
82 11 2041
37 81 80789
81 6 84376
23 80 1979
43 50 52900
21 4 30204
74 46 59564
37 18 45488
35 58 51558
78 63 34746
41 61 45262
6 17 68931
7 18 61249
35 43 18643
65 2 26643
59 26 42431
30 19 2112
13 55 71717
60 9 14822
80 3 11157
25 55 16160
5 61 76273
72 13 69234
53 80 1838
5 55 34527
41 2 33129
42 17 70655
63 79 88516
62 76 72485
40 41 37841
81 69 70274
59 73 83276
54 61 71221
12 33 36087
54 38 43479
41 81 27247
46 43 66010
26 22 12553
18 83 21136
15 42 30152
57 40 7567
74 15 9607
68 72 26577
80 83 77118
5 56 1522
68 16 41275
52 64 5783
53 7 63114
52 27 60795
43 41 3628
77 14 25730
14 7 53260
22 74 72489
14 73 75355
20 62 72035
20 3 67810
66 57 34415
28 16 34858
34 9 4276
80 25 38349
60 47 21298
31 63 49749
1 18 57086
29 41 9491
72 39 24209
12 62 83602
48 44 20222
23 74 41556
42 24 87755
77 23 76387
35 2 23409
70 35 45397
12 35 45822
33 66 32556
27 33 26958
41 58 58393
73 19 77081
31 12 18750
16 50 39365
47 39 25060
60 53 57543
11 3 14154
2 38 63281
35 27 74777
45 53 26452
19 14 49072
68 3 81144
58 36 49645
74 51 82925
8 17 22281
62 77 13812
68 7 24605
25 46 8414
58 10 5590
46 31 88604
8 16 41715
75 76 36324
71 66 65171
35 76 68014
14 42 23111
74 21 53740
50 22 7127
13 78 34810
45 69 66200
30 59 67968
65 11 85828
36 51 61193
4 64 45253
61 58 64864
46 63 9660
79 33 38063
38 16 9230
31 28 62231
42 76 1857
43 22 76810
29 6 87309
7 44 55634
40 47 8302
34 27 66268
48 72 23681
24 70 4363
25 28 7551
9 58 38201
76 20 48026
42 62 73350
73 10 5695
31 19 9426
43 61 7499
38 11 16670
7 62 7032
25 29 8185
26 40 64798
58 32 71296
82 77 3879
47 66 26866
17 14 46084
31 56 39079
8 10 57453
14 16 76071
12 56 20944
8 29 89221
77 54 27038
75 71 80189
12 21 56131
9 31 53165
16 44 47558
5 59 69342
78 55 32881
13 62 42076
74 59 45127
1 63 60
3 60 70224
71 51 4016
72 62 80862
45 73 44612
30 6 8287
36 10 68919
15 7 80452
79 22 57423
2 13 64628
16 13 89714
38 15 52912
9 77 29377
11 39 44158
43 71 89233
38 24 73377
6 41 11181
30 36 19129
36 40 12794
17 58 12611
64 12 26920
82 52 86662
57 62 11118
21 24 89289
57 70 18786
47 16 75038
58 52 39562
2 71 47484
40 54 15217
13 60 25686
77 58 76556
52 34 81390
64 54 84801
70 49 17778
16 22 32888
5 71 43286
32 49 16395
15 50 16842
59 6 50691
28 22 87207
43 18 17476
27 69 50873
73 53 57909
62 39 37814
29 58 70318
68 65 76599
39 14 4843
65 31 35139
67 36 48398
30 79 57387
53 22 42784
29 14 9353
59 75 59086
55 23 14362
78 7 3022
2 49 87398
61 30 56107
5 27 33930
38 10 55137
4 14 2263
64 43 15181
10 21 69915
83 78 23296
45 72 81861
39 57 37142
31 61 63446
29 16 64848
69 30 38556
17 33 14747
76 13 37943
66 25 76052
50 25 89590
56 72 46172
75 65 41451
56 20 67566
72 50 76007
31 82 85928
6 67 62078
19 3 55490
51 79 25301
58 30 6665
67 5 1666
59 58 40183
29 47 59907
60 80 68337
25 2 43314
48 74 23302
8 33 45756
72 7 87528
1 73 75562
80 58 20773
57 65 24787
23 41 16881
73 65 60478
26 2 20487
65 52 1653
18 59 48271
35 50 50040
3 50 19253
59 47 85730
31 24 27273
61 80 7798
53 23 13312
45 15 39742
39 41 71870
58 42 68635
16 79 58489
63 82 38706
16 57 23657
30 8 78578
79 68 76356
16 2 64886
73 43 77288
52 14 64353
63 68 51777
6 83 64935
82 32 42025
14 27 2397
29 52 73541
66 70 79634
38 60 16561
52 31 72104
8 31 80619
5 36 376
3 18 74118
80 27 44746
53 25 4340
33 38 76526
80 67 89099
83 49 68076
8 6 46845
57 58 13628
37 68 49961
6 75 50832
67 77 74727
28 76 70353
78 45 67718
74 77 68104
13 73 51513
6 76 17544
69 83 24732
20 12 53254
43 21 8323
21 7 22757
16 37 64686
3 22 36907
6 37 17971
78 42 42128
33 31 15363
79 61 50589
19 1 39908
26 46 57588
24 69 26708
18 4 21386
2 44 2718
37 50 52340
65 55 79481
2 53 89591
15 2 60746
29 83 39790
19 18 46701
21 46 41440
42 69 3894
73 6 86085
54 8 4719
69 47 13864
17 29 19509
50 46 1417
34 78 62078
1 13 17262
51 33 3870
63 78 36576
63 67 48137
69 40 19589
33 28 66326
49 52 51606
37 68 77047
79 37 4778
40 73 42864
2 73 68245
65 40 18126
9 22 52797
22 4 25318
43 73 40722
74 22 18078
65 74 16077
3 27 24199
58 22 42034
73 61 53033
2 66 631
27 47 15178
4 58 67167
58 82 57789
12 41 79479
8 31 53307
31 15 83137
22 20 86943
83 78 77882
17 70 70073
27 75 35595
27 18 88061
69 24 57693
49 1 64713
33 12 79963
7 52 80238
80 73 15897
14 75 702
55 11 39430
76 38 7647
80 67 63598
46 52 51760
73 17 24929
19 50 14774
5 58 62016
24 67 17436
61 67 64406
35 83 66180
8 57 64791
48 49 16920
82 45 32253
53 11 23263
47 3 63469
41 21 37010
52 25 23364
1 52 75839
1 29 26626
73 66 39964
59 74 26438
56 41 62472
9 43 87310
29 12 28067
16 59 19731
23 19 49720
79 71 11642
30 71 28527
50 75 13316
53 64 71904
58 43 18642
36 15 2015
62 26 23316
53 54 68846
57 73 87661
61 15 33745
5 11 5518
62 43 71347
2 12 68668
59 64 68238
15 41 46235
48 79 73802
38 57 84210
73 30 7009
36 3 64516
61 66 43847
21 73 78364
57 52 11430
80 56 8883
12 31 13700
10 45 65844
53 12 24456
27 52 42008
29 41 32160
5 80 16626
56 57 27842
39 80 31877
31 53 27670
72 49 56451
37 63 47887
69 72 61178
60 44 44020
47 70 88429
10 19 44070
2 26 63438
82 2 66897
62 40 88191
32 73 36485
52 61 85830
48 15 28540
73 3 29206
63 65 44060
65 28 63257
35 37 81005
48 41 20664
58 40 36750
40 18 89461
22 52 89865
58 21 36686
60 71 41512
45 63 28042
18 43 62120
34 27 904
40 61 66403
70 25 20774
43 82 73348
16 42 71966
32 66 48503
37 43 36982
22 23 3853
25 67 3355
29 4 13016
18 37 83208
38 80 26007
11 66 84538
27 25 52240
83 44 2360
79 75 23089
40 31 60911
32 48 13266
57 2 63313
62 15 31402
12 42 21846
43 44 71393
38 39 5856
15 81 17803
34 22 41215
79 21 53013
26 56 68533
57 5 72598
44 64 66113
30 43 31830
1 57 86876
80 16 34598
36 53 36961
69 67 52468
49 20 28099
1 18 64060
31 44 86409
8 20 11808
29 63 13464
55 12 40088
13 12 86217
11 12 30442
59 47 48770
61 36 86993
64 4 26022
3 4 73863
47 37 22492
67 44 13109
8 73 65331
13 47 68822
65 59 48632
5 73 45661
61 28 9648
56 9 12968
77 14 86122
33 63 5772
31 47 26800
49 54 48157
51 69 45955
65 51 64726
10 58 4995
49 22 4063
51 2 8891
12 61 65593
56 54 41324
23 3 83791
30 37 22107
81 2 35375
37 52 66113
43 36 51706
28 45 7426
81 10 47363
22 64 46637
73 75 8594
52 50 55607
44 75 75185
18 22 12525
39 19 60735
33 58 15146
12 18 34578
51 45 29118
35 58 68107
47 26 4608
30 72 76811
19 7 7782
40 48 17025
69 80 75400
