3 19
66 44 76
5 3 40320
12 13 50468
14 13 12075
10 8 64190
18 2 10424
19 1 81476
19 4 23057
16 4 74134
6 13 9904
7 1 51010
17 3 17449
1 14 34319
8 6 21888
9 15 58638
17 10 70450
18 6 73775
5 6 69028
8 2 82640
7 4 30328
19 7 11457
8 5 926
19 6 4963
10 12 12089
8 9 71160
5 4 4642
19 9 21979
17 13 69183
15 19 56567
6 15 2127
10 19 57076
1 18 81733
2 14 36566
3 11 36224
4 13 78367
14 12 38847
7 9 56129
18 4 5290
11 15 23491
14 10 79396
15 13 5820
3 12 45706
9 3 35222
3 10 68258
7 15 79898
12 15 8241
13 11 52908
6 10 15060
11 16 79338
5 15 10423
9 5 13481
16 8 60498
2 10 63300
16 18 47381
6 12 64221
6 17 66395
16 10 37041
9 17 10487
14 9 78303
9 6 61915
4 9 30709
7 11 32570
1 3 33589
9 16 64977
3 18 14175
4 12 29040
8 14 11716
18 19 42101
5 4 38434
3 7 66327
18 2 38135
15 2 39548
19 15 87340
8 3 77085
7 6 9369
15 10 46890
12 5 66597
12 10 38573
17 9 27039
13 4 21093
12 19 50301
15 18 80758
4 19 32951
8 4 67480
11 7 78776
3 2 48789
8 11 14239
13 19 30689
15 14 45199
6 11 27756
6 19 14613
5 7 31149
11 4 33839
13 18 43847
4 3 20205
14 16 7398
5 18 38623
7 1 27571
9 7 74496
16 12 45278
19 8 88834
16 18 8113
10 8 28039
16 8 85649
6 10 51854
10 17 85344
10 3 68153
13 15 72704
5 15 76841
11 17 48221
11 14 7702
13 1 63583
8 13 71443
1 19 4037
7 6 62768
18 13 82248
13 6 9978
16 8 55065
4 11 57715
10 18 51768
4 10 3773
5 3 23934
6 11 29650
9 8 59542
3 15 51180
9 10 56867
18 1 67450
3 13 31853
18 17 57966
5 7 57549
17 11 82298
10 16 28794
12 6 81036
10 5 8174
7 8 29430
3 7 754
6 5 85420
19 7 89173
11 9 72937
10 7 44414
11 13 67185
18 11 54033
7 1 1266
5 4 52991
3 6 32835
2 7 37894
12 15 82592
18 15 15099
19 14 46491
1 9 42850
8 15 49003
3 16 50874
6 18 19558
19 10 29946
11 2 13515
17 6 14930
1 10 57324
13 12 841
2 4 59428
6 10 72796
4 1 16037
5 14 2648
11 16 44815
7 16 26153
3 8 32862
5 9 66761
19 9 59001
19 12 41122
2 15 24773
8 17 26451
3 12 32540
3 9 68661
7 14 4148
12 10 53777
16 6 80199
18 16 41980
5 1 1227
14 3 41240
4 13 52674
17 2 21031
19 17 30386
15 4 78322
12 17 66066
13 16 60912
4 18 5365
2 16 15459
8 19 46761
