3 92
272 359 391
19 3 9650
52 79 41156
62 65 29306
68 73 36244
29 36 24055
16 24 50367
52 55 11007
27 35 81032
42 50 23620
42 34 25555
36 52 69993
77 11 11807
56 21 56071
6 88 68275
13 24 69482
71 80 64093
69 39 81991
15 13 74910
15 2 87863
18 83 74740
24 26 8107
72 51 18345
60 59 14661
86 71 64836
56 89 27891
48 14 89009
43 28 39985
72 42 46147
46 7 33665
13 70 9987
31 89 74761
47 10 89142
84 69 5141
24 63 26295
27 26 15716
58 21 11065
86 11 29700
75 30 62654
65 75 56248
85 87 29686
39 65 65662
43 60 2336
9 51 69424
33 22 77906
75 88 911
22 53 82532
74 47 63814
10 69 6964
39 81 6194
62 73 52597
63 20 57925
21 10 59580
68 58 65950
91 90 14399
85 21 59763
51 82 56283
78 12 80265
24 21 10749
39 7 61177
88 68 1566
28 39 28253
85 7 29646
4 22 17592
26 20 87229
16 12 1205
2 11 38883
41 88 44030
73 59 33642
82 5 83076
78 41 74931
3 68 38893
39 8 46975
33 12 11512
84 77 8280
80 92 31535
45 42 75837
91 30 56421
56 10 30747
41 39 18484
72 25 19472
26 67 2659
19 54 32323
57 86 78042
65 25 38470
90 4 63706
87 2 77263
79 57 48941
37 45 73135
40 24 37375
31 90 33226
50 56 11643
24 60 85920
9 32 10000
70 31 63815
78 29 68571
36 23 69500
62 9 26985
6 85 58313
29 73 79265
75 11 74770
44 8 73
66 31 88500
29 79 68860
3 82 69858
85 65 11516
76 34 36232
32 80 84753
73 56 85561
45 78 51775
54 30 5111
26 43 61537
57 20 35448
28 75 61663
70 25 61836
47 57 3320
87 81 66082
82 20 22709
70 40 55392
78 84 8801
45 85 18866
59 58 877
11 23 53456
82 90 250
25 67 85075
88 62 35555
72 56 4839
89 85 26263
41 11 68138
48 88 36082
40 80 4862
10 46 77256
62 57 71762
41 86 50887
42 18 79470
16 54 47367
47 73 56094
13 69 58234
91 17 54892
25 12 41628
82 91 70215
79 48 68469
42 17 1573
27 5 1326
50 87 45744
87 10 10309
1 4 1045
10 17 84033
51 55 11981
63 79 20280
18 16 34082
92 43 72254
68 84 52022
8 19 20491
34 16 74261
25 10 34758
17 50 27538
81 7 57438
29 57 60720
33 27 21875
88 84 60630
18 7 57248
44 15 74126
22 88 32425
86 20 24318
15 36 819
40 64 24373
69 92 69565
21 72 4936
91 67 52111
32 23 30362
16 81 1805
83 72 58011
24 1 20306
20 34 30785
25 88 9756
27 76 54615
35 52 75746
7 20 78777
46 58 6691
25 90 67217
74 53 75313
38 43 89352
4 14 33472
17 73 78285
92 71 16264
26 53 84403
91 59 86391
83 53 50452
49 25 43569
78 6 80293
2 84 44223
90 87 3132
33 52 2148
50 88 65588
57 61 71622
51 8 24505
13 90 64205
85 47 62833
49 72 63454
26 73 61521
84 70 37748
12 11 6087
11 8 10026
55 69 46617
24 73 9530
46 71 51805
34 84 78570
62 24 12868
22 72 18267
79 45 73728
36 77 11305
67 88 31767
17 46 58806
2 8 80970
12 77 18329
48 58 14316
81 67 81991
17 88 84922
23 74 13403
10 57 8007
15 31 78218
69 87 46183
79 89 73843
24 59 14522
30 18 23490
66 65 54307
81 1 74825
27 17 64228
32 40 85969
42 89 34274
76 51 24184
13 68 74491
88 54 15219
26 25 79337
87 54 22
80 27 21782
38 55 43186
10 29 83455
69 61 77206
22 86 61289
36 41 6237
50 66 44189
30 8 84831
27 87 43785
76 72 50776
85 81 85088
59 57 64348
72 74 79254
30 3 66867
78 8 15404
9 83 48345
85 40 78586
53 69 24298
63 43 5320
8 26 88664
7 19 66448
74 77 21957
18 5 41158
63 74 68324
89 59 43992
68 67 42650
36 59 85870
70 59 72986
59 30 10373
42 37 9810
5 83 30836
89 64 60553
62 91 70302
29 35 29788
4 11 78370
62 86 61340
67 11 16534
88 69 41487
60 59 89983
18 63 32797
73 59 51369
73 51 30045
65 60 60784
90 89 24098
29 92 25392
74 9 42066
85 75 50000
11 19 86197
5 78 65975
36 43 77997
4 24 21416
88 44 8186
36 54 46282
89 83 36273
9 12 2090
54 45 35952
69 3 30846
49 7 3496
47 82 66414
56 86 57733
71 29 57061
84 85 66913
65 28 80294
82 65 36992
7 21 21728
32 74 89488
79 50 89510
1 47 69632
52 1 23486
41 4 86571
14 22 40255
18 14 4584
90 26 40339
71 16 4323
83 22 5575
14 53 2512
81 79 51486
6 79 58692
29 78 6456
82 27 69128
76 80 88121
7 5 84326
22 42 47208
12 20 29399
67 10 67172
49 23 78968
53 51 4386
14 4 66977
61 73 83882
16 62 44220
55 86 89371
76 92 19099
57 61 73964
12 72 76964
34 86 65089
77 83 53716
68 43 61386
6 4 81258
10 64 15666
51 27 55391
67 82 42412
17 13 87927
12 17 35575
7 29 2991
23 35 60130
6 10 67940
39 55 88467
24 64 402
81 23 80201
56 37 49694
23 1 87002
30 12 6450
4 59 28894
90 68 22788
78 90 42598
11 82 66662
61 53 58629
83 82 59779
79 85 24331
12 15 41656
49 84 47203
50 88 31289
28 33 77229
15 58 57406
36 9 44593
14 59 10174
7 27 35406
78 3 38971
89 14 18754
48 10 14989
70 60 50548
7 35 44773
51 89 23918
52 32 41762
44 85 88948
25 92 73943
7 51 87147
69 76 41466
32 72 76591
49 27 9525
57 45 33068
9 91 86114
33 49 17802
22 48 50729
20 92 88537
23 64 24240
13 70 12818
60 87 24050
57 26 88617
67 74 68176
35 78 9928
62 34 47866
71 66 85570
76 36 84093
60 3 4380
37 25 42956
52 38 61577
26 45 22551
91 23 9925
82 58 82771
77 67 47580
18 46 51830
7 69 23085
44 37 15811
27 73 16251
65 27 5696
57 66 13595
69 55 79636
15 80 50534
47 5 25107
40 52 21156
6 69 80160
60 91 88595
48 45 43884
79 17 72778
67 21 83895
25 90 55410
40 12 87249
92 85 59176
51 60 72574
34 13 20907
49 21 56185
83 68 47281
30 54 23097
4 68 57538
30 92 57823
19 39 35778
87 56 38984
56 55 29268
75 53 42420
45 86 87896
31 82 14652
15 72 11035
43 10 33461
35 53 81272
48 82 84416
6 49 38878
16 43 85193
31 46 81171
41 21 74988
17 91 4153
12 13 85001
75 3 20470
87 77 63338
74 73 21147
61 26 52011
35 41 63178
23 19 30979
4 85 67531
80 9 62465
52 21 49225
44 43 75091
45 77 73160
46 58 23672
77 27 68097
63 61 68566
40 31 76764
63 84 25608
61 36 60221
80 23 82145
44 74 28737
21 26 84679
39 18 32487
82 64 30729
53 88 2875
10 58 71451
47 6 70705
10 16 75457
58 76 37320
6 11 37634
2 55 86903
25 9 67778
16 39 89541
64 91 86564
86 8 33561
24 54 83710
32 12 87989
32 17 54637
67 22 63887
32 63 75501
59 81 67759
18 54 13048
87 69 87230
75 80 50328
6 21 47736
87 84 77073
28 23 28752
77 55 37436
57 29 54289
47 9 512
40 67 84840
54 32 31953
25 27 60689
34 49 15424
42 55 1736
5 49 84723
21 76 71442
89 8 43700
80 64 26112
41 59 75368
64 46 2018
75 47 76190
88 72 5660
76 53 72672
92 2 81086
75 6 70814
7 63 76033
58 90 60501
85 38 59207
69 9 57652
26 32 39946
15 27 25489
70 50 11510
82 89 54687
3 72 22757
65 29 82791
18 35 6245
18 40 4202
30 72 47304
8 48 58764
31 22 27071
49 76 86881
85 2 22531
42 31 42147
81 33 63818
33 5 75914
91 62 72580
27 28 1163
52 57 86831
63 65 38598
83 43 44835
41 39 85379
66 32 4944
88 21 43498
14 9 24830
12 81 19755
37 79 70188
85 53 1219
39 53 40644
53 23 80372
63 53 81702
1 42 13637
15 55 68960
18 50 1884
77 22 53705
43 7 20852
70 91 38428
33 77 26988
52 78 40187
83 48 40435
12 48 61156
72 11 9230
71 28 3539
67 63 57471
31 53 83177
22 30 49575
26 62 66884
29 21 35581
3 51 6968
30 63 13175
5 82 62285
35 9 75593
21 47 83891
58 61 41065
25 39 50517
37 61 8786
88 34 7092
31 10 2428
91 13 68815
14 82 30657
24 86 75238
45 28 14222
1 89 16788
35 54 59088
39 78 8475
43 63 78503
79 36 86401
51 74 20501
33 35 60334
65 58 80704
86 10 19895
24 10 55095
47 84 8885
39 70 35086
17 20 30524
55 44 51125
34 30 86476
62 80 75805
68 72 65881
39 66 52086
26 37 79344
60 31 51543
4 69 16101
26 33 29884
57 87 18031
54 68 71281
85 78 31116
46 36 56352
92 11 3995
52 90 39284
62 63 86440
29 30 84955
39 74 3915
67 47 31796
63 11 73450
25 5 11871
69 50 34594
28 89 12276
58 89 25621
37 34 42189
38 87 86620
53 57 88050
62 13 81158
47 38 68770
57 54 36691
10 81 17351
14 86 89335
54 3 28376
65 80 10169
13 82 2609
37 27 20315
10 37 9847
87 83 74376
24 88 71369
50 5 50825
21 18 29443
79 20 46505
91 84 8452
3 44 6590
45 9 383
90 1 70361
57 64 86784
78 62 11497
86 82 43126
36 16 27293
81 14 77576
60 57 68867
29 83 14203
65 76 12907
75 90 56677
29 35 53021
13 92 77060
85 77 62781
17 18 40238
58 54 8766
27 82 86739
26 49 14327
69 78 64138
31 90 669
2 72 11530
30 48 35625
6 60 63680
45 92 64360
54 16 11193
39 74 29974
40 48 70855
3 21 64992
21 89 18973
70 28 80334
10 29 82161
80 6 35736
92 51 17771
11 3 25051
46 4 62718
6 83 6603
20 30 63998
62 32 42479
61 53 10911
33 30 86202
2 80 4906
42 67 10051
77 66 64657
28 24 72136
70 69 5267
75 74 84289
10 1 47967
83 11 79390
85 19 182
32 52 73536
45 53 30119
35 43 55109
29 67 23186
22 2 81677
17 19 31293
3 42 69578
32 51 52859
38 41 58341
21 13 73502
36 5 15191
38 39 51889
14 68 58387
43 89 39753
55 53 40091
83 55 25768
52 34 16090
10 19 62351
70 42 46084
5 62 55496
82 45 22196
68 82 28387
44 43 6822
87 85 15806
79 47 56530
89 37 37908
89 36 50582
46 86 52516
84 11 39453
11 55 17926
66 60 20203
36 52 51937
73 46 77153
54 32 10231
87 68 62463
30 12 39779
47 6 85036
31 89 89278
15 48 10817
9 77 19505
86 90 34180
21 33 29435
37 13 63656
86 66 86595
88 8 54695
23 38 83722
85 32 22471
88 62 10588
9 25 23211
25 73 19483
85 66 34305
61 34 83357
87 19 6166
67 12 88535
25 47 26995
39 69 45804
55 4 72377
30 53 88461
92 77 81721
47 18 23626
91 78 30732
75 72 64974
20 46 29857
71 19 19259
77 57 18348
28 29 60548
50 32 57248
42 61 14076
6 9 38200
2 55 52773
12 53 8326
55 35 36998
24 3 16091
4 21 32201
70 5 62726
21 72 5034
73 29 67949
76 19 88410
39 24 89626
78 66 13784
83 77 62484
32 39 55434
41 10 11504
4 13 12876
76 30 80192
9 51 8311
23 71 70072
15 54 67850
16 40 6457
88 15 354
25 35 33285
72 38 57361
48 62 27839
67 70 59417
66 40 26291
41 3 88412
74 18 79855
38 83 45171
68 26 37134
81 85 64068
29 17 85674
37 36 15340
44 58 72638
40 71 88030
54 59 24796
69 40 67697
31 77 36359
17 52 40917
58 81 53853
41 17 46953
59 1 38072
62 6 27383
34 89 24132
75 36 30278
64 37 32244
3 13 14231
52 43 66343
90 60 1603
10 65 363
14 54 82623
74 20 24371
78 81 62969
72 62 46253
19 44 39993
88 16 70477
71 58 52470
1 17 78528
7 55 7471
53 64 62784
87 78 38533
85 7 20392
88 11 74537
36 29 33780
60 24 85811
81 2 81777
62 42 89373
85 49 61311
64 49 44859
15 44 3868
82 67 46254
81 10 21436
49 86 31321
60 53 22536
35 41 27326
67 50 59919
63 83 13011
74 54 68204
4 68 52211
91 34 54006
52 23 1609
5 11 60690
9 7 13855
41 66 87448
4 48 69240
9 22 37110
4 33 56880
46 54 58725
85 5 9076
23 3 36465
37 54 83987
25 59 8045
62 15 69527
1 55 38564
84 58 84616
63 15 25809
92 58 41517
59 11 19402
27 44 4322
10 66 144
26 10 4862
64 74 58376
8 84 8474
50 84 72828
66 75 10325
17 33 6644
82 91 48395
55 66 60802
33 75 83371
12 9 2813
45 20 84382
84 68 41473
45 25 74292
60 38 83934
29 22 55991
11 39 33923
51 68 80961
49 30 82182
90 10 46661
12 22 10861
24 66 77824
18 58 69243
2 10 67348
70 18 14349
67 86 1215
5 4 60105
67 54 46184
76 10 81557
57 47 80547
61 7 49648
21 30 83721
41 47 61142
35 49 86736
54 26 53329
19 40 61246
45 85 55129
17 7 28919
56 82 50064
72 87 83015
6 55 37493
1 24 12662
47 46 49693
30 8 60022
70 66 21473
11 18 9093
48 74 50452
86 37 52861
81 56 14855
31 10 73094
79 10 64789
65 71 67764
5 26 67613
33 3 48036
34 73 17029
22 83 78510
43 78 22583
30 71 62727
46 60 29555
57 90 87260
70 77 9137
14 89 71612
9 1 72177
49 73 7567
5 54 33815
65 23 32166
91 65 57747
5 42 55830
42 92 60814
45 69 14574
5 82 53122
36 38 89362
40 86 82986
47 90 87663
33 11 53922
50 9 68150
1 13 19856
22 48 45547
10 89 76430
75 81 11950
33 34 13247
26 69 58084
20 17 40425
73 63 14659
48 43 87813
33 41 74749
82 41 4401
81 62 29497
23 19 5941
56 41 20994
65 21 83791
11 47 8647
86 14 41387
11 86 28633
25 81 4200
49 21 83900
29 11 61832
21 39 6529
9 62 7171
86 25 34571
7 38 19656
1 88 21898
63 82 40659
90 40 62572
34 64 14357
21 60 27229
48 88 8395
63 56 61358
87 13 58015
37 6 62091
68 52 14592
79 92 6060
90 7 69624
89 41 23155
77 61 42982
34 17 30205
40 27 1928
45 22 71296
59 6 70601
69 59 5791
88 38 40465
44 35 76243
79 32 58111
85 56 80268
58 89 52964
66 37 44382
38 29 54699
61 36 13789
90 81 46221
65 5 88004
92 41 71033
76 32 42320
26 19 64435
17 51 61734
16 17 67799
60 15 44523
75 21 82262
11 15 81750
74 41 71836
76 5 56659
41 60 60143
43 38 47900
81 45 9155
4 11 21554
13 85 78402
91 12 7830
59 31 30376
18 24 82255
79 3 36681
61 6 15607
26 58 68284
11 56 60931
81 84 87903
38 90 46586
9 14 69297
61 5 46824
24 22 34547
87 29 16616
42 55 13110
82 24 68551
41 49 53845
84 60 57604
34 88 72068
56 33 51425
57 41 130
58 49 73666
1 73 71395
59 15 47107
38 4 61406
20 86 20741
6 34 55721
50 65 58396
58 46 36595
45 49 11355
29 14 13052
27 19 24588
68 19 47288
79 77 67054
25 62 21602
26 81 37611
90 87 53392
