1 86
766
76 73 4343
55 41 43779
78 33 76083
61 63 46217
68 60 30490
38 48 57050
74 42 52907
83 52 80488
85 42 76890
43 12 62634
42 57 52711
62 24 56778
57 85 16350
67 66 13709
68 9 23959
86 82 34426
75 61 58063
37 18 81222
76 46 31027
78 1 37613
78 83 9992
27 64 45619
7 55 80768
28 68 14732
35 85 88530
66 74 14795
76 57 22682
49 66 1920
45 82 2152
23 74 63242
74 6 35679
32 12 85570
72 31 73115
9 46 85155
85 80 31283
84 60 51429
51 41 39981
2 81 36947
7 31 15454
37 33 82556
15 64 35169
48 49 64118
54 2 43398
56 81 4486
46 1 46431
24 28 3563
74 64 72227
36 78 34393
8 32 48123
51 38 62692
77 43 82165
75 2 40420
12 58 50138
86 32 70927
14 20 63742
69 55 43713
85 54 6410
71 57 31299
39 81 69800
52 24 18558
57 23 38810
3 37 38759
12 11 23665
4 9 28696
20 71 21618
42 83 25891
8 84 83717
27 47 49895
83 60 79909
42 61 20051
2 80 63743
9 27 80492
52 43 14338
33 68 70278
41 56 48241
71 66 71539
43 21 42967
25 55 83535
7 48 32356
59 56 4377
22 85 35835
22 82 79099
32 69 48445
39 79 50883
22 15 19294
67 65 53379
61 1 5931
73 53 50666
33 74 69658
53 8 10096
9 32 9826
28 62 38416
68 14 67846
68 35 34518
37 16 2174
52 47 51252
6 71 9997
41 38 6967
18 83 28790
47 5 27355
34 33 86904
5 6 70403
78 74 67740
34 61 31718
84 27 51274
5 32 53769
78 64 41004
64 81 74410
81 33 35137
66 62 40050
5 43 61127
86 48 41788
67 16 35723
85 15 189
25 85 54063
35 41 31563
46 41 88352
79 4 33346
82 71 72567
86 41 54804
20 3 81883
81 16 33087
5 40 6057
44 74 15709
6 44 18879
37 39 31659
76 31 88701
29 51 45141
26 70 64053
28 56 5487
44 61 87752
36 62 2671
73 59 35288
44 85 73053
14 27 5585
35 64 13542
19 13 17246
27 71 46625
22 7 51013
31 34 74676
13 12 19615
8 81 57680
50 67 67130
55 26 37381
16 44 525
6 9 48848
55 50 35931
69 57 23443
55 13 74365
76 80 380
66 48 76973
39 40 76796
23 45 22008
25 37 62906
45 84 54777
38 82 40423
66 50 22833
75 31 54316
4 2 71117
36 61 84129
25 13 49976
70 28 32374
37 52 15998
36 3 54942
68 11 2320
34 85 3228
71 80 39907
35 45 82300
32 20 27397
80 13 7229
23 38 78225
56 82 20733
46 62 44551
3 1 72218
53 80 53780
27 16 4955
77 11 63706
6 54 4116
13 2 26230
39 17 46216
27 62 86424
21 81 37199
54 14 77439
55 83 81688
37 43 10781
10 6 7158
27 15 62410
72 80 65969
82 49 6623
37 54 52997
36 84 14714
75 41 1376
77 48 30135
45 76 72116
68 25 27121
23 55 20566
13 3 6416
10 16 31587
66 56 47129
21 83 9081
77 36 36507
39 50 47047
57 54 32088
52 62 82433
76 21 88614
31 79 31949
6 46 38578
10 13 25799
23 81 2553
17 34 83522
57 4 68024
14 55 14057
85 12 38231
85 79 58273
84 14 83244
19 20 55455
29 21 72389
7 35 224
13 51 55023
76 35 67274
66 25 63592
10 36 62953
59 75 1971
37 41 54506
10 30 80343
30 9 7321
61 32 5934
76 33 87497
18 33 65038
77 53 3085
58 54 72117
43 55 7350
55 84 71594
6 50 33079
57 52 86230
74 14 16540
61 13 19324
2 64 35040
48 61 17407
30 31 25828
57 67 39244
24 20 38618
15 73 83931
41 77 88996
63 35 59323
48 82 4149
75 17 54691
85 24 48428
34 39 74373
6 53 23079
76 25 58574
63 65 79049
24 46 60267
79 15 15931
26 54 23986
24 42 27511
83 25 38479
41 73 46992
28 81 60868
8 35 61221
61 82 53343
43 70 14465
63 79 74581
49 78 41267
34 81 25305
53 14 69579
78 37 24260
70 36 60793
37 9 76393
63 51 61388
84 68 4041
80 25 62407
47 58 61019
8 16 72848
14 69 46990
14 78 67150
14 21 48183
40 77 37089
83 76 27945
80 3 63595
19 8 79878
69 15 65
15 74 61774
66 80 45451
4 25 82361
84 49 30802
24 43 80324
32 53 15129
24 53 81787
35 21 17680
25 61 58150
65 20 50669
2 36 48147
27 67 77719
51 82 32888
10 31 45482
60 65 56665
35 43 27944
82 59 50664
7 60 20547
1 54 3714
7 37 33214
1 48 69892
65 18 16299
24 16 21809
78 28 88639
17 11 14607
53 13 53229
22 77 85754
81 7 24882
27 79 17631
18 70 28501
80 32 45209
7 45 10642
72 75 2239
5 33 89039
59 54 47266
36 48 42430
38 75 54331
26 67 62630
57 28 12759
21 34 11948
80 65 2963
49 14 72163
16 43 86954
4 43 22097
65 30 24454
49 43 52463
60 75 4527
74 68 37427
78 38 54805
80 12 33274
62 15 66560
48 40 71144
70 53 29907
60 17 35836
23 51 70115
3 35 8158
32 3 75210
73 20 74641
79 59 61138
29 53 53811
20 28 64607
86 80 73143
54 42 26966
80 64 19038
33 83 86779
45 85 46344
29 78 17356
60 39 22270
16 84 44758
79 69 28136
12 25 69594
58 57 50288
44 84 87140
25 34 73061
16 54 21568
85 9 32863
65 16 80075
2 20 54091
83 69 69279
62 42 3618
64 58 72618
49 29 27638
45 86 18842
80 84 20834
58 9 23110
26 74 58985
62 75 57498
28 64 62874
42 36 59188
54 11 21379
6 75 2144
19 29 18838
34 74 67539
25 67 74165
48 47 29892
78 22 51887
42 41 30156
65 75 21339
20 42 22575
50 83 26991
82 37 6402
59 84 79419
14 76 2290
44 23 9107
43 79 1851
77 13 10024
44 21 43597
68 82 78833
9 60 70284
51 24 53898
45 38 46693
66 20 30255
48 71 83049
21 52 30099
6 60 2655
38 60 71429
52 55 41199
59 27 8086
77 68 89015
30 45 30909
56 6 77835
32 26 70432
73 31 71866
1 50 88537
22 79 19865
3 23 48138
40 74 8814
53 19 86393
18 50 73774
22 28 10466
11 42 308
59 36 79726
46 75 65830
79 16 80163
77 5 2422
68 57 88530
35 34 81617
39 45 41925
32 30 57730
63 66 28601
43 56 43553
57 37 56198
20 23 45861
43 74 81288
79 58 31059
12 34 18034
56 68 79342
11 38 3124
22 40 55774
4 36 53768
7 47 47908
27 6 61364
4 48 4443
59 28 46871
21 31 25533
5 16 68885
6 19 15420
23 43 60568
82 47 44504
51 11 36701
37 83 72733
80 10 30327
54 36 28085
72 33 2706
2 39 135
42 55 41768
35 51 67766
76 7 41384
59 43 42681
45 28 25418
61 81 84925
62 81 43247
64 67 77155
82 60 68775
24 11 78226
68 44 63414
22 68 53186
24 76 25035
71 43 45761
59 18 37930
83 81 46570
46 13 19800
1 81 8899
46 77 72771
9 62 61450
66 33 33321
79 29 18627
64 73 16145
14 24 26007
61 24 20317
74 18 40842
40 55 51565
50 32 80007
68 45 63015
13 20 3566
21 85 55075
59 6 74910
1 39 57262
27 39 38457
16 62 60313
37 86 47334
30 84 56539
75 49 71698
65 59 82654
46 2 9805
86 73 80651
86 47 86299
60 86 77983
62 74 37973
7 44 82901
55 46 28560
80 14 77933
19 45 35373
11 74 24820
49 41 76889
21 61 20455
47 22 55830
9 38 14732
15 54 58330
67 72 46471
79 7 48563
79 9 30298
57 22 54306
43 68 73697
74 63 1923
55 63 22338
50 77 9717
65 62 29729
27 57 29775
23 13 58572
39 86 22408
1 18 78656
83 74 13291
27 45 44304
56 60 9404
45 57 69129
34 84 5601
53 12 25628
33 48 61445
45 11 31503
1 23 57416
23 14 75704
78 69 71490
68 1 39277
80 19 49704
3 73 30001
1 57 20933
37 12 51686
84 3 7452
35 2 81521
19 61 54549
59 67 32291
58 22 22198
9 74 78294
9 76 70848
69 68 56746
70 34 78508
14 44 15630
51 42 84150
84 5 56331
63 6 86972
25 75 33907
86 30 9985
73 8 36004
45 77 80749
27 82 3106
60 24 15999
74 75 83744
45 72 88749
37 40 15282
9 51 43575
76 58 66376
13 36 49853
76 72 1184
1 51 15094
44 1 62123
6 38 80820
59 38 65830
32 7 4352
52 86 15953
81 12 71813
31 1 81693
76 42 28451
46 7 40478
65 38 55922
12 72 22413
73 82 32303
77 26 38675
84 72 15472
82 69 30346
83 34 62762
82 4 85181
2 44 72203
33 58 62478
3 48 40592
74 35 66023
35 29 76779
55 8 31188
83 71 88983
13 67 45624
36 66 11167
83 4 85548
2 6 73453
20 79 15359
34 20 56682
82 74 10847
11 75 65463
33 41 56891
39 57 43933
34 58 52461
43 80 84592
50 20 42430
33 8 59695
51 10 44455
50 42 48572
26 56 41936
1 42 34185
12 5 67872
35 81 43759
77 32 72419
84 50 57312
65 23 73223
16 32 32051
69 76 14177
38 79 39075
17 28 42273
81 65 47321
66 2 25107
61 78 41095
3 67 74878
82 52 78025
27 42 74411
1 71 40
49 80 59449
13 74 4453
81 54 62042
71 21 26331
24 15 44359
2 42 63307
13 83 80116
85 1 9608
77 33 65456
71 84 82314
53 45 69153
31 48 36239
82 80 4506
14 62 65586
15 80 40696
85 46 78498
76 22 8356
74 67 83106
26 33 29864
82 78 15965
24 66 1987
50 73 44082
80 40 63123
8 57 8334
7 14 30283
74 20 29449
41 66 29224
69 81 5063
12 22 48472
19 14 40249
80 79 18709
38 85 60631
11 65 15900
79 11 75375
15 25 4831
40 36 38596
31 18 25681
53 21 68044
20 58 85503
78 60 47829
69 52 18475
32 49 21479
70 12 74652
46 64 40851
17 41 12869
47 30 48606
61 9 53534
83 64 29224
29 59 80381
36 67 56423
6 48 10543
66 69 32932
31 3 76135
53 31 30379
19 58 36391
18 63 6026
40 45 72279
71 13 86259
72 35 65991
18 2 39622
77 29 83880
6 76 32791
77 57 61967
70 1 52719
38 81 58579
80 5 33853
23 19 19498
24 1 80511
1 6 41080
67 75 46197
71 50 78297
1 79 80313
33 9 1100
23 70 290
26 57 22553
44 60 47531
42 44 78318
33 61 85041
16 59 27864
44 82 11949
73 74 63338
82 17 14798
52 41 44589
31 83 57282
70 57 53780
80 54 11234
29 61 53496
31 86 53188
81 18 20669
15 63 14139
28 48 16516
27 86 40180
38 71 32731
57 84 7701
70 27 37268
8 9 11942
72 62 13526
12 2 21021
30 76 9886
59 39 82153
74 46 70829
61 77 83804
31 42 20009
41 72 61112
86 2 72760
83 53 71468
53 40 76551
15 81 23865
67 39 8906
10 86 5314
32 22 36796
53 54 1674
49 86 35948
83 68 65942
42 40 54438
12 9 25935
62 2 89552
84 62 6397
15 50 75530
79 5 17604
86 76 88057
61 35 71159
36 85 75870
24 3 51254
59 13 61077
16 66 72446
59 63 79079
21 78 8488
34 53 34244
36 28 45962
29 70 58040
63 13 22716
9 29 73003
63 10 71446
67 86 48717
47 11 7031
11 19 57365
24 34 76906
73 54 15648
16 20 81985
19 60 85918
41 70 74048
13 15 34228
46 44 14861
1 30 70402
52 58 71815
29 60 20007
6 14 40729
10 64 30190
84 79 86987
10 38 85283
