3 15
72 55 45
14 13 84809
10 5 7022
9 15 34614
2 1 68628
11 1 31359
1 3 11813
7 12 59412
2 9 33367
8 10 41106
2 7 8772
12 5 9091
2 6 51215
3 7 20997
11 8 82722
5 3 14044
14 4 1724
13 10 51385
9 3 13540
13 4 51849
9 8 66911
14 10 57887
2 12 30685
13 9 45244
9 14 23122
7 11 47289
2 3 35930
5 1 60330
5 9 76896
10 2 86788
13 7 13379
6 8 71282
7 6 59125
11 14 20970
2 4 26106
15 13 55695
5 7 75602
9 11 39690
14 2 46253
15 8 10715
1 12 37191
11 13 68664
7 9 64888
7 15 40885
13 2 30604
3 10 82180
8 12 10657
8 4 71678
12 3 24818
10 4 31814
9 6 33623
11 15 46470
15 12 4150
3 6 61835
7 10 15925
7 14 72000
3 11 57823
5 13 78741
6 13 25009
4 6 9935
6 12 15663
3 8 3948
11 10 31020
12 14 16313
1 9 89939
6 11 55717
15 1 8988
1 10 85070
15 5 50122
7 1 2067
14 3 17558
2 15 86050
15 14 21461
3 15 79999
7 13 62347
3 13 5686
15 12 27426
6 10 1678
9 8 7184
4 8 49673
8 6 34532
7 14 61696
2 14 66059
5 8 65646
6 14 16413
14 8 18693
6 15 64575
4 11 61825
2 6 55335
7 11 7708
1 6 45324
8 3 47525
10 15 82355
9 13 34998
9 6 47779
9 7 38949
15 13 29824
12 6 54181
5 10 23698
14 10 49432
4 14 10274
15 14 19503
12 7 28856
10 12 85662
1 13 68143
12 8 13706
2 4 30669
5 3 855
6 13 62346
12 1 476
9 5 37802
11 8 88921
1 10 33947
1 14 3575
1 4 88867
7 1 20621
15 5 41251
9 1 33087
7 10 54311
9 3 59103
3 2 82491
14 9 19549
3 6 71186
8 7 8854
11 2 42657
5 7 47495
15 9 13510
11 10 42273
12 2 58051
15 4 72278
3 4 15136
1 6 39561
11 2 12471
15 3 51666
12 13 37454
5 9 71601
6 4 15195
1 7 63146
15 1 62909
15 9 63252
13 4 72005
15 7 4602
14 13 80961
11 9 60285
8 6 67277
11 6 73305
1 12 67973
12 9 18027
9 3 41347
1 10 43355
4 8 66707
1 2 5199
10 9 66119
2 4 49067
1 8 62054
4 1 46771
15 12 9820
10 14 21680
12 11 74165
10 11 72657
8 15 14997
2 6 70799
2 5 12528
8 14 82857
2 9 45022
13 6 17854
1 5 85915
4 12 52113
14 5 56153
5 6 81094
7 9 22186
4 11 87109
7 3 61734
