1 73
752
14 8 10967
73 69 29263
39 49 27708
44 55 61539
57 48 14135
7 41 39725
39 22 9142
8 70 65276
21 8 84773
40 12 26348
52 25 26388
24 8 69920
36 30 85300
12 1 36045
1 41 36850
23 48 80815
11 70 89118
49 4 25326
43 8 18615
19 48 49016
65 10 13023
13 17 79470
46 36 49431
39 47 17577
69 47 35635
1 53 73277
14 63 45561
64 22 88619
21 64 25790
42 9 32869
18 57 64593
3 70 60984
52 26 44954
57 64 50560
63 60 55694
20 44 80840
24 57 82076
8 31 62189
52 35 2808
15 3 1407
25 5 84335
28 7 1626
48 42 15903
30 25 32467
42 14 87361
28 33 37435
67 40 66207
22 31 82794
71 67 22521
22 8 6706
55 33 78013
55 60 75816
35 18 85936
40 31 61452
36 73 32643
2 27 35145
68 4 52232
28 25 52170
18 7 20872
26 28 86831
37 66 6564
35 31 31015
24 49 41166
53 16 88324
70 21 70084
65 72 57572
26 27 3936
59 44 74070
28 54 78077
62 1 36418
22 35 27077
7 6 48826
59 23 44638
21 19 49176
9 10 3522
1 20 70235
2 5 68460
8 17 20716
26 62 30061
21 10 859
46 52 8927
46 42 56551
46 11 25182
64 31 43816
13 39 51243
23 9 74048
40 16 78817
21 26 33538
18 46 22070
33 2 88132
1 47 86537
47 3 28312
43 50 52855
57 62 56602
64 38 771
2 60 82002
1 10 14364
16 30 62286
19 31 82185
31 47 11137
63 48 80819
15 47 55244
70 14 53799
59 62 81947
14 47 42626
34 47 4295
70 62 77669
25 7 22808
27 10 15291
59 72 50814
21 13 68675
32 66 22687
15 52 66798
36 65 24351
26 10 65745
26 63 6148
38 14 65449
65 39 85718
65 50 58733
23 35 88
58 39 15390
51 70 86550
42 69 77464
20 31 1606
29 56 30978
26 8 6295
69 30 86195
28 5 70157
8 69 72023
55 2 88963
26 43 17382
67 21 8877
27 46 27245
22 49 70785
8 4 8474
61 14 30960
29 66 35910
68 20 52484
16 28 17604
69 9 42912
11 18 5573
49 11 64262
39 42 77284
9 34 39116
34 5 19259
67 17 23860
24 12 34720
58 11 53907
55 6 50154
69 1 23548
37 49 2184
24 58 66257
17 15 2825
53 48 4254
30 26 46517
71 33 42161
43 2 74046
42 56 21491
33 36 82513
26 72 88142
29 6 40902
69 46 81147
46 26 61537
27 55 68279
25 36 40930
17 6 44676
4 31 84416
12 48 35766
61 73 650
71 72 38149
25 10 16119
5 18 42121
1 34 60875
71 37 36287
34 32 24861
33 3 56497
29 14 37026
31 17 45408
63 2 33931
67 56 5419
7 8 54124
58 69 52915
71 53 50304
18 67 20857
72 39 15383
57 53 64784
15 42 66020
41 19 3887
65 25 42624
9 66 70510
43 48 38474
37 32 3895
36 49 44836
51 57 23416
68 39 36635
25 22 25118
40 20 27983
57 60 45931
56 35 33464
30 43 6698
72 69 14107
4 17 26565
41 13 33050
50 7 31137
24 32 15292
51 71 43627
46 38 66423
59 20 82748
65 33 69427
7 15 79376
52 2 79249
56 27 15735
34 52 89692
53 28 51844
36 52 13927
25 29 40724
49 1 18253
39 25 17750
1 60 75579
68 42 88935
8 60 6300
50 23 37441
10 58 38993
57 9 42425
29 41 63015
36 50 17740
8 72 82035
36 72 19093
9 50 35480
65 42 37904
10 2 72119
55 11 79261
6 68 74623
57 7 11829
20 29 60007
25 64 19200
32 72 67889
63 34 9099
48 26 12076
2 1 21612
15 10 24694
34 65 85868
38 70 39062
34 37 14999
54 56 38282
69 64 65666
44 22 2349
17 68 46080
46 43 8791
36 44 63062
66 43 47898
9 3 738
36 24 56927
40 57 78889
2 17 46687
16 60 2363
12 60 85052
25 33 56552
64 52 35990
31 44 61268
40 72 36720
28 38 50776
27 58 44368
53 68 84374
18 19 74556
45 24 74918
49 55 47755
23 21 6461
37 48 86450
19 67 32719
8 13 83664
53 65 82705
12 66 35808
44 18 35412
70 46 60930
35 5 70259
51 28 76840
50 64 41247
70 66 48721
16 71 61604
3 5 49287
46 57 7780
67 53 28486
17 23 84310
50 4 31239
16 38 26894
21 72 18481
29 32 49071
12 28 73089
61 43 8091
33 1 39963
73 51 60667
32 68 41464
50 44 87139
57 43 86258
68 47 86575
17 3 23608
18 58 64475
20 25 7280
26 41 69532
73 24 63933
9 39 32644
41 16 17428
3 72 79215
25 50 14114
6 62 5313
30 7 53283
65 26 45979
63 19 14834
15 11 27258
51 52 64267
24 38 73452
40 8 75354
14 16 17509
62 21 26283
51 34 1117
7 26 46453
49 70 83923
4 11 86686
70 45 33191
5 69 4224
18 48 36977
1 21 35231
61 55 58254
39 61 3225
26 16 44719
48 65 1323
56 52 14266
17 48 45246
14 36 8988
32 14 87410
57 15 28772
8 15 27189
52 59 4325
56 24 19815
54 49 29636
1 7 72828
18 62 67872
29 63 48377
11 60 72257
42 58 37608
69 65 71940
28 43 1298
56 9 13149
40 62 63947
40 63 40775
30 64 27557
72 19 20977
71 29 66930
17 1 66935
21 6 36773
64 33 72460
20 72 46810
73 39 46697
55 18 1260
30 73 80580
51 55 33691
58 71 55934
58 49 65162
41 24 30812
42 21 44011
31 16 48761
2 67 69908
42 35 20421
10 28 29614
61 12 45096
59 37 61509
58 70 86502
55 48 36873
17 16 79270
24 4 74469
48 34 56378
47 70 52289
36 27 42410
33 11 19652
56 65 8683
32 65 43493
29 15 86329
68 46 35744
50 29 75023
9 16 57855
23 54 84338
59 70 68509
19 52 81549
10 68 67617
73 23 83427
67 1 997
6 35 55440
52 27 46663
69 29 1437
9 36 39376
6 58 31927
13 28 46950
14 30 80946
6 23 87140
54 62 25123
35 24 27427
16 19 14547
43 27 51474
24 13 80426
29 27 57216
54 32 75645
15 5 11910
56 31 42338
8 11 29025
67 30 40641
15 56 24154
2 70 41973
31 5 28242
70 33 38764
66 13 77791
10 12 26588
7 58 20173
58 51 37749
59 40 74323
62 55 54034
19 40 22609
48 54 11975
17 51 75433
69 27 23927
64 20 34598
62 37 84950
18 27 72436
42 12 22178
21 54 64307
13 43 33368
60 45 77186
15 19 68707
46 20 11059
37 72 51458
25 62 79196
7 51 28887
15 20 36514
9 25 74113
24 65 4907
15 51 51372
51 72 16046
8 23 26042
1 13 37002
70 68 23858
20 10 19488
54 18 55287
69 43 44633
52 50 35208
64 62 62324
21 4 47956
70 54 67535
28 46 61340
32 46 63968
13 26 70370
30 46 62980
66 26 76680
37 21 85776
12 57 39987
23 67 368
29 47 9007
17 58 3871
27 1 64156
50 70 57804
51 26 4979
61 2 38546
72 22 58968
65 12 39161
66 34 77121
71 63 68554
24 6 42210
38 17 24129
8 50 44960
3 27 51266
44 71 56180
21 69 37694
18 47 40439
56 22 15975
50 14 32977
38 68 36697
57 55 55399
10 49 58606
2 3 86191
68 23 85121
67 24 57523
16 4 86281
65 58 75396
31 26 17711
13 52 73731
28 61 31261
69 62 81631
18 41 89738
25 60 59368
36 55 59706
29 54 19036
4 44 62542
15 41 39406
15 68 77817
46 48 42686
7 65 80194
62 43 60738
52 67 24755
34 26 86812
40 25 87229
14 12 13194
13 27 16458
47 41 16355
69 13 77841
64 19 17106
9 65 15623
61 27 40914
10 42 46360
71 60 78455
23 10 49831
4 7 42235
28 3 60674
20 49 5230
7 19 66217
66 72 10518
5 65 72385
14 46 78380
48 68 34834
29 10 84801
52 29 3909
25 2 78205
73 22 52500
36 71 22486
26 59 79679
42 72 51352
38 5 60395
22 34 24538
25 69 10500
60 20 47339
50 31 39247
44 33 45209
45 43 38503
21 11 29569
42 37 19567
40 7 8079
46 15 19502
8 1 14176
27 50 8319
38 18 61796
70 61 1326
41 36 8835
39 62 53930
66 30 13896
24 69 22744
73 42 4330
43 33 39858
17 43 33884
22 60 75644
56 13 31066
58 37 24
71 2 33868
15 67 66915
16 2 63209
19 44 76683
40 70 23155
2 47 72744
50 63 83436
20 70 53333
15 66 85584
26 11 27069
63 68 59754
18 34 71785
59 46 80697
19 32 75534
46 35 48021
57 49 57747
5 1 60920
70 64 85073
36 8 23339
71 24 41361
11 67 80205
58 36 72078
45 32 39436
13 37 8642
64 17 71703
21 36 89911
23 53 31429
33 15 84113
25 72 5856
33 51 53739
3 6 17448
21 18 78917
23 66 78863
16 13 89743
57 63 80637
64 56 38736
49 62 44736
59 21 41533
13 30 75082
60 62 40917
10 48 89761
7 68 15714
8 18 59694
25 17 30422
4 73 60292
72 47 10666
61 22 58098
29 64 78834
69 61 76220
33 47 45037
32 40 53631
37 30 57787
57 61 60416
51 48 53205
34 30 40934
57 17 55956
41 57 10604
42 16 57357
34 36 66688
49 61 37754
21 22 78093
48 39 61870
49 23 27822
40 2 33387
37 70 36450
5 21 15740
19 62 18526
52 68 44987
12 47 37640
53 38 29797
60 4 17144
23 24 19573
37 31 67018
64 14 43405
52 65 87546
45 58 1941
65 54 33356
41 5 24149
54 64 3118
46 22 89538
44 43 32927
14 33 9129
64 68 84830
18 23 30250
59 15 44779
40 52 12272
33 59 71388
29 26 30124
19 73 81675
57 2 67541
64 16 54495
32 28 14226
65 2 22076
31 70 3048
43 10 86767
38 58 86899
16 3 73883
56 34 25421
22 50 55661
22 26 77719
68 62 33202
9 19 11646
52 53 52330
15 65 80734
50 34 85335
71 55 19087
34 54 22426
22 37 86945
38 42 77424
9 41 64181
21 50 59309
29 12 33066
61 10 28280
60 73 8880
9 22 17460
65 43 81959
65 57 11521
62 13 43710
59 42 63637
62 50 62176
15 21 23160
37 29 20473
6 4 79535
73 68 88710
40 11 23013
32 57 18348
4 61 80323
49 46 22730
70 17 86203
18 53 81486
29 42 59002
24 25 89824
44 64 19138
71 7 78422
21 63 63336
68 67 13296
39 26 52933
23 37 13105
32 39 74511
37 67 73253
45 1 78585
32 44 18380
30 41 80859
10 45 52435
47 62 20262
32 23 14442
18 45 8855
5 60 33011
43 7 23735
7 10 39496
12 23 8958
7 17 70944
49 51 29108
38 40 19428
50 41 60522
9 45 18667
6 15 58994
43 54 42082
47 40 43145
61 15 30742
34 46 84329
65 6 62123
8 3 1466
45 55 27129
59 25 11004
51 12 74175
66 42 21148
23 29 708
47 54 85675
13 45 45783
36 7 71582
14 71 3376
6 42 63957
45 12 31180
48 62 34540
47 61 15601
64 18 3352
17 49 29075
15 45 28551
2 7 68652
32 25 32074
42 53 3950
41 59 23584
26 73 39255
66 59 9595
39 29 53781
67 44 76924
6 12 16154
13 14 75177
65 46 51816
45 26 27498
72 10 40616
15 49 12201
34 42 54774
11 27 42287
22 71 58821
59 64 72991
65 22 6957
54 4 88325
29 2 6691
32 35 39154
5 39 37787
47 49 6539
