1 87
505
29 8 10006
57 81 76687
52 75 8386
28 47 63066
87 11 65168
34 67 54677
75 26 28554
25 82 44762
84 46 18051
57 47 48681
86 66 19501
36 38 59452
17 29 54470
69 63 36
47 67 66270
40 46 61612
48 59 61984
67 10 63628
54 45 14249
7 72 4201
10 62 67214
13 87 74356
3 66 49963
29 30 4009
30 21 25419
51 30 32252
69 31 33854
31 33 42534
3 4 32264
19 24 3057
5 8 37004
60 54 77367
41 76 21721
82 23 28029
37 46 59999
54 27 89615
42 52 7177
52 70 62997
33 84 17495
11 48 29906
47 75 64078
87 69 84458
38 77 60807
36 22 70754
87 47 40796
50 57 73094
72 9 65979
85 58 3678
19 43 12855
30 22 24701
50 86 85064
41 11 54675
55 87 83533
58 40 27687
80 22 78383
11 32 62492
77 62 756
56 57 41304
56 16 41109
26 50 36792
86 12 7122
74 7 11214
56 86 53742
56 77 61405
87 8 70111
36 63 22440
75 23 40448
41 39 48283
8 44 42899
87 22 6062
54 77 51718
62 76 62186
56 75 70906
81 51 44272
19 42 15926
42 8 68881
76 16 34440
86 72 16644
82 77 48015
33 30 54901
18 73 36816
54 40 43121
23 28 37914
4 27 79988
33 40 56774
65 44 78120
12 16 59760
57 74 84574
86 70 35214
69 17 75981
25 6 25809
72 38 50203
67 63 27263
84 43 7611
44 12 19877
77 64 30237
53 75 69264
57 36 87749
78 34 5984
38 7 24073
10 32 16381
67 8 66149
76 74 14066
42 79 27135
3 44 67263
29 3 1483
50 12 24254
87 54 10143
12 74 48773
83 77 57288
47 55 64357
38 83 70903
52 7 77029
26 44 12098
58 43 71110
64 39 4380
87 30 27205
50 68 48962
68 80 1660
70 77 71711
71 59 11284
22 29 57372
27 5 59225
63 76 41843
86 75 32360
3 30 8037
19 1 5719
60 10 37246
21 80 38731
16 7 15861
54 25 75132
44 87 9240
75 54 77556
39 74 19342
74 84 22127
11 57 60905
82 84 65028
36 51 29931
74 86 34496
14 57 6859
47 77 75551
83 16 5175
81 76 54011
56 70 80310
37 11 45090
33 13 38016
20 51 50014
72 81 21070
87 76 79391
62 51 69651
79 52 55227
27 12 44824
85 4 25986
21 79 27113
35 44 76354
55 35 2501
87 70 54506
83 44 44270
13 60 29236
37 47 83777
9 1 30403
14 83 3025
3 51 39437
42 84 36391
84 85 63333
81 32 28534
5 45 27108
59 3 58649
86 33 35037
75 64 58688
43 15 16508
79 19 89504
86 62 45479
19 74 64384
56 72 41616
86 51 24966
11 6 38358
38 84 77988
33 57 76262
16 55 71986
38 66 5198
55 21 41974
84 12 28653
39 14 82828
74 10 50018
46 50 62733
40 87 3878
56 39 42233
69 85 14984
22 74 15955
35 25 50385
25 3 9853
11 29 34085
45 74 36907
27 30 63731
69 80 62167
13 18 30956
58 44 56409
86 78 38604
49 74 66618
46 5 14054
77 60 79583
61 41 73132
30 75 42402
35 65 51917
69 12 38003
40 18 35606
12 20 6366
84 6 88674
18 24 87647
73 45 74261
39 52 74055
83 45 68225
26 84 14675
28 69 52988
55 54 267
37 60 80210
23 2 14171
7 84 56276
1 65 71530
87 60 16834
25 51 65853
65 76 5117
18 29 54508
10 56 23562
76 54 48942
2 72 20640
45 61 57512
82 42 65802
53 78 62846
67 48 37259
40 17 35623
84 77 18707
18 71 2956
78 50 5204
50 75 14873
79 65 66803
6 70 53701
45 78 70683
32 84 60066
44 57 68643
5 11 38150
33 63 12660
83 29 60106
12 68 18961
84 52 87402
62 38 76259
40 81 15051
87 41 84569
16 52 65800
79 72 88064
78 16 79208
86 55 19358
76 59 10579
34 86 14739
11 85 4820
82 36 16195
68 19 76590
73 67 23001
44 73 26348
11 43 63373
79 10 64253
56 61 7922
78 72 79210
80 38 71936
60 58 49320
78 55 29964
14 26 17258
76 3 66547
30 42 80893
10 5 10809
8 58 41824
84 63 1041
29 74 12786
5 24 25992
79 53 86012
78 46 55475
80 28 25682
37 27 2080
76 2 9494
78 85 65188
63 75 22793
11 66 27336
78 76 59425
55 68 65677
18 9 88759
39 43 53610
6 78 60458
52 8 45816
42 80 69216
23 56 32080
6 87 68131
39 11 30278
86 57 19371
29 7 4822
69 4 28155
54 74 55209
46 17 81734
20 8 9512
50 79 77626
60 14 33096
8 59 89060
36 87 1159
47 21 89877
41 32 19538
27 60 80922
17 10 41563
35 84 47390
19 70 25315
70 75 61180
82 83 21404
77 9 29430
70 35 65794
76 61 51742
56 58 8722
85 40 32123
85 10 30962
19 84 1613
3 22 86681
77 10 31119
43 18 60464
38 13 28603
85 70 29210
36 69 10304
76 10 40199
13 81 14701
53 61 63274
4 42 5633
33 60 29498
26 6 57218
21 7 52740
27 77 25448
65 51 72917
65 83 478
57 78 21964
68 24 23434
6 41 74187
55 80 89888
3 79 68675
11 28 87390
43 6 42035
45 62 45491
87 34 31478
7 39 54808
27 22 14648
37 76 35469
51 8 87240
81 49 38206
2 84 44281
46 39 6537
14 85 12000
35 78 23779
76 71 86586
34 59 33602
38 25 60439
82 70 16881
59 77 46421
29 28 41077
72 68 31526
77 18 59502
5 74 34334
40 56 69700
3 19 57385
86 63 47930
8 83 57630
6 40 3750
3 52 27199
86 17 41634
38 34 12562
59 30 1578
51 66 75707
56 20 1676
56 18 63817
73 47 34286
87 18 13613
86 54 4318
25 31 8221
65 37 9740
9 84 32457
48 29 82048
20 55 39076
73 25 56348
6 52 58584
28 55 42711
1 66 33901
80 46 83606
86 85 14869
69 56 66017
76 79 6397
66 54 16150
80 59 33757
24 2 22563
43 31 20664
80 77 1056
60 3 2251
22 67 84303
27 35 4536
16 68 5280
60 30 8702
59 58 48025
37 20 2616
83 9 62979
7 42 78516
55 79 51611
55 31 22238
49 42 53981
38 30 5576
48 25 6744
64 6 60501
64 60 3939
55 75 54346
81 84 50065
9 52 22497
66 73 59385
65 77 52592
16 74 52625
56 79 8019
60 79 73726
41 74 8842
70 9 30804
71 86 16024
31 57 31587
17 33 78512
40 84 53166
19 65 31816
80 44 27568
16 29 40068
20 77 13530
27 24 4923
2 45 30415
52 4 3417
72 48 3220
22 84 32312
7 61 70571
10 66 46096
18 36 38782
6 72 85752
55 56 24269
4 77 55147
14 77 64838
42 23 25513
52 76 41463
86 24 54492
28 34 38569
87 72 10084
4 37 51980
36 35 9436
70 13 31074
51 74 25464
3 74 44567
3 68 55940
8 78 28705
76 77 35183
67 20 69054
7 5 81962
70 81 42830
80 83 64454
24 79 16972
76 29 36917
37 8 33336
23 63 46747
20 80 50377
30 23 48105
79 75 31895
25 18 56418
63 41 80216
1 58 89245
43 81 55850
22 33 38952
81 42 46685
24 33 62582
25 47 5000
47 78 72451
45 33 49153
73 46 45837
2 22 57442
75 24 43740
4 23 84598
38 44 59779
43 51 43738
39 8 37530
85 52 59892
24 70 45162
64 7 41842
11 50 82704
44 39 27391
27 44 88395
59 83 56314
87 80 23200
66 57 87584
16 6 36356
77 25 63380
61 51 42351
22 13 58018
4 39 13274
3 21 43902
39 55 80466
7 69 73267
40 34 20181
64 72 66603
48 84 85663
87 33 5773
63 77 64377
16 82 344
78 73 10239
