3 17
45 39 75
6 7 88467
17 1 15677
6 10 60312
14 7 14916
11 16 1004
3 5 29677
1 13 56553
8 1 16870
17 8 7884
8 14 19975
15 10 30624
13 16 84611
16 17 49248
4 10 9553
13 15 41959
4 6 84097
2 4 87774
7 16 56967
9 2 68930
7 12 69277
17 15 20039
13 4 383
15 8 42822
5 13 55886
11 5 18678
5 2 4212
16 10 2693
15 7 40136
6 14 85762
3 10 4249
11 8 31929
7 2 79411
12 14 13040
6 12 49793
11 1 4280
17 4 10243
15 16 18214
10 8 21761
12 2 18655
9 16 18873
2 1 11205
3 14 44909
13 10 57803
11 9 13461
4 7 84380
12 10 32623
3 1 89233
14 13 60501
2 11 6774
8 14 30750
10 9 82565
14 10 80684
5 9 23002
2 12 60771
14 15 38261
11 8 77400
13 17 77598
7 4 64599
3 4 69016
13 4 10108
7 9 17923
9 4 89999
8 5 83606
12 9 20503
9 2 15697
4 6 4412
1 12 87854
9 16 42286
10 1 86098
8 4 6902
4 10 36149
14 16 57082
13 2 51766
17 1 43028
11 4 30102
5 12 15874
10 3 67196
2 4 10841
6 11 70263
12 14 45321
2 14 29404
7 15 58196
17 10 8071
5 11 25137
6 7 75888
16 11 25439
4 3 38512
7 17 79190
3 1 84328
15 16 69622
14 6 45834
16 8 10819
3 12 13212
10 9 42760
13 16 1930
13 2 84055
15 17 62525
5 2 1807
7 16 34930
15 4 11995
8 2 45228
1 4 9119
5 12 49775
7 15 68473
2 11 6361
17 8 18004
1 10 27465
4 7 46907
11 5 47860
9 5 4329
2 17 25098
10 12 12406
2 3 32118
2 10 44822
9 14 33570
9 6 82688
15 9 4501
16 10 18492
9 2 58181
14 11 46781
14 5 28056
4 14 51725
13 15 8466
11 6 57153
4 5 19594
14 10 33422
14 8 20632
1 17 26450
8 4 72699
16 2 2496
1 5 16995
13 8 40097
1 2 89805
3 13 51230
17 10 48189
12 14 79989
2 4 70667
12 7 41717
2 7 34409
4 11 83022
3 11 39675
6 4 46993
11 10 46583
17 11 53266
16 3 44902
11 15 40346
13 10 40286
5 3 69528
7 8 5226
4 12 66028
1 15 2652
3 9 28433
9 16 86172
1 14 62215
15 14 25142
13 9 5987
12 15 57470
6 10 47979
8 11 39424
