353 6
12961 6815 12719 13824 16807 18766 
19789 4203 16037 15061 11371 8192 
9715 609 10443 16387 11567 6014 
6627 15863 5738 5384 13828 8889 
2608 6437 6774 15434 801 8552 
986 13010 13925 14446 1491 7940 
5165 14027 17427 3427 13011 19487 
15282 12968 8542 14626 11024 19640 
14259 2807 1894 128 6643 15352 
11964 2627 13155 11472 19785 11435 
16275 2566 2357 5260 16276 14316 
6091 9189 8389 8830 13645 16313 
18955 12664 15587 18565 13645 13572 
16436 16946 2307 18115 2129 18911 
15912 14957 10986 1023 4450 10824 
8268 17002 11057 518 7836 6085 
16967 4184 14460 16433 9103 6722 
7897 5064 8649 13656 2364 17675 
18329 18442 12765 4460 15326 7706 
10818 10677 7116 12729 3181 14614 
1944 10946 150 18433 7675 5685 
14166 18027 1333 18298 330 19651 
19688 6449 3610 11287 14142 13228 
1615 16964 16758 18882 13871 16983 
15096 16763 7866 15354 5471 12912 
14600 10316 1155 7302 6692 18227 
7209 13352 13969 9130 3002 3038 
18064 3820 3665 4186 13833 3574 
12198 6706 16912 7067 15116 8058 
5989 13623 7723 18044 2549 11419 
8444 14094 10285 10252 2249 1324 
16751 6628 17135 1763 9892 12388 
8225 4771 6161 14920 8587 4242 
4838 3008 1404 14259 16762 13576 
11279 19053 2359 6973 13329 8859 
7058 8764 1580 18684 8008 14660 
1592 3148 16270 5127 19958 10567 
10958 9135 12255 3605 14281 5398 
17976 5343 11373 10863 6351 9218 
16080 12525 17852 16426 15267 17265 
10754 19003 7024 16193 14134 3668 
16763 11511 6436 19618 17552 17809 
14180 13402 6713 4111 717 18330 
19440 9556 9606 5604 384 15376 
6531 10342 8482 17325 135 8127 
9859 19193 9002 5976 1241 19133 
2489 17995 13930 14805 16670 15968 
13952 10784 14404 7925 16661 685 
14845 1859 236 15112 1365 8153 
14676 17753 17553 4246 180 4848 
16911 5226 11248 2962 7245 9453 
14473 17896 10699 931 19337 18157 
19153 1012 5844 17134 6425 2872 
1818 10028 14961 15095 4711 2656 
9820 3465 5098 9893 2835 9551 
18357 17643 3902 11605 3841 16352 
9433 362 7652 9935 19624 10930 
15991 16155 13732 9457 5830 4731 
14461 3809 16443 15697 15383 7312 
10309 830 14391 7349 9900 3978 
2396 7277 16220 15776 346 2793 
8864 1422 9645 19319 10163 12951 
11749 13200 13985 1212 16455 7702 
788 18452 16378 15029 19868 884 
15673 8916 1414 17346 4746 15730 
9078 7714 18036 15623 9204 16708 
19983 17872 197 5244 10039 12658 
17220 17467 8387 18570 19061 14891 
2353 944 4279 45 15810 698 
12699 19829 4605 7266 16521 925 
6578 12255 14258 15239 5038 7390 
12451 18815 1855 15982 16958 1181 
19443 17274 2212 11908 17969 10265 
2771 5340 17598 8360 19223 4103 
4694 16092 14339 13514 10728 19586 
10872 14583 2760 7048 12815 9455 
6459 14245 18714 19963 1802 14774 
4811 1014 15937 5727 14876 16406 
3598 19610 8832 12918 722 19120 
16344 13391 7050 18844 13695 4536 
8652 1648 17860 8052 15457 8112 
3100 13162 11175 4547 17941 12123 
200 14910 14052 6421 7276 14442 
15900 1881 19169 9269 17162 12135 
14899 2847 11001 1202 3520 12692 
14007 9085 9601 11759 12038 14411 
15005 12490 10327 10150 11136 19346 
5760 16633 10218 8467 17523 5674 
16037 5384 17729 9098 3983 9112 
9536 4922 3259 13600 8839 8828 
6029 7481 12714 3443 18389 1552 
11096 11436 12337 4920 4760 8840 
5582 18294 10829 586 8841 13591 
606 7925 3646 10274 9285 3575 
4254 13488 18091 6953 5042 11379 
1124 1412 19443 7105 19471 11979 
1846 19324 2212 14306 3093 6715 
8636 7133 4821 5953 18677 9384 
7529 16832 286 16498 16339 13320 
10533 3956 2462 4970 16964 13642 
8068 3120 17682 6278 17172 13961 
4172 7665 1847 8203 2492 11161 
7734 17650 14896 15851 4087 10821 
4406 19717 2074 19555 9455 2547 
10925 14371 4003 11921 3716 4665 
857 19633 8736 1487 16348 16384 
14503 15831 15000 18928 775 10529 
2864 8983 19858 2132 18021 14756 
17121 6705 3376 3820 5155 12742 
7580 13972 16227 5599 1004 14981 
15757 16443 6429 4825 4643 9506 
17149 13403 2023 7013 6203 13 
9663 10140 19157 5806 5041 6451 
5922 18125 11246 14630 5043 2292 
5018 5566 8908 11639 16369 14021 
5114 18743 9318 14426 6575 6993 
19092 11426 16484 3095 17540 5619 
18595 16213 17972 3952 3176 12777 
11572 8045 14186 12125 1421 9166 
5716 11470 628 15380 9354 15289 
16835 4713 6110 18284 2941 13744 
15174 19594 10864 17716 234 8566 
12370 1705 2506 16460 4524 8772 
16913 17961 393 11576 16053 11159 
10354 12394 11988 1420 5361 5973 
8703 6469 18830 10148 8589 10171 
14762 15163 5535 1514 14520 18549 
2739 10732 1169 17186 4126 19761 
4109 4894 4976 4280 17044 12305 
1380 7402 10007 11965 5192 8283 
6790 7233 7515 1070 15151 1970 
394 8192 16611 9029 10297 10600 
2192 2443 7092 10605 19685 11435 
861 7620 19351 16706 8426 3319 
9184 3675 17860 8025 16139 6754 
5785 17178 14910 18630 3874 8326 
12714 16012 16265 12261 7499 1552 
12273 11322 3565 14197 19841 8490 
16004 12768 10580 7729 310 3942 
8516 4009 1904 8242 17519 12806 
14621 17027 19639 3959 7917 10359 
10673 4407 18557 6849 4198 1405 
4488 6455 15529 3311 13412 14916 
12141 511 14285 17359 9665 8679 
9237 3145 18057 3505 3071 11485 
757 1677 3161 19578 1346 17306 
5355 12726 13403 14963 8195 7069 
14922 19210 19768 18503 16896 5728 
5438 12318 6184 17687 2749 565 
8082 2701 9207 151 4929 10857 
2570 536 15058 16520 17324 4896 
240 11787 11050 16735 3872 6123 
5578 14197 11569 3485 3283 8175 
2495 14343 6033 3502 10732 19276 
4608 16175 5065 11429 3183 318 
4987 12874 1317 7669 3112 14461 
16944 3772 15287 19690 2701 15754 
6468 15833 14779 6452 2001 5703 
15345 18486 7992 8982 9665 11415 
14799 3065 4701 19359 10172 9169 
316 14284 387 2231 17905 12080 
3152 10009 10699 16404 13935 11837 
12516 10746 13903 13591 14514 17281 
3770 18874 160 8172 7678 2552 
2367 8952 4927 14999 8637 18062 
9257 4691 1546 393 9063 18990 
987 7542 1713 3099 3359 4869 
19420 18187 14491 10729 12335 18403 
13926 12168 11321 12978 11758 12433 
9411 14701 16287 12259 7460 6433 
5684 12803 11809 11630 1857 13764 
18853 2163 9484 18844 4417 17729 
16641 17587 1663 12220 12749 9872 
9209 10558 5977 8188 9625 11091 
13606 19510 16399 12311 5586 7380 
10635 17530 2626 11599 16103 8932 
13880 11842 14677 12941 810 19906 
8909 11839 18073 15615 4943 4076 
4944 8996 16768 6867 13686 14745 
6364 13851 1039 18478 2185 9173 
11384 10736 14311 440 2524 765 
12471 7154 4867 19015 16492 18083 
5693 10939 4685 13976 3317 14119 
2531 16763 8512 3354 18394 6266 
15364 18198 3115 12055 19655 6185 
16849 775 11724 5469 12699 35 
8447 19348 17017 15782 15003 7904 
4386 4893 6798 15835 18480 1888 
15142 7363 13035 1838 7676 236 
10125 14673 1548 18636 9768 13124 
2245 8179 4889 17260 16456 17343 
5314 15501 17330 9703 14790 10684 
3928 12296 5184 6146 11781 14343 
1477 3969 16055 13655 11966 11227 
15437 9161 18676 8893 3561 17992 
4014 9291 15778 12144 11673 16985 
10698 11223 6064 13974 9732 7055 
12179 9262 15653 6070 8723 16808 
5271 2645 14267 7060 9684 5534 
12763 1918 132 705 8821 17243 
13440 13219 2521 2885 1280 8280 
15236 13841 5325 6335 19502 10683 
14637 4930 14605 14766 19446 19929 
10310 5703 11349 7011 13329 11383 
5218 10065 167 11691 19117 9660 
13503 16908 11098 14014 2562 13835 
5442 11444 15370 4664 10872 11243 
1497 17803 16927 2623 1491 19965 
14208 17705 337 17115 4077 50 
18323 19280 8458 12460 3293 13938 
12921 314 5373 5846 3329 15715 
3763 16565 6452 14842 4762 12071 
4000 18098 12394 9489 19877 9732 
16987 9066 3514 2183 7417 4002 
1927 7283 9009 6618 18302 10127 
12497 6524 6936 5920 5686 11467 
18820 7863 17354 13006 7578 10451 
936 11747 19930 12597 3394 19376 
18714 13407 7497 4936 17203 11924 
1018 14312 12199 11901 9764 4840 
16441 4396 17195 2355 19737 254 
1632 8509 7214 6799 9336 16541 
7670 12341 2390 18597 19355 9889 
18951 6757 566 17144 9685 19497 
6214 8429 10773 16513 18343 8592 
1465 7067 898 19487 14553 13330 
8133 7403 667 18637 7784 6190 
2952 4262 3312 7855 9015 19460 
19707 4754 10200 2872 15941 11476 
2322 7906 272 11115 14431 19808 
5023 10048 5988 10953 14128 7374 
13960 18205 10702 6473 15029 13065 
5732 4056 18917 17756 12740 9706 
3715 14311 19950 14664 8888 18898 
10102 15244 5416 9049 11846 8940 
8920 7435 1704 16762 13011 14956 
14609 14556 14776 17114 2247 18224 
2387 11977 16604 11505 1803 1833 
7040 4490 13085 17767 8396 17861 
6398 4289 4278 13068 19943 1985 
16627 15178 198 408 2136 17322 
4810 4716 153 150 9615 2809 
2003 6746 14770 10217 504 5000 
3085 19497 17418 9736 5894 18894 
12243 12038 11568 1098 14504 3267 
18793 12046 15298 19550 19218 393 
13806 19829 3756 19024 10861 12545 
15431 16404 5022 11998 11734 13880 
8856 8437 13833 9585 14115 8422 
10498 1356 18565 18736 17068 8965 
5979 4409 16332 9851 12886 18069 
10361 10404 3751 16395 12820 10702 
8286 399 962 3852 15037 5520 
19357 5617 12567 212 11118 1934 
6123 7317 2293 12317 14536 1954 
13077 5216 5734 16615 3436 2808 
19724 3071 12849 11519 17900 17874 
18972 8194 16789 9900 2040 17259 
6910 3795 16148 615 8204 8391 
5617 10006 2235 14679 13865 10503 
11051 10176 13649 8396 1617 7333 
17377 2054 15610 15216 7630 2528 
9889 17417 12951 14490 9392 2554 
19609 9168 9142 14102 16747 11865 
6114 2832 10746 15773 8668 17709 
7684 19595 9220 12159 10614 5888 
13481 10488 12055 14735 14980 2064 
12899 12312 3261 17319 18122 8622 
6024 5309 16373 8936 2876 7627 
5241 17089 16014 18206 7202 18609 
9660 11076 19897 7880 10120 7862 
17351 11341 1220 8444 17783 10965 
3876 9129 12857 11673 11403 12309 
1680 17100 11724 12049 14678 5358 
14221 14572 1557 17466 5489 2868 
17126 3975 12205 14419 12875 3296 
4188 53 14268 12114 7982 18244 
19897 2654 10873 3228 17162 13185 
1055 9633 4405 16904 73 17599 
6115 19399 8903 14874 9717 4579 
683 6770 6456 13462 1872 17952 
5405 10420 3394 1084 13816 13510 
13698 12204 17249 19606 5023 8510 
13429 12191 14368 3016 10029 3003 
13783 770 16569 440 1693 9832 
6071 5658 14247 13484 8471 19273 
3790 19867 7142 17292 18766 7434 
4042 16244 11338 2922 18880 4824 
16964 13242 16630 2817 12483 18954 
2836 19974 14776 15236 7968 13324 
14737 5999 2812 6997 1745 8018 
5072 17703 2200 9660 869 11098 
11955 2491 487 7267 7177 18578 
8724 3462 13528 3717 7259 5680 
8567 10233 834 4255 17899 5135 
14839 14436 7470 11123 1551 2694 
18266 3807 6697 5677 1522 4220 
13770 57 2583 7844 8451 12573 
1720 19352 14251 12459 3303 1030 
16916 9002 7641 8296 9519 2779 
4963 11666 6543 5438 2891 10172 
5988 8224 8127 6638 10728 5010 
11841 18138 14853 18598 19385 11466 
3855 15168 13047 5124 4337 10967 
10023 3208 7616 919 8936 1237 
12825 9372 1681 12046 643 8602 
8246 18925 13103 14613 16649 7452 
297 16998 14074 1894 4033 11843 
14936 2593 16642 12581 8060 19951 
5742 19766 2661 12438 18425 8628 
14329 18623 18190 805 15940 1915 
10132 5505 17587 13655 18288 1783 
12438 13364 2392 8104 18939 9792 
5873 1556 6671 19256 1395 18508 
1635 2684 16436 19327 2329 5698 
18616 17383 15858 17882 5922 1453 
13423 19861 8544 7795 7647 9134 
15122 150 13487 19785 454 10685 
2074 15660 8313 18372 15629 8425 
15928 10180 1668 7375 16641 19693 
7687 3170 8493 10070 15199 19838 
13383 12611 12967 3120 19055 10116 
5213 1684 19949 10537 8194 1108 
2368 1498 14954 16231 12436 13758 
2968 12570 11869 9054 2339 4198 
16480 127 2196 17549 1057 15991 
7319 17366 14123 11331 14061 11773 
14966 2888 6366 15161 6922 6534 
298 13746 496 10558 1558 9562 
11418 5764 547 11317 11417 2019 
17520 19009 5741 19859 4526 11519 
8059 6951 2056 1214 1685 6906 
16437 138 10945 6730 4903 18156 
19698 13363 16119 1160 13109 11699 
8403 13781 14664 8695 5762 9510 
10318 11871 16435 16162 12393 5380 
415 3999 4729 11483 8544 16167 
4680 4153 3203 1903 6792 13888 
9267 866 2259 13533 11233 2504 
133 12367 18371 1613 3351 94 
16379 12951 19543 13654 7557 7797 
81 9545 11052 503 12065 2034 
835 14247 3469 9734 17236 18317 
19824 19026 10695 10837 4621 2147 
15501 12092 126 6568 19383 11275 
1518 9623 15469 14092 4666 15176 
4759 6849 6596 3991 521 3799 
14943 568 10487 4088 17519 17535 
7143 12987 6637 2710 16883 79 
11727 1255 16057 4324 16203 17241 
2510 8265 2929 19388 15092 10808 
17183 5026 6124 6609 17058 9768 
14647 8720 17788 18201 2988 17335 
