175 6
4801 498 18198 11396 1523 5441 
19135 17853 2677 9053 257 18000 
6426 2862 13320 17187 12439 8690 
16551 6801 9169 18023 13796 12660 
12145 9598 2748 8349 2349 2321 
8298 15439 2162 19524 18481 13681 
3938 1647 11201 13195 18475 3430 
7289 5528 668 2835 6617 4629 
6500 4559 9773 10734 19784 7931 
17271 4377 5579 12500 2555 16717 
16555 10011 8560 12714 8227 9697 
10341 5490 12963 13025 8375 18565 
6603 9477 19461 14923 16915 16939 
18448 12027 18252 3839 12505 14886 
4474 12266 3952 11806 3656 15891 
14595 18031 1966 5402 9940 11718 
7624 7597 10123 4996 19539 7771 
2651 2863 8843 17012 18330 3435 
14715 2699 5856 14180 15008 18520 
1856 3186 10263 15750 12137 18704 
2739 9098 18899 1847 19418 17668 
550 439 4622 7322 15824 16075 
5755 14864 14652 11528 531 2334 
11899 19652 4905 1015 5574 13498 
17715 644 18270 9488 13947 17019 
13939 5817 19081 12990 3125 9737 
17137 7272 19362 10115 5237 8299 
8063 15405 1976 892 12892 6635 
8577 1675 12814 14903 17126 10330 
3307 794 2300 16892 16307 11252 
10358 5927 10579 1631 19721 13185 
16907 2828 13339 16829 18944 4689 
15957 12484 17344 10475 3162 5896 
15544 8758 1402 12075 14096 6108 
16699 3567 4359 9294 5928 18603 
7724 2550 9104 7303 3165 12688 
8500 17539 5106 14965 13092 4771 
16068 4305 6960 13634 11411 4630 
8442 6473 12786 19298 1593 7922 
12595 12620 937 16807 3552 6735 
173 4342 15948 8445 7739 15704 
7646 6557 16163 940 17876 1848 
18800 2614 2894 17756 6809 11380 
16762 18594 6871 1420 785 16995 
18612 14669 16191 8120 5154 18510 
16479 12336 7050 4430 6600 1546 
12113 1762 3504 19563 9318 19855 
1431 5441 2154 16646 17843 15347 
7748 10840 13391 7650 2998 8345 
7213 10532 11325 264 7371 7113 
8183 19571 15790 9135 6150 18767 
6571 15580 14288 1358 11537 3987 
15293 11530 5246 4377 10125 16349 
10180 3195 7716 16808 14245 17556 
5090 15023 3492 10770 12657 6742 
16094 17715 12677 11126 12640 19334 
15542 13908 11050 11721 19326 7592 
9104 14870 15609 18755 17381 17360 
12800 14583 5837 19148 3065 12082 
17881 7663 12152 4774 795 12774 
15761 1911 5069 4043 16116 6372 
11935 9561 15767 9849 2919 14756 
10141 475 12103 2709 11587 10691 
11015 10542 16510 1917 5515 10583 
5523 15167 11973 9181 10906 6103 
2631 2545 13795 4931 8622 17607 
11763 13292 10963 12244 10117 8074 
9398 826 10663 15727 7417 3427 
8123 12611 8516 5220 17674 7804 
13069 9975 1327 16679 13935 14882 
6510 14749 19308 4525 16478 9875 
3599 6727 8641 15460 6755 15468 
18676 3580 16685 5640 12295 8861 
13549 14676 3674 5211 13229 422 
16657 7758 18316 17000 13565 14787 
7770 11046 7820 15551 239 1868 
13179 400 9160 355 16486 13547 
16270 8836 18682 13442 7391 5830 
17623 13747 13812 4508 9702 1438 
12706 11461 4711 15429 4048 9608 
12220 17888 92 1051 2785 19922 
8871 13395 7465 14162 9993 3315 
1539 17132 11209 18731 3631 6297 
11895 17857 3681 5657 12089 4582 
17119 3432 16141 8517 7951 15267 
368 17451 6169 4303 19160 9758 
19376 1714 8101 924 16020 16069 
14934 13131 11377 11334 15400 1579 
18992 11909 16370 15201 3582 2549 
4785 17104 13407 13392 11049 4047 
12221 743 15561 8558 8528 86 
17743 1198 16911 10547 16655 15126 
9100 3031 533 8247 16552 14147 
705 6194 12824 11968 9245 1344 
10707 6229 1752 14791 16386 1914 
6635 12121 15375 1465 8138 17708 
15075 18357 6578 3240 4061 11893 
1694 10834 7472 10097 17404 9157 
4864 13703 19873 7327 19140 6153 
12846 1489 4098 6194 12750 13675 
12548 1583 15074 11104 5473 19158 
5164 7321 129 6645 8350 10006 
5266 12698 8321 13793 615 1257 
3541 230 6976 19311 4470 13669 
18542 5094 18422 2893 3825 5381 
1709 17814 5410 8021 14661 3288 
3262 76 10726 5435 10108 16684 
6388 17621 15847 19002 11146 7918 
7011 4216 15300 15843 12292 12426 
13570 15059 13688 13801 12637 7219 
6399 15346 17711 2088 3691 15587 
3860 19050 2484 4617 12862 19571 
852 16048 16119 14080 19087 6088 
3199 9732 12413 7091 16801 16617 
16022 17404 8772 12867 18731 5327 
17568 114 5872 8024 755 10144 
1317 17629 230 8718 15113 646 
11702 15021 12810 17569 5226 1982 
13040 13881 2997 8299 16880 4579 
13338 11727 13647 5652 18853 9813 
14022 13272 15386 13048 9531 12300 
19707 13621 14851 10296 5830 5711 
2594 19428 5477 18996 7653 10921 
8396 13304 1196 15205 18426 7418 
5063 1284 10989 15557 16593 16925 
6647 195 19203 10874 6998 4754 
12180 16982 8743 14869 3681 12202 
9971 19307 2221 5076 13894 11855 
13798 9167 1523 14242 1004 6140 
10981 14194 19513 10377 7285 2997 
13899 9587 13686 8051 848 3891 
2693 16233 6149 8215 4499 1159 
15690 13207 3586 4750 195 3789 
16249 13402 7212 11655 15999 16402 
8312 14641 4120 1941 6835 11210 
4987 14753 349 4580 7825 8155 
7437 7816 1072 10124 7163 9462 
9549 19888 9929 16556 13670 3070 
17176 1167 1928 3119 12227 9213 
14214 10022 12764 11531 15950 3709 
12207 3474 9316 14941 18182 11200 
5788 17940 10450 9922 10139 2381 
14616 18776 10133 12148 6781 5791 
15026 19546 13315 6469 12627 8374 
5210 16931 5520 13017 12279 14162 
6347 6693 17864 10400 14971 16818 
9407 9926 2708 10087 1901 17454 
8396 18145 10677 13998 16016 8303 
3274 162 12529 11509 13717 15562 
19393 14739 11379 2501 13668 10977 
16499 14496 7648 2487 9479 16573 
1387 11635 16906 16201 19017 14426 
19647 12565 12674 12571 19062 17261 
3074 240 14462 14119 6881 2904 
8948 11287 10599 11303 13407 557 
530 473 4060 5106 18988 9589 
2554 9267 19290 10294 5369 1039 
16577 16746 18355 19154 4991 13347 
711 461 577 3717 18330 18466 
9080 14893 1187 3756 8602 11571 
9437 9711 6882 18892 8554 1475 
4024 12088 6589 15113 4592 17202 
8062 945 9022 8688 3821 5886 
1178 1624 14158 15842 9744 3766 
19574 16767 6204 13506 8142 1440 
9539 18824 9584 18637 14681 1343 
6371 6629 19073 18092 18523 3328 
10303 11227 9237 14037 11598 18918 
13908 1809 14208 2643 8108 866 
19333 8177 10458 8567 14449 5606 
16827 692 3927 16253 15726 5227 
12582 14060 10440 3920 17115 16910 
9329 4855 7822 11915 17393 2294 
124 4725 4465 9782 19575 3449 
7038 17292 5614 4412 391 15906 
