472 3
1682 15784 8359 
19331 6123 19517 
33 7420 4159 
3864 19411 19840 
18868 2244 10916 
12480 7547 7345 
18488 1757 12199 
6790 18771 5258 
16116 15631 950 
891 8404 16224 
468 5900 3640 
19259 19369 18083 
7236 15285 19034 
19821 7117 19273 
4066 1768 14632 
517 3873 17182 
13772 14976 14672 
7762 1782 11762 
5411 9466 15841 
14147 11600 5652 
10300 8757 2031 
5595 15627 3887 
9750 754 17936 
8250 2259 14822 
13937 7626 12229 
56 19038 8610 
4849 2383 10374 
2190 732 1104 
19667 5895 8541 
239 6448 17332 
1983 10674 11674 
3317 9046 1421 
15175 17631 19248 
4485 7061 638 
56 1006 3297 
19114 15009 94 
1769 17760 7929 
16197 5386 14014 
17477 15997 4865 
16503 4175 14409 
16679 17954 4307 
4059 7670 11322 
16184 385 7151 
4140 410 15550 
9024 9100 8927 
16710 6833 1958 
19583 16330 16010 
2905 4551 16435 
7141 1549 5453 
15893 11143 186 
11226 4932 19852 
6694 6076 12405 
16230 1603 18227 
16561 10404 11059 
2117 18539 8063 
8578 8466 2614 
2921 6117 9340 
18095 8091 12262 
18321 7853 2088 
4809 6619 8407 
17390 11741 11242 
14014 15537 3117 
7999 13069 12040 
17439 14777 15478 
15555 19827 11539 
2703 18237 19709 
17051 11090 13887 
15941 19414 7232 
2601 19712 16292 
10147 19185 4037 
4804 12391 1621 
4324 183 11952 
15884 18979 4694 
11982 6153 9090 
6545 13134 9340 
18549 17479 1856 
11262 10003 18367 
18275 9441 17771 
11122 10824 4941 
10293 10236 892 
15167 17981 16801 
6120 16623 17368 
10077 12078 4248 
19742 16433 7571 
13996 19795 16214 
16441 19021 14765 
3710 5547 12586 
10000 10522 12171 
11142 3234 11011 
5773 19405 8167 
6647 18956 19569 
10389 145 19833 
1631 2303 17751 
5019 2593 3468 
10529 16843 1899 
1387 8315 10712 
15089 18672 4243 
8027 1357 8821 
5777 8851 7590 
17220 17687 6030 
19576 7948 15832 
16440 4943 6912 
284 3200 8705 
8157 8958 9454 
4706 1410 9794 
7211 8689 5025 
10717 6301 2254 
7101 13011 19082 
18610 18895 1465 
3898 6794 10465 
1974 11784 3802 
9350 18863 13381 
5542 5338 5934 
1171 16010 15818 
12910 10821 7242 
18544 5885 7319 
15990 7192 10635 
3329 18245 15339 
619 5725 17811 
2282 12914 12594 
19561 19086 1592 
14674 5664 18882 
5698 17756 7166 
15285 18531 5765 
10135 11460 16319 
18896 2281 14296 
15407 1953 8104 
6576 8020 15637 
3064 11367 18527 
1556 17108 11278 
257 14117 3672 
436 17773 19016 
12079 11263 921 
1675 3584 10553 
7563 18406 4294 
13129 16604 7093 
17054 3912 18235 
17542 9044 10336 
14881 2820 575 
19655 10525 733 
2408 14262 16591 
16381 5909 7275 
1850 14598 9046 
15533 17654 19256 
12577 11539 19692 
13842 19432 12958 
5226 6202 13812 
11601 6369 9345 
18984 3792 13671 
16331 8921 2281 
11798 14363 7253 
10148 10706 6582 
11398 7231 2384 
2940 16155 8078 
4634 19241 14553 
10483 12354 14078 
11759 7594 7528 
18026 12606 12414 
19657 16878 5359 
13900 9536 1418 
17089 17709 18412 
993 17943 5238 
13764 7323 9800 
15810 17348 728 
4518 3143 15183 
1893 6855 12875 
13368 5788 1187 
11852 2837 260 
11423 4742 11666 
3124 17251 10489 
16160 4885 10150 
13577 18743 5217 
18028 2535 10975 
17552 10089 4728 
3571 17855 15432 
13976 9386 19132 
9066 14528 1104 
15602 3648 16737 
6720 4966 14587 
8100 8994 341 
11431 8067 11636 
4628 16409 6670 
16258 8302 8344 
14714 13660 11916 
8147 16713 8881 
10964 4708 3234 
11482 14206 6840 
6712 3683 9792 
16577 2962 10257 
11235 15754 9631 
2410 6822 13591 
18781 5054 14766 
10436 11921 15883 
4141 15711 13294 
2128 13790 12873 
15007 4521 15797 
2721 9038 8135 
11118 3573 5887 
2311 11247 1373 
19482 1897 15281 
14143 12712 15524 
2744 9778 9621 
6886 14916 13496 
16780 4342 3387 
5593 19466 16881 
10919 5733 17368 
19358 11368 17855 
16955 13155 13802 
9136 6021 7956 
7579 1842 13686 
2793 11236 11829 
13522 1072 17941 
10163 14758 14405 
9389 82 6411 
3315 1279 11159 
3817 13646 54 
3993 3569 11891 
1049 1310 6716 
3833 17513 10557 
9272 7013 2901 
2707 13345 2850 
6369 2554 6740 
16072 7726 9987 
5324 7440 6558 
4042 9445 18977 
5557 8376 16231 
9213 15619 13010 
439 19343 6245 
3666 10201 12241 
4363 8082 8560 
17645 11295 1144 
18930 4910 3676 
7231 9969 11325 
3817 19761 3441 
3219 16697 10912 
19340 3517 139 
16526 3255 18202 
1669 16541 10030 
1574 10260 12196 
3221 406 10534 
12375 10947 11624 
13730 12512 10218 
4817 12995 589 
2590 12541 7852 
16286 1981 14481 
16009 9111 14295 
2595 1963 14637 
8649 6830 8456 
19993 17075 3687 
5456 5942 13994 
14482 14839 16579 
10414 14180 954 
4920 15042 3749 
11393 7483 2097 
15839 3308 11197 
5052 6646 16969 
12912 18120 11926 
13253 15781 11303 
9055 12244 17935 
12309 1881 13533 
17337 16061 1430 
1764 1945 1534 
14103 15698 9440 
11753 18823 8056 
12421 13438 12324 
12228 15983 1786 
12963 18785 4407 
5838 6181 5486 
4975 7432 19736 
16248 16636 9522 
18952 17362 4707 
7952 18111 13291 
5572 11648 17059 
11026 2188 6056 
3248 8323 10668 
955 13377 3769 
2272 4427 2230 
4084 11126 10944 
14832 1973 8911 
10565 3344 1499 
703 15119 9783 
2309 19241 62 
11441 6738 13611 
9260 16049 4417 
13528 11359 12553 
4655 7936 960 
148 13831 111 
17240 5556 18948 
5058 3571 837 
136 4735 13012 
16749 16222 4377 
18061 19903 15819 
2139 15510 17256 
4337 16491 14833 
11035 6719 18307 
10691 10414 2437 
502 7907 13575 
1993 2482 11276 
7164 7698 19901 
1541 1991 14905 
15355 12976 12592 
2069 18131 2709 
19595 15287 14274 
12233 18218 7718 
5650 8996 9153 
9345 14230 7167 
10264 12796 8964 
277 17405 7422 
399 19248 12497 
13748 5630 14256 
8658 16610 4123 
10113 12717 12819 
15494 2510 15473 
5014 3856 19804 
7365 13143 11791 
16948 13951 11013 
5333 4118 13738 
15225 11787 3224 
14485 6689 14943 
7701 17318 817 
9609 4903 14212 
8148 6190 16914 
14438 2820 5344 
18624 2013 990 
4123 5844 8637 
13237 1717 9147 
13671 8951 1092 
2733 237 2012 
10642 723 6322 
4666 7641 8621 
10418 6556 9804 
16100 6033 5667 
9603 3815 16126 
10387 10871 3245 
9180 2849 7136 
307 16435 6997 
13121 14357 11602 
14569 14908 18245 
865 17885 15414 
4140 18633 13965 
13370 7093 18726 
18952 19449 10476 
4257 583 6831 
15212 13262 18308 
18530 17743 5102 
4487 2977 624 
14975 14354 14052 
13720 7087 2684 
11705 11515 1813 
9909 4430 10509 
12238 4922 6459 
16003 15586 1699 
2561 1501 12178 
8075 19134 12061 
3221 5660 4183 
12369 429 16306 
14808 3369 5689 
15539 5381 1657 
10784 1900 5075 
704 10069 8832 
16382 9782 17344 
17117 13432 5212 
6528 4806 15310 
9090 2587 16087 
4752 7791 13913 
1656 14751 15629 
1958 16162 11701 
291 11489 12774 
3142 18049 13469 
13391 10638 8192 
13283 16583 11647 
3006 8764 9111 
1528 15534 5652 
6219 19756 11229 
5112 6553 15497 
16885 12652 2544 
15421 2961 3338 
5684 2693 10298 
14672 9721 4126 
11728 8263 10903 
13048 6770 3436 
8169 2466 1772 
9882 6922 3710 
18263 7614 11453 
1900 14327 371 
15817 9958 4510 
9065 14577 5563 
11285 10616 15524 
17306 5870 19330 
6071 16828 13757 
16688 9346 13464 
19450 16808 5867 
15837 16116 2768 
6292 12442 16495 
15514 9340 16660 
12514 19890 14521 
2816 8734 16711 
4645 2609 4191 
3397 3452 2903 
10137 18265 546 
152 4674 18214 
16092 606 12621 
16747 8901 2670 
17604 5641 7159 
13452 7099 1863 
3121 11147 17401 
17545 3539 2581 
18173 11176 10176 
8915 724 17641 
19119 11839 19067 
11199 5444 822 
11115 15192 5618 
12154 4202 437 
12187 10365 16257 
10688 5719 11264 
17227 4783 18644 
6593 7199 9812 
6920 6345 2508 
8324 3771 8029 
12924 14023 5615 
8769 19753 11975 
10530 14720 12580 
18852 3299 15320 
1362 19112 780 
4416 2427 16559 
18021 4833 10620 
13845 8051 221 
6870 10441 17582 
19389 6055 15005 
18365 8581 5342 
14417 16693 5905 
1450 8710 3174 
4759 12398 7398 
417 2429 11703 
14083 11895 13951 
16617 8657 7868 
6342 18527 8017 
18415 18755 7957 
11298 11445 4204 
747 11304 12666 
9775 17445 8534 
6878 17107 15688 
7664 6647 3963 
8411 19718 889 
1641 12932 17307 
11153 10245 9771 
18976 1777 2745 
19166 6385 16694 
10565 3258 8667 
4995 15778 5312 
15899 15232 9246 
12066 5316 19805 
2337 8921 11242 
8304 13882 19061 
14658 13431 19691 
14062 5435 10412 
13649 19957 4822 
2922 989 9127 
5057 11598 5245 
4560 668 5413 
3915 15111 1662 
15204 6525 14012 
14614 10753 18103 
13563 12023 9912 
7266 18240 14285 
13455 1945 3781 
14564 13803 13577 
1516 17509 7925 
741 9850 19264 
1418 4283 14317 
5877 9907 18242 
10361 1493 743 
