187 6
8148 4669 8071 16797 13920 19071 
5920 9605 11013 4414 8325 12359 
7998 19495 14179 10685 4612 13641 
4837 10765 12364 9611 19813 815 
4725 10101 3731 4958 6367 12310 
17076 8805 17495 7509 1554 16809 
6332 9747 6245 627 9962 5531 
6971 18124 10951 10869 12920 12194 
16016 3504 3339 4350 19505 18724 
12933 4351 8907 13779 16335 16701 
4009 8089 3396 15537 9879 8483 
9437 12357 16129 9971 6907 6015 
19695 2975 6295 11099 8141 3746 
2639 7738 4903 9607 16266 15125 
16678 5204 16164 259 8250 14672 
16853 3236 4617 14669 18070 17831 
7431 14510 12737 6364 5761 4930 
6281 1190 15870 13644 1759 4809 
1058 12563 6743 6645 7135 6103 
14559 755 5908 17650 19520 15851 
469 10937 12977 14444 1784 12783 
13389 19025 14509 843 7320 9153 
14483 576 13581 17019 694 9724 
15112 18787 7424 1918 18670 1474 
1168 10734 11110 11830 13662 14683 
10813 10190 9869 15283 690 4209 
19805 17972 2145 14899 15942 7381 
5956 12996 10607 3767 496 6936 
18172 13199 13620 19152 8822 15796 
4959 17853 74 5093 5679 10982 
10481 4819 1010 1902 9012 8712 
1416 10366 16321 17864 2007 17251 
4613 5330 19479 10911 1075 2121 
11466 16455 3558 7599 2418 2295 
11894 12252 10861 17507 16820 2846 
4738 440 361 12288 16512 19048 
12449 11670 11547 19658 13056 4886 
10074 12408 9877 12627 5140 7219 
13331 13312 3504 6383 4539 558 
9538 11266 9015 17508 14146 7805 
7478 797 3423 4289 11693 2522 
9920 2157 4260 10563 1079 1306 
8109 8923 12783 145 10990 11265 
2438 14122 17384 10593 9249 6534 
13696 3688 1462 9551 15237 17066 
6604 12622 10845 3530 8898 625 
11693 8012 7244 9865 18675 6791 
425 7684 18895 14587 1462 15892 
15526 17049 1518 8525 3201 4202 
11357 14820 620 9224 6998 1009 
2921 5182 8469 10785 14690 13226 
15257 2469 12775 19269 11274 9192 
9197 10956 19872 19160 8976 9061 
15934 12854 15515 7441 3476 1253 
6297 19263 19260 8120 2024 5851 
7166 19757 11419 15386 16918 3729 
15989 1967 17930 1329 15648 10404 
16310 18711 19592 9183 10457 19569 
9157 8306 16905 5681 2715 14436 
11235 14534 5093 1876 14798 16879 
18650 18255 2698 763 13452 5553 
5809 3416 11854 19344 16561 2736 
6801 11882 4430 3534 3312 16694 
10488 10570 16550 4539 18877 11629 
15004 19926 6140 6887 18539 2965 
11575 17701 18809 4069 8868 4871 
7190 15479 12462 4215 4829 14728 
4328 17730 9577 16325 74 5838 
17963 14069 18236 15719 7365 19220 
18970 16224 18644 18173 12525 10008 
9037 18191 13132 11282 12315 17051 
11018 10152 18485 2484 13004 4683 
15423 3377 5731 7565 4590 11059 
10526 13128 4856 4090 11810 5598 
741 12794 19054 9478 19468 16979 
6999 19053 15180 2823 4916 13037 
5854 13616 9137 11500 18229 18929 
19009 4634 2624 628 6024 9825 
19163 14235 15839 7650 10444 8237 
13884 8726 8015 12937 2619 10109 
6942 8669 17468 196 12007 9868 
16696 5148 5961 17879 15254 6738 
8489 2965 2046 2712 6531 964 
9811 281 12815 12619 12412 5092 
2621 6988 15407 18855 8513 5035 
8971 149 4771 15915 6967 17058 
16627 6040 6136 12041 12901 5631 
17730 4750 18056 3871 8824 15041 
10640 18849 6819 3973 18180 7240 
16506 16457 8343 2410 14175 12062 
5013 7498 17646 5253 31 14332 
9756 4435 10593 2616 5940 12229 
19547 13199 8981 6551 11411 12142 
12837 6694 8117 3089 5151 1943 
11716 18287 7277 5668 2106 11157 
15731 8891 14648 1633 274 1969 
16906 9175 12431 1867 16877 12760 
12562 9553 19541 9320 12930 19508 
19372 12665 12333 15501 6 11493 
13690 932 5169 2518 877 17543 
14272 7728 18707 525 8049 15715 
1780 1596 10130 2056 4501 4730 
4360 9225 4498 1794 8847 8694 
19378 298 2024 12447 19595 14990 
307 7246 12875 13194 5531 7590 
13669 15541 4083 5763 4031 8888 
19177 5447 4931 7700 19218 16340 
19527 12281 18987 6844 10127 171 
16752 12656 1619 12000 611 2850 
10130 19250 19888 14602 8732 16411 
17990 13088 7101 8823 7104 943 
3388 19557 14738 10400 5437 15479 
11975 8409 3860 16097 17773 6718 
19300 10226 2118 11982 9601 15602 
2304 14480 15439 2487 16972 8810 
750 19093 2948 8746 4987 11769 
12036 135 580 17526 9250 14196 
15966 7137 8817 10205 1858 6055 
9870 9012 12195 5411 15042 5432 
17959 15643 12228 19672 12627 879 
18220 12123 9800 11947 3979 2457 
2716 1962 8973 5200 2422 10082 
1408 16107 8348 14508 13120 813 
5487 9450 17127 6399 2596 4493 
8921 4876 16016 6337 17807 10127 
7073 11676 7862 18946 17062 13190 
765 18148 18731 3194 11523 17691 
2546 17053 5729 5668 9464 287 
5249 15623 14856 18799 5486 15205 
14397 2737 1673 10460 19855 2765 
9864 13624 18129 10746 8435 11435 
18835 3951 11752 16401 1245 11848 
4219 9850 8142 10582 7739 3151 
15179 8283 12289 13870 15993 4364 
4220 16175 11110 16761 6862 8070 
6425 9942 2508 11598 11523 2237 
7850 7114 12767 18225 13206 4331 
8300 12105 7046 10880 19421 18331 
19126 11320 18312 3341 16039 16173 
5104 15089 15639 1247 10872 588 
4936 1666 15487 15914 18868 8160 
11049 19754 18611 14170 16684 4923 
914 16626 7168 16923 17113 4199 
1619 7551 16384 5396 4900 8416 
1798 17459 18158 9133 16738 6565 
9082 3975 14799 5029 6309 4086 
6784 17663 13703 19165 14824 4742 
14366 3587 16016 10824 14640 19940 
1185 10821 13914 14229 218 9508 
4226 6761 15485 7862 8688 18735 
2276 6958 12412 8045 17059 1793 
3446 2133 17459 12277 4537 17475 
6395 3573 8247 17487 18409 10632 
16279 8479 19142 12407 15117 2746 
12149 10182 8733 11501 1806 19634 
18834 7530 12609 1062 2963 2494 
1334 17631 19851 10139 16957 18131 
19764 10181 5492 5296 14235 12171 
6093 5725 12547 19309 2342 18762 
220 11561 3888 16501 19263 7959 
3275 5133 16639 2892 12460 12903 
12912 1815 7428 1226 13145 11775 
3560 1471 14603 10153 9068 12460 
15928 13536 4724 328 16810 8096 
2681 8652 13699 10984 5638 6018 
4148 17726 4998 13740 6648 13778 
12860 13319 8558 18772 5064 3591 
5550 17640 1569 19803 16531 10777 
17882 5529 17974 19314 8489 19588 
14512 1223 19060 1951 14912 18420 
227 17248 17287 9905 10725 8128 
10874 19922 9054 8908 3294 7875 
14330 9680 18725 5403 5329 1955 
14553 4674 13493 16217 19067 3213 
1068 10738 865 4052 6728 8088 
11166 17833 11193 11556 11660 9695 
4354 10982 2844 4343 17437 18960 
7599 17766 2773 5814 15787 1215 
3621 3068 5118 18234 14636 679 
6482 17084 8533 10156 7822 8063 
2496 8114 8297 4868 16343 759 
19007 13388 9483 1244 7810 16652 
479 9888 228 6578 9994 16590 
5440 53 10461 8978 11757 4923 
4594 14943 15769 1185 10123 10237 
9967 17156 6241 15622 12760 16547 
15178 12696 3256 19034 6754 5124 
