235 4
8625 1377 17246 4445 
8677 17876 1345 11076 
11858 10757 3783 8717 
9815 15785 7794 1335 
8044 14065 2729 9437 
5122 18215 5200 4261 
9681 5868 13491 7981 
3418 2170 3304 19041 
16220 9289 457 14530 
11188 16431 18116 11713 
5557 8754 15361 11524 
6937 11528 12225 18458 
9239 19321 9138 16962 
7239 12691 6623 6449 
6107 16436 3386 18258 
9868 1574 1378 15198 
11983 355 17476 9104 
743 18851 8147 16991 
13980 6590 13928 10221 
9506 16776 8904 8401 
5772 12113 3897 16088 
15840 2788 13153 3094 
19953 7510 16554 14709 
13937 19413 3391 4029 
11353 14520 5987 9398 
11938 357 15906 15106 
16407 1939 14927 1807 
14392 19392 3748 5753 
3901 941 11417 3812 
2474 10688 1768 10287 
5138 17483 1674 8817 
8397 14583 13444 1 
7673 16707 11507 1268 
13834 12176 16525 14907 
4462 2472 15045 18014 
15587 5355 15177 2030 
2370 1067 1319 3987 
4605 234 3810 2017 
18232 18507 14869 9410 
9545 4895 14979 13240 
17907 9555 13011 4657 
17603 5048 13092 396 
7386 13885 15989 8589 
8953 4975 4350 12755 
4680 3881 18500 13438 
17953 5690 4804 3447 
15411 19443 1250 7534 
19265 1202 4217 1463 
1951 15840 8119 556 
5006 14273 8426 9388 
16269 10214 17163 17166 
15452 18501 10225 5161 
1934 10667 18219 1336 
14723 18025 13048 6239 
9125 9519 16709 14729 
3781 7783 708 5273 
17183 15416 5010 18056 
6522 11258 10924 14048 
16708 9361 6409 6057 
770 9732 10318 13106 
13930 6145 19412 1938 
13943 7253 3996 1409 
8473 1848 14540 5755 
15902 19340 7052 8745 
7758 3847 3489 19877 
13241 8018 14760 2202 
11582 5601 19261 10883 
5672 16197 19 1034 
12564 9502 4679 1070 
6321 17467 5905 9709 
11956 14770 1266 16975 
3130 7056 6403 8631 
12952 379 18837 17562 
15671 12294 5607 6612 
1227 18726 19808 1643 
19168 12462 1103 9479 
13983 11638 17585 7331 
8614 10622 16699 2638 
18153 4882 5476 6757 
980 9393 18888 8920 
7945 5474 1702 9447 
15039 4296 287 12295 
5577 12182 9901 15966 
13598 8914 2215 5680 
12741 15223 12658 8309 
18113 18039 7273 870 
949 15202 5867 9372 
15493 18938 13018 11880 
7416 19355 14439 4777 
19771 7070 9167 1674 
16684 17648 16860 17730 
12461 19948 13570 690 
12622 1363 9113 2613 
11712 6172 12104 1013 
14204 12380 8652 9404 
18213 3270 9179 3174 
14245 16179 2559 7971 
3425 11616 12921 6677 
13418 11765 13159 368 
7633 16170 19796 8710 
15737 4517 16226 14971 
18857 1496 14813 9213 
1517 1813 2635 8356 
3889 15683 3470 4037 
16429 14289 672 18483 
10400 11586 10218 18549 
16800 13681 16631 3825 
17753 9718 13811 13485 
14133 15971 12626 10753 
3394 14344 4902 8412 
9382 9 12460 19792 
7315 11837 12037 891 
1306 12439 6387 2199 
4629 2776 13289 18206 
10324 8146 11401 13691 
19128 17835 7601 6294 
752 12956 187 2489 
4886 2755 14276 19268 
19417 18095 6785 19126 
4509 9524 19297 15602 
7700 3986 333 5812 
4785 7557 7137 6682 
11349 2197 9604 12958 
4717 12167 6218 12654 
7763 8084 17639 4188 
7584 17971 11084 7747 
10578 3942 5170 7167 
9906 17258 10835 13861 
45 1076 2800 7331 
2514 11861 5309 9010 
19705 597 14945 4423 
8636 2999 5855 5530 
11486 19067 10060 18231 
16288 14802 4028 620 
5788 17079 16919 11533 
16421 14589 9255 11399 
4739 15335 6150 4517 
12613 7243 9287 18014 
18784 2874 2940 2418 
2256 19438 5538 5159 
8220 15087 18593 10934 
18751 14740 17746 14484 
15404 14909 958 7587 
3375 14827 6083 7877 
226 5362 970 14697 
14378 484 16981 19151 
11880 536 10207 4192 
15634 9495 16278 676 
1229 16162 14849 2337 
7955 5259 18765 674 
5851 8327 16579 13928 
6425 19576 3144 11691 
13920 7703 9920 14737 
60 19750 10240 12283 
8198 17488 5530 15814 
3920 14736 19386 15046 
12921 9963 13057 2226 
2310 2612 8673 8959 
9229 8740 17476 16129 
1905 4678 18861 9731 
8173 3913 14405 10173 
13207 3552 10022 10175 
3455 5053 4837 2240 
18864 8214 19504 10245 
10836 1273 11712 4019 
15556 1245 16168 2042 
18521 1639 13845 8032 
8544 6878 13707 5541 
6941 8786 7980 8669 
6100 2714 13861 14716 
12298 9654 14729 19112 
16352 15633 1911 14158 
934 13663 13696 18214 
11357 11 1523 14600 
7268 12070 15963 9330 
19363 2849 596 8116 
873 4955 6774 17147 
2117 12479 16209 13670 
9464 8230 306 14303 
1479 10264 2456 8844 
14411 8244 11953 16903 
6854 16014 6152 14465 
965 3371 10095 9665 
5886 18049 5594 8542 
18802 14078 527 3388 
17308 13906 14953 15290 
3964 7902 6357 2530 
11615 17886 207 18909 
4275 15708 3459 13290 
5725 19085 10656 17057 
3712 18628 19615 16170 
15946 10074 1307 6718 
4302 14696 7289 19519 
14470 4701 1597 19273 
19328 8378 17962 8304 
5389 4573 19985 7513 
14487 12600 6115 6120 
5297 3721 12581 7963 
14448 16785 12671 9476 
8396 13493 10154 10329 
6488 2761 13205 7002 
13297 18033 8751 8776 
13545 11966 15503 9745 
1809 17674 2840 9676 
4228 245 10822 15393 
1034 13666 14757 15097 
8581 7501 11164 19140 
2398 17393 9960 7482 
16064 14861 7358 56 
8995 142 5894 5617 
2745 14524 803 9402 
8668 10024 11959 2576 
11150 19081 5265 14156 
11068 19063 14817 15421 
7202 8380 5076 11763 
12236 19657 5298 5509 
10834 7897 12644 9924 
12642 16492 8406 11914 
10164 2860 9900 7114 
8155 1909 16725 18250 
9272 3452 3131 16542 
6523 6428 7391 9449 
5656 3705 3878 3690 
4333 3296 11901 6137 
3060 3507 14316 2647 
13008 11143 16754 9529 
15704 19775 3649 9812 
18246 6513 9121 18616 
6815 8016 9007 18601 
15822 19764 12324 5875 
11942 1281 7060 2923 
4801 399 416 15926 
2688 17136 14590 3431 
1535 16826 10620 1622 
14323 8036 3502 14918 
