362 3
243 1501 18340 
14754 19366 1408 
14380 18578 19108 
19299 5887 647 
9792 7833 14074 
2989 14240 1256 
15412 2398 19325 
12141 18813 59 
6202 6899 17209 
2366 15584 19575 
14716 8056 18995 
6036 18320 1849 
2507 2742 19177 
17108 1622 12243 
17575 4728 17264 
5935 9379 5528 
15500 7992 19919 
18063 8807 10717 
5811 14851 1997 
17476 5595 9407 
13470 15021 14645 
3591 1895 3907 
12445 9057 15970 
5539 11303 10011 
3319 6447 13570 
18874 3676 18706 
6296 10515 9080 
798 15753 4363 
3125 18230 19206 
19806 16354 15279 
12934 3043 19448 
1258 14153 4292 
14336 19968 19711 
10709 16403 13990 
11827 1370 8948 
4009 16867 2126 
15886 2387 15042 
9748 4565 7496 
19903 10141 3647 
19487 16769 5877 
7776 11002 17814 
13398 10273 3527 
7038 14306 14306 
5853 5333 7525 
17710 18986 418 
17234 2840 6643 
16895 17764 4306 
18936 19711 6909 
13294 3055 4982 
8889 12429 10410 
9658 3963 9888 
1904 14594 6314 
17745 17770 15584 
16410 8293 16930 
11829 7488 15354 
6470 718 14528 
9780 372 16290 
9230 16037 1069 
14537 16172 14737 
94 3177 8856 
6061 12485 5578 
18529 17244 9815 
3267 18032 15887 
5800 15625 7063 
17758 16581 8101 
8318 7993 9715 
11414 12654 12252 
14935 13576 10308 
14531 16234 37 
149 2580 9851 
420 17443 11851 
7990 19007 16644 
16745 8511 9245 
6986 14584 6747 
782 18721 3178 
3420 12307 2262 
13233 6952 3340 
12433 4587 14459 
12443 13218 7637 
7915 9365 4626 
12394 4068 805 
327 1677 1434 
10324 6051 4477 
12295 15430 13021 
13515 12214 4339 
10521 15286 4766 
19667 3869 16974 
8499 18498 2979 
13407 17684 12290 
515 17740 8311 
1359 7350 15548 
4887 16702 14177 
10794 1126 7046 
7718 781 7498 
14878 2975 18476 
6091 7480 13707 
18260 806 16496 
5763 1990 7765 
12216 2879 19952 
6638 1406 2838 
4599 7662 1582 
14425 14786 11259 
9387 9401 5256 
1834 15492 6214 
4038 11707 9599 
12683 5208 17707 
15168 6282 11890 
10862 9261 70 
5123 10164 2904 
7484 15777 14044 
18042 11749 13547 
16138 10301 12559 
15007 4556 5701 
19963 10964 2215 
2015 16690 6079 
10306 2980 11377 
15470 7509 15916 
17255 9633 15110 
19380 4096 4164 
1804 11702 690 
1660 16022 6740 
16132 7155 17452 
6212 19604 19827 
13722 10102 5922 
2216 17371 12784 
9203 5800 6486 
8658 5582 6704 
4073 9853 1172 
9930 13687 847 
1170 11670 2396 
9582 7661 3944 
14695 10885 2052 
13550 4063 15697 
7366 11909 2373 
4329 10910 19489 
636 7303 6132 
5476 9897 4179 
8824 3845 19095 
14908 9667 18278 
16694 10580 19962 
9673 17746 16214 
6405 9442 584 
17261 6191 16703 
10713 19896 8483 
1811 9556 6732 
19339 6500 7587 
18474 4436 15140 
5774 18998 8922 
12618 16637 4024 
5802 19319 17524 
17638 6666 1640 
5999 5377 6622 
3020 15983 10848 
8421 10584 12893 
19452 5522 15655 
18693 3140 16761 
10423 10767 8213 
10833 5052 11810 
14454 12850 9452 
14751 15129 1324 
14300 15275 7203 
209 10911 10919 
12121 6050 14335 
14574 19169 8776 
10710 7872 16625 
3270 6047 17424 
5211 10503 17382 
15772 4683 16927 
18775 7119 14254 
15327 7090 7897 
18954 17414 5454 
8275 18572 568 
10880 1444 1277 
11376 5360 13010 
18109 4411 11627 
9847 16523 844 
19634 12238 14845 
8350 6695 18926 
18223 8228 4745 
17682 15880 8416 
16563 12558 18851 
1645 11297 4846 
2713 18952 16109 
3362 15422 19286 
5989 4655 17452 
19739 748 13103 
12241 2372 10374 
14658 2353 19980 
1014 9664 15043 
1807 10341 13565 
5307 3286 10633 
12065 10097 18704 
11765 7358 19014 
8659 2877 15274 
8715 15994 19068 
10493 11046 8942 
19055 5063 5914 
15340 18277 7696 
15464 13548 6535 
15966 481 14104 
19063 7664 11024 
4244 1001 19311 
3977 4056 10611 
8017 9773 17297 
10719 15743 363 
18803 5641 16680 
10123 6198 8060 
7340 18342 19421 
7365 6964 11591 
4850 17869 5253 
1764 13198 5746 
2028 15705 7721 
10554 6381 16430 
8415 1397 1399 
11050 4795 18671 
9248 18565 9367 
12397 16098 8308 
14987 2326 16456 
9855 11947 5670 
6000 3797 17592 
1420 16735 19468 
7003 15926 12370 
3500 10371 4288 
11415 5488 19957 
5365 15255 8766 
16703 12518 14793 
4204 18680 14516 
4886 18727 4829 
5526 8061 7587 
3656 5223 10515 
5278 8201 3566 
10630 1600 19907 
1529 4824 10734 
614 19217 10371 
2061 751 17885 
2457 17913 1193 
881 576 17177 
240 2200 17213 
17902 14245 8725 
6950 6757 2903 
5786 8323 11930 
19328 8915 5281 
8855 19038 9727 
10467 7186 13300 
16371 19271 4313 
6867 3708 3210 
9155 15739 14552 
18905 18119 19564 
57 19993 1238 
19747 9854 16396 
4621 12794 11771 
3341 4549 19432 
8749 4632 9852 
11660 6559 17289 
7461 2505 3623 
16180 11602 7186 
3680 10525 4788 
8354 17005 3099 
4558 7805 6081 
9680 5625 9110 
871 18197 11029 
10207 12789 19453 
2009 6777 17408 
10217 10456 1292 
8596 15806 13986 
1375 16685 16452 
12726 2074 5716 
6660 9504 15285 
19747 19296 15871 
2980 4423 2058 
5809 12029 11441 
6581 3857 15700 
4960 367 5897 
18208 5906 3283 
1855 14878 4920 
1176 17584 1482 
2019 16933 12200 
14303 3277 8773 
764 2905 13004 
10100 5612 11373 
4025 15871 9362 
377 19559 466 
4689 5782 13311 
14590 10479 9245 
17627 1643 11124 
4021 18418 7970 
19963 7113 2540 
8395 15784 4923 
858 11165 8934 
7614 5525 11242 
18014 5697 180 
14048 19037 9383 
16032 16830 19342 
16861 17319 13330 
19857 13241 19004 
16818 14778 8679 
12434 14736 13591 
18677 797 8256 
10001 15802 2450 
15546 19260 8751 
14684 15933 19805 
13664 7340 8249 
10680 992 2767 
1760 15064 19927 
15919 2127 15374 
6881 658 2558 
16562 18194 13862 
7549 5813 19868 
14069 4405 14998 
2296 17275 5598 
13108 1934 277 
12168 12396 1326 
3072 17264 19561 
1316 7527 16682 
9381 13552 4407 
19635 8633 12283 
17430 15256 6877 
11644 16832 8349 
8462 2987 9252 
18371 16053 3912 
4708 8346 8076 
14355 17507 1643 
10314 1252 13728 
214 16647 2603 
13581 11000 7464 
14566 5966 2820 
19221 508 19521 
15084 16964 3576 
8738 5631 1143 
15494 6684 18494 
13741 18171 18300 
19400 17243 12545 
7846 3185 16766 
5017 305 6304 
13500 17162 4443 
13090 6471 17606 
5445 1737 16261 
2309 19409 17391 
4768 6447 14737 
4688 11506 1451 
12951 1584 5794 
3371 14215 10736 
11013 13743 8261 
1908 12249 5129 
17176 937 15536 
8809 13175 5766 
1321 2665 10501 
4978 18196 14018 
2652 5301 11780 
2238 12206 9632 
17235 19565 18854 
3156 12236 8394 
12425 15668 17836 
7413 8952 2311 
8655 6751 10768 
18392 953 5422 
14122 6457 16033 
16003 10410 18923 
12705 19372 231 
4175 9327 14611 
17483 18078 431 
378 17291 10506 
