22 5
15932 15358 17377 15467 781 
15058 14862 17431 10670 3219 
725 1791 7549 13586 12163 
3160 13147 12403 18570 6495 
18652 2472 2544 10662 1391 
2527 16129 2025 8591 3139 
16756 14081 17372 10884 5159 
3297 19832 5513 18755 7963 
15777 19442 9284 5911 18840 
16008 15690 3352 17723 2962 
16728 7901 7566 18297 12183 
14851 12290 19423 6426 3019 
10221 16854 14184 15288 11539 
13006 17112 1854 16851 5281 
19423 14921 18324 5386 7246 
1266 17540 4077 2028 14895 
15648 14879 11959 2995 9986 
19153 18525 1865 17437 14777 
12323 14659 19317 18140 2866 
6289 9562 2692 2027 17680 
13932 14062 16590 5143 7925 
12385 14165 7264 13202 7458 
