33 4
19092 3167 3370 5775 
15892 2484 15859 7596 
14679 4063 15707 2430 
7500 1411 16963 19706 
10401 7523 9960 3234 
4809 1819 3827 18659 
2769 5225 15836 18892 
15112 17707 15591 5915 
14985 8657 7843 7713 
17702 10826 13332 17318 
10899 9423 12030 9178 
1273 16971 9733 11767 
19605 6591 12961 18180 
6369 8399 14334 14287 
9321 19523 3078 6056 
19378 3509 16805 5739 
8995 8076 1739 18138 
3053 5218 14964 5598 
7556 7261 15008 12378 
6973 18743 16128 157 
4862 1813 12889 18228 
5052 6045 11827 8587 
15143 7593 9040 15080 
17603 5770 15435 2949 
10509 19902 3696 17553 
16174 18328 3829 1206 
15419 12593 4128 12562 
15963 12318 4512 18562 
15283 4888 9659 18164 
9695 78 5669 7239 
5516 8171 17416 18232 
267 2668 5913 4867 
4167 18660 4161 7663 
