226 6
7671 8502 15868 16682 11939 16575 
19656 13336 7998 19145 3941 10474 
510 14760 9053 9078 15460 19866 
2653 19902 17561 18021 6383 3032 
17902 2277 18750 6930 9975 6455 
19384 7760 9059 17962 876 1655 
17063 2630 3591 6278 16359 5659 
8834 17186 4035 17710 16550 8072 
8406 1451 12755 16314 6214 5938 
7820 14766 4427 13188 11307 2416 
1881 18761 2163 18856 12157 18250 
14983 17085 286 15343 3401 3286 
9189 18841 578 19388 1035 12489 
16594 11643 8572 7693 10930 9070 
8471 1105 9584 16480 18789 9819 
18202 17767 10665 118 12413 1954 
933 2740 16784 4460 12756 13020 
16128 7977 14854 4388 18303 3209 
16934 11343 10546 15682 5902 12074 
14737 9125 6694 19785 16193 8360 
18117 8258 4189 9820 12279 18673 
1325 19744 17059 19931 5867 4593 
12085 3990 11669 7388 12117 19716 
19857 19442 5153 18481 10947 6164 
13746 15973 14506 3101 14303 12045 
17869 12673 9152 10112 4324 13184 
11750 6534 4769 11547 7471 8571 
3650 15612 3868 18555 13276 9644 
12791 12344 11196 17449 5971 9576 
6888 16547 5155 18063 16000 3259 
19058 10898 3949 2426 18243 1110 
15737 5979 6650 9416 19640 1814 
18669 16622 6411 4289 12101 11324 
14789 8131 9521 19762 11456 4068 
12115 2764 7547 15362 17726 14195 
8113 18507 12619 12598 6228 18805 
11371 12270 2842 18990 18797 5667 
5471 17315 14912 15065 2549 15050 
6857 2506 7547 6482 4097 15419 
10513 1409 925 7339 5644 5117 
3746 135 9199 7976 11152 13404 
9237 12318 12017 17471 10106 19237 
17099 18196 16409 11974 3123 10843 
10095 2010 18701 6962 4191 14138 
19562 17651 315 9448 18751 15896 
19345 6008 16074 3677 14350 8602 
13763 14564 10086 10868 2733 1925 
9296 4492 9040 15527 786 13122 
218 2019 15150 2453 17289 10649 
20 6828 12531 8152 17748 5226 
9720 17371 3666 13809 14307 18541 
10865 10876 2304 10596 3355 6280 
13703 10575 5701 18976 8413 6905 
16840 6289 1375 4391 2700 13668 
575 15804 16209 7126 16660 859 
3404 14141 8370 3063 12009 14301 
440 9390 11195 5898 16053 83 
8014 13829 7314 19742 8335 5718 
19448 3129 16303 1070 7931 7301 
11668 15045 7480 11816 18347 8128 
6512 17690 9510 12490 12098 15932 
18437 12655 2578 10299 2233 2968 
7144 7958 18596 16157 7774 19952 
14106 13656 19705 12681 10867 13699 
17137 16718 3112 14736 8303 7527 
14984 5133 17455 7775 2403 16598 
19317 9597 10674 8108 13977 4520 
1875 14598 2573 5791 18920 14112 
592 12081 12050 17222 3328 14683 
12921 16622 18373 531 8990 15310 
6658 3750 2023 19284 2118 495 
2707 18011 1084 2637 13626 5353 
441 14594 17094 11183 7552 14536 
5536 1254 5723 19192 9831 18463 
10597 15769 2513 7484 6695 7534 
1926 5073 945 10390 16511 15359 
9234 16771 8684 3472 2129 5866 
3929 6282 14711 18439 3647 6292 
16312 3179 19584 5038 6894 17189 
18661 10076 14485 16724 18675 9365 
12872 16885 15401 11819 10973 8780 
6986 3746 94 10724 7334 18291 
6593 9172 11032 2930 15989 716 
13365 9068 3070 10541 16557 16487 
11902 4938 13275 12756 859 9384 
9 6979 1202 6315 2463 6396 
8418 8325 10169 19261 3844 13730 
12652 19146 3585 256 4289 8027 
11714 13252 8597 9620 6751 601 
9712 12080 2604 10086 11133 12565 
12521 8105 3178 18545 9022 17068 
3835 515 4214 13169 8652 19608 
17216 6663 10542 10380 13325 17591 
13059 14305 2125 15593 9679 15984 
16579 10728 5737 18655 13592 2507 
9050 1346 19116 10947 14470 9515 
1755 10451 18357 402 15096 387 
7564 11444 5075 16728 19770 10190 
10824 5188 8869 13913 11883 17566 
17249 16931 13288 18681 18564 5691 
18317 18263 10411 742 15960 13981 
3315 11119 4227 14353 19922 18496 
13008 15699 19586 12269 5952 14462 
3804 14706 1565 2891 6983 18231 
1839 6052 12788 5288 19159 3743 
11565 18699 12643 15049 8906 5528 
19872 17453 18853 7253 14261 10162 
14664 19105 12935 13660 17260 5855 
11215 3292 4159 17353 483 19217 
11148 17942 12985 1323 8947 3938 
8595 548 1800 11251 4132 7908 
13406 4017 15406 18671 16563 15991 
5274 9580 18197 18709 18040 16796 
17289 14599 16441 15046 12360 6635 
8337 5457 1861 10446 17919 19706 
16580 5174 16921 12364 5571 11790 
11616 11559 11839 11545 8576 1180 
1132 112 11147 9346 8392 14839 
964 1029 15104 14661 18743 12532 
7522 4089 10299 10291 12193 15384 
1998 16601 130 5889 12315 12920 
7278 15338 661 2325 17302 16128 
4904 15039 1989 14318 11391 7005 
18042 967 2552 19179 15215 8000 
1895 3482 2293 11913 16951 18143 
13196 9486 9172 6959 3753 13300 
4074 2399 9187 5451 2598 354 
4813 11925 9929 11228 15878 18804 
2952 12670 19734 13393 6157 11364 
8575 1348 11369 14823 15041 19580 
19996 8501 15102 7364 7788 4216 
5373 15156 14253 18665 2397 1527 
15527 3530 1184 17165 16061 19329 
12383 10097 16519 10428 14920 4706 
11866 5068 19787 11786 5004 16823 
16751 13354 6773 7482 9298 2718 
16517 3441 17928 7862 12920 7126 
15724 10420 6211 7013 7699 19391 
6069 4529 9691 11459 18745 4015 
6935 5894 13859 18167 4909 7505 
11010 15581 10162 4964 14957 7841 
3896 10117 10473 12700 8428 16431 
2318 19199 12977 6289 18386 2145 
13471 1799 3329 16769 19739 10935 
8719 1512 11103 12201 17400 13382 
13279 9949 16248 19811 18162 634 
1787 4452 1969 17585 2415 12029 
15972 15309 2340 6296 5961 8583 
3202 13504 2527 11373 10279 7121 
2739 4766 10814 19672 17031 16852 
7030 12302 15129 2331 2512 7882 
13623 5342 5724 15045 679 9945 
5034 1956 3153 11243 16119 11094 
7767 18879 15477 15629 8268 12294 
11178 15548 17918 19445 5099 597 
184 12087 18544 10754 2462 17606 
12551 13171 8893 3198 1985 10522 
15823 3581 7441 6012 384 5598 
19696 13324 15476 11179 18809 12387 
17881 6516 15193 455 7994 725 
19338 19701 3649 9179 11876 965 
2928 15155 15081 11108 15771 4020 
9277 4622 4017 12252 10276 3064 
7949 10277 15640 7067 5141 4791 
6160 1515 8176 8106 1783 11349 
13126 12026 17898 11135 13108 3951 
2286 19123 17917 15251 10191 16824 
12693 5581 18864 12551 462 10714 
9529 10683 19200 963 9142 18372 
15237 14381 13681 18017 1075 9095 
3535 12709 15943 10748 3197 18131 
10535 15383 19126 7100 12757 7073 
7656 16187 19637 9393 4803 5800 
11077 16753 7830 1272 11149 3545 
11830 266 14143 19505 16035 19483 
3636 1195 18058 7908 14181 16365 
17951 9066 10001 13394 14061 4134 
3586 8976 6688 12963 8194 16770 
4971 1934 16919 7427 507 5585 
5679 9546 18171 10153 11322 3728 
6997 2219 8778 13757 7300 8636 
16853 6882 12383 11336 5476 19901 
11297 3222 17066 221 2153 10293 
16404 15774 2651 3728 16381 7760 
9162 9278 11632 13816 10567 17575 
6959 6337 14648 18027 5670 2898 
981 18460 19372 7206 2843 10517 
18861 3488 14390 1988 6431 16909 
16514 8519 6860 19558 18597 11300 
1776 4479 14501 17315 16124 9153 
7820 5811 532 12505 13513 15755 
4279 4043 2449 12319 12136 14922 
15774 18909 15829 17380 13994 15615 
2533 15279 6629 14679 4248 2136 
14357 15064 356 15101 8225 18636 
7120 9636 17776 3722 10120 65 
253 16452 956 12040 13735 12892 
13023 19194 5301 15955 1180 641 
17762 12967 19329 16413 1513 15738 
7142 9356 17551 1464 14489 9733 
11831 5267 8762 14279 13652 9558 
12376 15973 12129 3964 2112 3740 
8711 15378 17707 10637 8609 16405 
12694 9172 8443 17836 6810 9324 
8434 10581 11967 2455 2283 7635 
1507 17610 12024 6447 11789 17562 
9351 5600 5839 18870 16436 13040 
16626 3506 15817 2903 8604 12111 
19357 9602 2745 11984 5364 10492 
13834 358 936 14490 12447 18817 
12159 6659 7137 5584 19110 10300 
10423 534 2849 1341 10350 18756 
11704 15319 15155 14767 10311 11975 
5168 5543 6736 11178 9138 5845 
13861 4950 6043 2274 18315 13395 
4027 15759 907 10087 14242 16914 
12610 12533 8814 13142 5584 3057 
11306 12058 16133 6803 3329 17931 
6834 10053 15545 18458 8989 18559 
6618 6408 2194 6542 17672 18469 
8516 19108 4204 10173 12085 838 
6211 8456 19104 1218 8969 2783 
8843 17415 8670 271 1664 2325 
2404 16008 18849 14254 4747 15705 
10747 1150 11281 7198 4072 5038 
9136 15381 19568 3556 11236 14869 
