156 5
1318 18628 19956 8173 6980 
17826 17089 923 8306 3559 
12613 7705 7727 17678 5036 
19423 18459 13343 405 16198 
5642 15281 12900 6503 4327 
18980 10297 16529 1674 14034 
19765 6312 8637 13470 2659 
19103 9512 9402 18200 4083 
9282 17622 15819 9099 6985 
1263 4445 16172 15136 15371 
12664 3380 7617 13187 11895 
11113 146 10879 5827 13165 
12205 1341 14444 19246 11226 
18032 17896 4235 13482 6660 
13483 14066 9354 574 201 
497 17540 4762 14663 11658 
6385 8909 3822 10259 12918 
9994 12813 7578 7206 8617 
11993 2945 16641 10872 6807 
14557 14132 9454 9430 4279 
18098 18242 15209 4287 1380 
12568 15386 5765 19769 7212 
18948 6136 11479 14627 7302 
3612 7345 19956 13105 7888 
19190 1145 9299 3885 7772 
18140 3992 2526 12371 5320 
16802 7452 9683 9685 4323 
6396 15228 582 13531 11056 
15043 3041 13152 9652 3440 
3511 11405 11109 3746 16769 
9768 18938 14354 15140 2993 
19138 14289 15346 1973 12640 
12392 19708 12275 126 8202 
10751 5381 9961 14097 3227 
6690 4726 6573 5212 7166 
6695 3470 15334 14438 2626 
13720 18823 14651 9565 11857 
6790 19692 15612 6409 10075 
11007 14743 17698 7475 17546 
381 8951 5211 15250 18577 
733 16410 15764 14527 4797 
12951 14109 13608 8 274 
5641 11728 15482 13626 8863 
4431 7746 10483 19897 3542 
6925 4330 8555 15192 13973 
1859 8 10954 14617 8595 
18015 15510 7544 8178 1985 
12594 7748 14528 3393 5276 
8805 12138 19880 19695 4487 
9554 15481 14306 14477 12135 
1264 16089 250 16263 12376 
2504 18916 4552 8206 9916 
5228 5457 16686 14159 14541 
6040 12692 15780 7835 5623 
16539 17266 14781 511 8159 
16209 19941 104 523 8117 
6506 11443 15766 13957 6800 
910 666 11900 3702 7285 
9073 19237 2785 1638 10140 
10379 16836 12502 17490 1128 
3154 6730 16876 19425 15574 
13980 2966 3188 17290 15349 
7669 5881 17093 8155 1157 
15272 9907 2386 2868 16147 
16649 14113 2901 5721 9937 
4507 17924 5060 297 3189 
12168 17884 15507 11085 6571 
933 19187 8089 11991 4676 
7956 5606 5416 14242 4890 
6323 6191 2625 10096 3480 
16484 19031 15314 10506 6575 
5309 6424 3622 19948 10944 
8507 2667 16940 12444 10431 
10433 7320 9885 7301 13227 
3817 10139 14086 13473 1226 
7359 7064 18539 14321 16400 
8418 14654 15707 7633 13549 
5685 1283 6346 13317 5689 
8419 732 3938 6739 10394 
260 13242 15928 4122 11021 
12151 19904 13532 10492 13232 
7100 6449 10293 3850 12899 
16378 14066 3738 5075 9985 
13955 206 1559 6657 4718 
7762 13819 17124 7066 11324 
18671 15632 19045 7959 5428 
10306 10863 4378 5501 15197 
9888 10881 16673 14324 19254 
14642 17351 5432 5846 9894 
14019 3876 18137 10691 6050 
18166 14365 2695 11494 4680 
7834 9399 2680 17900 7004 
4588 13145 13566 16537 3818 
7712 3173 18001 1838 13838 
10856 11170 6281 4367 303 
13346 4979 2130 11296 962 
6722 9280 7614 18134 17122 
13474 7622 15019 128 14827 
1366 1612 18477 10243 10366 
17791 16037 4730 4604 7380 
16910 14047 6357 14746 1598 
19897 5648 15392 994 12545 
8511 8982 16595 14414 10871 
931 15048 13407 1553 10369 
1132 17556 2821 18801 7571 
3478 9135 2442 18232 2453 
2628 2782 5420 1159 12635 
18167 1932 1996 14400 1532 
1144 19387 17799 7728 10634 
11329 5034 15376 15597 9461 
16138 4928 1164 8761 6924 
19634 19468 9624 8273 18121 
6100 3203 8331 2817 605 
9762 16586 17622 7401 16059 
17599 17026 10285 6939 9127 
15892 14894 2590 14668 15949 
10165 13008 12772 8668 8119 
5496 8165 5071 18563 15130 
18402 9057 5319 622 15028 
10037 16921 14019 8938 2753 
15498 8941 10114 18091 11391 
12527 6375 16362 10103 11482 
9847 17190 9525 16638 14134 
12944 6746 10913 14594 11596 
7244 5836 11429 19244 14682 
11975 6862 9900 1081 10405 
14725 19128 13288 18342 7763 
6142 1212 14846 2563 2526 
5794 19535 9536 7089 2683 
6908 3165 14793 10353 10495 
4719 1221 7436 6190 14327 
13133 5958 6435 1344 14344 
11702 10813 8432 19112 10124 
18953 16869 7942 299 14706 
2496 1566 9338 15258 6704 
18649 3034 3528 11912 17841 
11611 19152 15026 3662 17238 
19109 2275 9985 18109 11597 
12765 16856 13051 13737 8956 
1570 1555 10660 13238 18081 
9014 14158 5483 390 178 
14320 11816 4832 10543 4212 
17561 14343 5582 13412 3691 
7967 13957 8620 3519 1893 
14130 8545 12742 10791 16710 
9792 10593 4260 10376 4656 
12394 1589 10191 15089 10618 
10205 16160 17142 811 15340 
10079 18315 8616 13457 449 
14595 6700 8208 14831 1877 
12898 14924 17521 5946 18844 
10906 3548 19356 9079 7342 
499 12295 11090 17193 1395 
8875 10048 7789 11780 9680 
8509 9085 18238 9141 7792 
12519 1510 15044 11380 6368 
