129 4
3282 10031 14318 14090 
11578 9237 11344 11254 
11708 2842 16231 340 
10179 15615 19704 11318 
7459 15182 14391 8751 
17777 2186 2752 13260 
1304 3196 8797 10118 
5533 7119 10419 7382 
14594 16514 2637 5793 
7053 8778 6071 18348 
4970 1438 5232 17258 
11150 12878 367 11754 
7586 18915 18524 5559 
5568 16922 3956 14082 
19269 8318 5694 18383 
18034 9292 5289 1419 
9817 4867 13391 15247 
17107 144 5975 18247 
7352 19882 9700 11618 
5116 5234 14896 8497 
3869 2238 7306 15664 
9715 68 17463 985 
14985 16665 7900 14522 
13646 15277 8844 11981 
14379 11951 1773 15832 
4331 18954 2200 7226 
15518 3523 898 7516 
19273 7298 6697 6034 
15643 3995 17584 16956 
10227 12944 9941 13128 
1190 12504 19108 8394 
14871 10000 6335 8627 
5691 19980 16048 9816 
14893 1298 16628 5201 
14814 14065 8447 2987 
16879 5774 16613 5578 
19474 11957 746 2467 
1570 11186 18106 2507 
2124 19630 278 751 
17160 10739 15199 14347 
14580 10357 15222 15999 
4488 19906 636 16637 
4599 6332 4373 7058 
9858 17308 5967 6284 
12905 6258 17810 2895 
3375 15351 16555 12027 
12925 2516 13491 15400 
17455 6165 8368 17828 
18539 14438 19900 9678 
1636 18901 4300 19805 
18954 6212 14343 9566 
6791 7117 7855 9450 
12076 19402 5140 18089 
10152 12720 19777 12506 
19086 17099 13150 17517 
15131 6127 1531 11115 
17027 8244 11132 19828 
17991 5844 10210 6491 
16135 12022 9662 19450 
11567 6439 932 4632 
7388 13949 16728 274 
15920 13642 10179 17355 
8011 19319 2773 6788 
11102 17835 5396 2252 
18064 19196 7554 12770 
2371 12891 16496 16945 
2856 15868 17055 14143 
18541 19869 13977 14601 
5614 1992 14458 4232 
17799 1802 11670 16935 
16485 7765 14060 7511 
82 11922 7608 8666 
4665 17924 15937 13430 
11646 6353 19863 14829 
11709 829 14452 5589 
19441 9000 5379 10427 
6793 1233 2314 7715 
6259 8167 7293 17946 
3811 3469 6819 3867 
15725 19528 14512 5103 
19358 14579 18124 3181 
2401 12142 14289 13749 
1653 15821 17128 371 
2343 9058 3814 16293 
16516 11496 14139 6826 
248 2597 15337 9098 
13921 17459 8074 12123 
97 19782 7862 14114 
17587 15768 17658 8492 
11273 6401 5006 13103 
12194 12755 8456 8404 
15646 7160 4754 15740 
6723 15058 17710 13382 
3020 15698 5861 8239 
17354 18927 3692 11153 
15639 4376 11386 1021 
5726 8892 4645 13454 
6933 12710 13169 15075 
7172 8345 6403 710 
18807 4800 4473 15720 
15150 19167 13775 12146 
10007 5970 16583 19729 
1828 10760 9842 10801 
5990 17948 16610 14909 
17948 1404 2468 1575 
9113 654 8984 215 
11198 2628 1855 3832 
15648 7361 13243 12296 
3505 12574 19839 1849 
5573 13712 11742 1312 
8872 4673 8284 12113 
14380 13761 2428 15783 
17401 17053 9069 18659 
16267 17340 5523 12386 
4139 1743 988 2090 
2573 17295 16916 8226 
2962 17638 8330 5795 
10602 18393 6027 12672 
12829 11878 5256 2253 
16689 19418 1770 5382 
1069 10681 6258 7957 
108 3265 94 7668 
12932 2563 18451 14792 
7641 532 19455 4169 
11262 17819 1792 19555 
2062 390 4395 17505 
17298 1802 7232 18666 
9551 688 12269 4713 
5847 13605 1194 9899 
