85 5
498 11565 13568 18714 3842 
926 16826 10896 19719 8878 
4118 5685 12977 17837 8913 
12257 1037 13533 19475 15568 
6796 5067 4694 7032 8561 
3704 17349 10131 11518 16526 
4848 15759 10716 3938 11812 
16586 6792 10527 15423 19791 
5340 11703 13978 3692 2865 
10339 13501 17095 16702 12137 
7692 9170 19398 12483 16268 
8621 9644 5261 16425 8070 
4839 5616 8391 10480 12612 
16556 11686 8853 16121 1943 
11064 11180 12338 2537 18838 
16057 10474 16415 16323 19530 
7315 19680 12081 14145 7550 
2188 1183 7612 18944 12156 
18938 7405 19222 291 17501 
11345 4699 15808 15365 5743 
4738 8853 15320 7060 12499 
5745 12949 14448 17049 127 
13801 15080 7586 18838 19024 
8756 11510 14808 1460 13377 
13215 2328 1914 15086 2351 
6724 17034 2687 1180 5353 
4291 12470 12405 9143 4650 
13487 3346 11108 7473 3897 
7577 910 4971 459 16023 
16397 7805 7297 18663 19044 
1018 14587 16567 5488 17445 
15537 15241 5158 14461 14731 
501 18817 773 5265 10155 
15519 15081 17714 5796 15882 
5187 2135 8821 11268 1726 
9574 9612 365 17881 7260 
10247 10168 1724 8456 19270 
18818 8642 14949 5231 7554 
778 14914 7597 5314 13251 
2057 10695 10376 8951 19046 
11750 10387 5680 18548 1471 
16147 19769 8928 17307 19029 
11822 12941 18027 11779 5894 
14728 4091 13461 14839 10867 
5461 19673 1556 16231 14227 
10794 5181 19232 13098 11522 
12375 2068 19653 4763 16612 
4242 4104 12793 4054 15636 
7818 146 11352 7866 873 
19722 19659 18605 2109 2331 
14880 1165 11506 15801 1913 
4117 7401 19445 12971 4311 
11308 2231 2119 15088 2722 
1861 16057 16817 6611 7976 
8218 10748 299 16858 10847 
7603 2684 14934 18084 17218 
11378 18243 13445 3023 16466 
7409 202 17712 18015 1408 
7916 14398 8738 839 7892 
2884 5014 11114 5946 4794 
10138 10102 17578 1377 4658 
14125 19335 14652 8090 17777 
16550 17578 12429 7383 10414 
7929 15280 6497 7724 913 
5258 16167 18600 7897 538 
14083 17833 4652 11452 3443 
1724 10227 8521 9715 10836 
17773 692 11024 5497 11563 
16940 8737 18085 3389 11041 
3247 11936 7621 9954 9480 
1660 1510 10569 19359 301 
11859 14089 5172 732 18661 
17799 335 3874 5184 15333 
4120 13334 12837 14171 7355 
12475 12622 3504 18169 840 
12681 7943 3653 7442 5897 
15706 7556 12474 1059 17129 
4081 5338 13912 326 8985 
7327 4623 9174 8036 18213 
17115 2325 6271 13564 14022 
17254 9391 15076 19201 16617 
15678 7390 5997 7871 5701 
18922 12270 17663 23 12644 
13713 13031 7246 17370 6586 
15355 11553 11163 2550 1917 
