327 6
18096 6326 230 1150 15598 19215 
6444 15004 1478 12220 19265 4924 
9123 19623 406 3674 5300 12543 
3743 16706 16653 10422 19664 7702 
12164 12420 1385 13138 9259 7130 
7327 609 17701 4320 13638 5576 
3025 10281 12539 9145 8022 17822 
8592 13876 1651 1990 12142 5727 
3422 15368 4002 7192 6448 3132 
5062 13261 16646 11593 18530 10342 
16394 417 10633 13793 10892 15700 
2826 18513 12004 1669 18671 14099 
19722 1421 3540 8244 3794 10431 
19397 14003 8714 1402 15069 18865 
10870 4420 8982 5390 16941 7990 
6991 2463 2072 8334 14407 3255 
15627 16491 15337 2125 1966 10770 
11454 8460 7389 13715 14327 2851 
14766 1029 7484 17894 7886 19108 
1007 15495 5323 19431 18830 8275 
13035 19036 13862 10789 16863 13682 
14390 13649 10719 7689 2982 11397 
209 11759 18104 7682 19605 2356 
14366 7526 18115 11478 13407 1397 
19117 18776 19579 8764 2560 19270 
16824 8838 11431 12298 17663 13785 
17888 2755 17252 2790 9423 13804 
7753 6348 9587 11609 14066 4658 
5072 9202 2898 1192 16970 1926 
15884 12649 12078 336 17584 16105 
19596 4508 6498 15234 287 8225 
8127 12126 9646 16244 3285 16544 
9098 16511 2402 5956 12347 16386 
19204 5443 6005 18730 8500 6649 
7349 12842 9089 15436 10832 10895 
16839 19800 16409 2500 5841 2789 
14770 10529 10169 2676 2474 9659 
11790 15875 4349 18454 15469 7270 
736 12754 11197 4634 5420 12985 
3870 7605 13292 18405 2067 14721 
14248 14834 8277 1872 13957 18552 
4038 17019 19228 3675 17864 78 
7376 603 18762 14779 2375 16273 
19544 6824 8301 14691 14396 3653 
6111 8665 18609 2248 9280 18102 
19704 4362 2536 19784 13771 12139 
13063 12812 589 4708 7608 3095 
2264 18817 8994 18885 17552 12350 
7494 7188 18498 1373 4290 15644 
504 3679 10343 3912 10841 18993 
2206 15322 1792 15974 17556 13662 
8549 10836 7317 16290 10529 9403 
14195 17759 12807 18162 9692 8342 
13329 15196 6702 13525 15690 778 
11124 807 18773 6254 13423 9011 
17987 12008 15137 3600 6187 7367 
6907 11761 3902 9811 2823 11843 
8697 15598 6228 13588 15376 439 
13264 6813 6435 3456 9665 614 
10753 14087 291 2380 10660 5351 
206 8952 1208 19626 6460 9685 
8835 14691 16901 9215 11032 1086 
13967 12682 13568 6180 15969 15367 
18729 15225 6641 12878 13483 4359 
10699 4234 4973 7601 8236 4000 
9752 9186 1766 6514 10957 14372 
12191 4041 14907 19262 8992 7499 
18981 10580 10252 10406 15651 5158 
700 880 17616 8725 12232 15305 
19170 9723 15821 15428 4996 2173 
6139 10040 18012 10502 13883 18309 
19874 10746 6380 12498 16199 14155 
4616 14555 16512 1386 4131 12346 
4166 10844 5840 14744 5445 19689 
7359 12731 11658 13354 19384 7714 
9351 3512 14466 9464 633 19505 
15875 9489 14605 11744 14546 7962 
16982 15679 3878 15443 2010 2429 
6758 17957 7350 14136 19331 12506 
11253 19152 16434 467 19880 11572 
10270 11679 9615 1829 1541 7920 
7717 16161 10908 13903 4069 12848 
14834 15612 14155 11404 490 15148 
1826 12862 1479 7021 11440 385 
6454 18144 11194 10634 3349 9764 
3054 19724 5626 7080 19271 14177 
4185 17756 15404 421 18092 3066 
3378 19937 970 2132 8908 6101 
4003 7096 14872 3322 9217 3738 
18052 15124 8494 1141 10060 19303 
3650 9346 3769 1319 19095 143 
16447 680 15483 19087 14151 17376 
16760 5821 10397 839 3649 19032 
2409 14726 12024 9732 8625 17081 
19412 7014 15505 14607 19204 328 
7882 8619 4012 1468 1413 9782 
19442 1417 3357 11731 10095 7384 
3828 13133 2443 14783 6895 5632 
1423 19347 19587 14694 12611 630 
1232 12963 554 3006 18306 922 
18830 14195 2983 10314 17305 4345 
17414 15666 15160 5495 4600 4052 
10014 4324 19338 6133 7550 4338 
14560 2313 11366 7960 4312 14954 
11205 15117 8170 18105 4676 13768 
9007 15114 12781 16032 18326 14198 
10685 2415 247 7441 11981 3906 
5012 7321 11271 1819 2725 15300 
15558 1230 14053 5749 2758 8462 
9972 15832 129 11445 14492 2680 
8507 11251 16594 6073 19477 16080 
7532 17124 4669 15772 5163 14755 
906 4514 10776 19979 16016 13171 
19782 6607 16104 19857 17928 10732 
9858 18276 12123 17045 17748 14064 
1002 15537 10376 2223 601 9787 
8902 3242 6065 17026 14965 2989 
16920 12072 15257 7674 11861 18442 
12634 735 348 16762 7621 16649 
8224 17900 17689 17163 16222 1836 
4986 7647 4695 5318 13710 1375 
12363 16524 2187 7512 7283 8806 
19887 11241 6422 4681 16961 2710 
13763 15088 1659 11272 12619 13936 
18588 13225 13694 14807 13289 10356 
5588 4830 7452 13950 3032 19498 
1080 2810 9482 14375 16987 19996 
7134 19187 11407 6674 12298 13945 
19878 18899 16281 4205 1278 5273 
12389 1489 2369 15609 14750 434 
1863 8187 4814 12209 19332 4618 
2321 11070 18828 4847 7106 12619 
8988 10041 8358 13817 7708 3375 
69 875 18856 1456 16759 4374 
7511 6303 7152 17713 12705 12024 
642 197 15096 5844 11450 8770 
18651 14333 12601 6987 16763 15500 
12019 19698 16121 13682 9343 14837 
13529 266 17697 17802 18648 14144 
19905 1005 119 17095 8649 11173 
10859 338 12029 8447 15087 8907 
9556 13060 8391 4122 19269 12229 
4819 9185 9338 7742 9425 17570 
2218 18953 4837 4386 16453 7815 
17289 17673 6229 560 6587 13990 
3547 14659 6037 303 1465 17772 
2935 16016 16549 9711 12353 19547 
2297 17822 4329 9850 1889 3749 
1035 7073 1718 15430 7920 6149 
14082 12831 15257 3719 16415 1213 
14205 18292 17046 17099 10800 5006 
17400 15237 11186 9340 16486 15738 
2453 1324 5824 18973 13841 10150 
17968 2629 6238 6584 19122 5444 
16694 6192 18654 4733 8609 1682 
18755 3946 19269 309 2951 14637 
8797 9856 4856 11197 6221 417 
14196 19819 10337 8244 13030 13082 
13527 6488 17332 8592 13394 19424 
7450 4301 6168 6338 8368 14963 
14182 13610 8533 6736 19297 3177 
3071 19229 1561 4044 6716 17189 
5016 16320 17080 12069 16122 5242 
15538 12475 512 728 3568 6292 
965 8416 15204 11741 15836 12892 
12413 15640 9002 15759 8871 3359 
15568 7044 11164 16015 6911 1882 
19355 19366 8047 9065 19992 12463 
1448 9732 3968 10624 13904 1953 
14834 9596 15221 12876 4223 7439 
1788 2874 19447 19596 3421 16895 
12930 3246 8972 5491 11542 13193 
8742 12233 12108 3755 6820 12695 
10858 17768 8643 13035 17794 12333 
12225 16768 24 4172 10626 13437 
4472 12607 9413 4854 7442 5914 
15217 6939 7061 13953 10969 7342 
7051 4615 2359 5839 12823 9161 
3298 13244 1944 18015 11021 13830 
10388 5572 15924 8252 11715 9324 
3972 6774 4976 12201 10904 10167 
17093 9251 7682 11834 693 12566 
3739 14033 12089 6388 1121 17531 
16253 18683 12175 14959 8321 7041 
2299 4019 10417 6673 6295 16337 
12485 5804 3121 18557 9621 17827 
18562 11783 10485 19600 16455 6027 
9114 5702 17892 11144 8536 15922 
1500 18679 853 15373 3732 11213 
5983 14357 9443 14232 19860 3992 
2859 2867 18151 16693 13323 3552 
3929 7153 179 16199 4660 13875 
18053 2216 8313 5008 8564 3488 
5567 17622 11914 10268 16321 8283 
16443 9797 1522 7875 2410 16550 
16581 16670 10040 7502 7878 2018 
9938 9208 19540 1586 10103 17371 
14184 17396 1207 10950 3353 8348 
6153 17274 11358 4766 4049 15178 
14262 15634 15382 5972 17008 296 
10712 8904 19254 5942 5328 14303 
18623 15483 5095 16012 9300 7788 
411 6088 18175 528 3401 9657 
244 5974 14789 10842 14752 2688 
14237 1653 11730 1277 18935 5083 
693 10103 19294 2377 9587 13508 
8230 5487 1847 4664 11561 5272 
5431 10016 17088 19824 19906 13966 
10603 15675 1287 12129 18675 17394 
16352 8170 10427 2643 19309 5019 
11176 19481 4437 10569 8578 7719 
5289 976 10658 17457 5442 9648 
13223 17451 8775 2605 11223 3835 
7705 19974 6154 1504 16171 4908 
535 4904 2884 7742 1826 18244 
10986 13251 2623 10577 19598 13035 
8722 16981 3421 15072 4217 1488 
6744 4186 16793 10536 1268 17753 
19006 5253 14804 8915 1289 16495 
9910 8478 8660 4961 15297 17925 
16677 8599 11656 1601 15935 13944 
7715 19701 15303 19796 19774 15092 
15730 5112 1971 11163 11036 4294 
14001 11310 412 5633 12596 13916 
4288 19156 17435 14414 6020 2810 
15990 3749 18960 5420 4954 7569 
6940 16123 7586 18756 19934 19377 
14531 3643 18127 15443 13453 18641 
18209 1609 7375 14827 8647 14686 
5866 5374 2744 8005 19198 15638 
17107 9815 3622 16538 11368 17591 
16432 16146 12263 12539 9282 14570 
1429 6973 12272 1798 19807 10437 
10009 15247 1758 10726 12954 4797 
15049 2595 833 12414 10224 12394 
16165 6124 8109 14665 7532 19630 
17644 5560 12325 3160 8657 15343 
1458 3215 5772 999 6755 1061 
596 15630 4725 4227 1901 12466 
19627 4938 18554 12640 5329 8091 
5397 13556 7508 12572 2985 8371 
14164 5072 17944 5776 6903 16681 
16197 11447 4412 8392 14873 18433 
10574 209 12522 7906 19519 1000 
15802 19168 7747 19620 7660 5346 
6628 1814 7295 3355 9295 2173 
17543 15334 14705 1054 7622 15673 
14686 5747 10939 292 16878 15729 
12901 14419 12984 771 1905 7429 
68 12099 19516 3655 5765 19547 
1925 1417 17453 14402 14347 10379 
18817 15142 15881 6497 19650 12489 
14537 13433 337 4235 10748 8650 
15515 12014 2550 15598 6351 7837 
5504 180 15727 13496 3164 15694 
17594 6566 12753 4573 2715 520 
4614 11572 9112 1390 3153 2479 
3122 11662 6665 2084 6051 19169 
10490 11132 19025 15169 1385 15192 
4715 5194 11943 7311 6526 11396 
8898 9182 3791 13217 75 660 
6804 9798 18006 17928 12175 12854 
1096 7502 17745 15866 12605 2623 
11202 14146 11467 6725 16978 11493 
16660 12457 16591 19281 17028 10371 
510 16304 12568 4992 8137 13256 
17052 15805 10523 5140 11062 6000 
5272 8680 12259 9896 11975 10361 
17845 15157 13925 19233 6587 18908 
19597 17952 9187 17635 17994 9981 
2205 3983 16371 14418 7677 18175 
12761 17859 19755 8345 1354 16312 
18370 15724 4742 13094 10313 6493 
7895 13997 16643 19708 2194 946 
637 584 4575 5052 7581 2370 
64 18419 17789 12274 8790 13636 
638 8243 19465 18130 7378 8468 
18133 6338 4636 18144 4185 11164 
2648 9748 13188 7246 14132 16948 
13470 6854 11349 1333 15760 16677 
10800 11980 14356 3197 10449 1942 
10816 1028 846 11601 12457 11013 
15878 18537 13293 1642 7405 17585 
7157 15081 2377 13956 13852 9972 
5524 8574 5263 7093 12537 8081 
14325 19419 9104 13161 4093 9973 
9183 427 2479 10734 19461 12554 
7345 4491 5769 6274 7613 5731 
17174 15585 6908 15812 1133 9399 
958 1798 13381 6633 17580 14602 
18857 6618 19421 13840 990 18901 
8291 14225 8753 4472 8144 9175 
15456 16969 14111 13569 18591 8629 
10546 12068 1163 17125 11090 18295 
17959 16865 15557 8981 9720 2739 
10904 14999 7904 17917 11370 12408 
16568 7817 10287 12699 5585 13050 
14481 12615 8985 8287 8323 5315 
8378 9914 16293 16316 8394 12610 
3431 17174 12535 7089 10563 7718 
10193 10024 10557 7939 5767 12350 
14922 18204 3180 4382 16125 10126 
398 9460 6559 13410 14251 7587 
19632 9975 3488 811 19220 774 
964 10180 11524 7883 16986 15173 
5222 7702 1389 8831 2049 16549 
3931 17999 7998 2469 5926 13468 
13293 11912 14929 697 864 12283 
19845 11420 11600 16134 10981 18324 
19661 13168 9218 18091 11107 15457 
8247 16471 7336 1974 15572 3191 
10123 18404 16084 10566 19668 5484 
8017 14526 11364 9638 16740 5497 
7026 13434 19151 10748 11959 6285 
14098 11194 16763 6831 10734 1999 
867 1938 1408 7929 6774 14006 
14524 11873 13267 2485 14962 13862 
7890 19217 146 15982 6628 11409 
720 2655 5614 11791 16874 231 
5412 17742 7267 19720 2382 5517 
17025 18952 4021 89 18996 11558 
13305 2986 18610 15259 9070 1186 
14367 11124 707 9240 10693 4414 
16745 15371 19597 17382 5796 16055 
7672 18832 19411 9798 5050 1240 
4180 2202 4552 9371 17452 16865 
14682 2165 9897 8626 6542 7415 
